File Path	chrom://nnfcb-l0286/ChromeleonLocal/metk/20171013_HMP_C61_metk.seq/799.smp/UV_VIS_2.channel/UV_VIS_2.chm
Channel	UV_VIS_2

Injection Information:
Data Vault	ChromeleonLocal
Injection	0,5 ug/ml ISO
Injection Number	83
Position	RC2
Comment	
Processing Method	HMP New ProcMethod
Instrument Method	HM_metode_ZorBax_0,02%_Acetic_acid_ver6
Type	Calibration Standard
Status	Finished
Injection Date	10/14/2017
Injection Time	6:20:12 AM
Injection Volume (µl)	1.000
Dilution Factor	1.0000
Weight	1.0000

Raw Data Information:
Time Min. (min)	0.000000
Time Max. (min)	11.000000
Data Points	3301
Detector	UV
Exporting Data System	Chromeleon 7.1.3.2425
Operator	
Signal Quantity	Absorbance
Signal Unit	mAU
Signal Min.	-1.006151
Signal Max.	44.913776
Channel	UV_VIS_2
Driver Name	DAD3000.dll
Channel Type	Evaluation
Min. Step (s)	0.200
Max. Step (s)	0.200
Average Step (s)	0.200

Signal Parameter Information:
Signal Info	WVL:280 nm

Raw Data:
Time (min)	Step (s)	Value (mAU)
0.000000	0.000	0.000000
0.003333	0.200	-0.002405
0.006667	0.200	-0.016751
0.010000	0.200	-0.054339
0.013333	0.200	-0.111306
0.016667	0.200	-0.165359
0.020000	0.200	-0.193848
0.023333	0.200	-0.189483
0.026667	0.200	-0.160574
0.030000	0.200	-0.122668
0.033333	0.200	-0.089724
0.036667	0.200	-0.068885
0.040000	0.200	-0.060337
0.043333	0.200	-0.060893
0.046667	0.200	-0.067281
0.050000	0.200	-0.077010
0.053333	0.200	-0.088347
0.056667	0.200	-0.100586
0.060000	0.200	-0.113871
0.063333	0.200	-0.128264
0.066667	0.200	-0.143028
0.070000	0.200	-0.156949
0.073333	0.200	-0.169292
0.076667	0.200	-0.180199
0.080000	0.200	-0.190202
0.083333	0.200	-0.199687
0.086667	0.200	-0.208860
0.090000	0.200	-0.217917
0.093333	0.200	-0.227142
0.096667	0.200	-0.236784
0.100000	0.200	-0.246767
0.103333	0.200	-0.256728
0.106667	0.200	-0.266224
0.110000	0.200	-0.274900
0.113333	0.200	-0.282748
0.116667	0.200	-0.290207
0.120000	0.200	-0.297781
0.123333	0.200	-0.305552
0.126667	0.200	-0.313618
0.130000	0.200	-0.322671
0.133333	0.200	-0.333168
0.136667	0.200	-0.344537
0.140000	0.200	-0.355708
0.143333	0.200	-0.365730
0.146667	0.200	-0.373961
0.150000	0.200	-0.380359
0.153333	0.200	-0.385502
0.156667	0.200	-0.390291
0.160000	0.200	-0.395687
0.163333	0.200	-0.402193
0.166667	0.200	-0.409502
0.170000	0.200	-0.417121
0.173333	0.200	-0.424999
0.176667	0.200	-0.433051
0.180000	0.200	-0.440471
0.183333	0.200	-0.446235
0.186667	0.200	-0.450338
0.190000	0.200	-0.453996
0.193333	0.200	-0.458555
0.196667	0.200	-0.464382
0.200000	0.200	-0.470750
0.203333	0.200	-0.476741
0.206667	0.200	-0.482101
0.210000	0.200	-0.487236
0.213333	0.200	-0.492668
0.216667	0.200	-0.498601
0.220000	0.200	-0.504939
0.223333	0.200	-0.511395
0.226667	0.200	-0.517420
0.230000	0.200	-0.522408
0.233333	0.200	-0.526211
0.236667	0.200	-0.529376
0.240000	0.200	-0.532844
0.243333	0.200	-0.537218
0.246667	0.200	-0.542330
0.250000	0.200	-0.547681
0.253333	0.200	-0.552982
0.256667	0.200	-0.558178
0.260000	0.200	-0.563105
0.263333	0.200	-0.567269
0.266667	0.200	-0.570352
0.270000	0.200	-0.572744
0.273333	0.200	-0.575207
0.276667	0.200	-0.578372
0.280000	0.200	-0.582619
0.283333	0.200	-0.587843
0.286667	0.200	-0.593343
0.290000	0.200	-0.598415
0.293333	0.200	-0.603009
0.296667	0.200	-0.607427
0.300000	0.200	-0.611604
0.303333	0.200	-0.615309
0.306667	0.200	-0.618863
0.310000	0.200	-0.623031
0.313333	0.200	-0.628243
0.316667	0.200	-0.634363
0.320000	0.200	-0.641117
0.323333	0.200	-0.648195
0.326667	0.200	-0.654993
0.330000	0.200	-0.660904
0.333333	0.200	-0.665724
0.336667	0.200	-0.669507
0.340000	0.200	-0.672527
0.343333	0.200	-0.675349
0.346667	0.200	-0.678463
0.350000	0.200	-0.681901
0.353333	0.200	-0.685441
0.356667	0.200	-0.688774
0.360000	0.200	-0.691438
0.363333	0.200	-0.693356
0.366667	0.200	-0.695240
0.370000	0.200	-0.697781
0.373333	0.200	-0.700838
0.376667	0.200	-0.703856
0.380000	0.200	-0.706639
0.383333	0.200	-0.709373
0.386667	0.200	-0.712092
0.390000	0.200	-0.714454
0.393333	0.200	-0.716143
0.396667	0.200	-0.717425
0.400000	0.200	-0.719136
0.403333	0.200	-0.721934
0.406667	0.200	-0.725689
0.410000	0.200	-0.729678
0.413333	0.200	-0.732844
0.416667	0.200	-0.734008
0.420000	0.200	-0.732898
0.423333	0.200	-0.730891
0.426667	0.200	-0.730141
0.430000	0.200	-0.732126
0.433333	0.200	-0.736893
0.436667	0.200	-0.743220
0.440000	0.200	-0.749398
0.443333	0.200	-0.754182
0.446667	0.200	-0.757405
0.450000	0.200	-0.759583
0.453333	0.200	-0.761217
0.456667	0.200	-0.762776
0.460000	0.200	-0.764633
0.463333	0.200	-0.766680
0.466667	0.200	-0.768423
0.470000	0.200	-0.769661
0.473333	0.200	-0.770751
0.476667	0.200	-0.772206
0.480000	0.200	-0.774407
0.483333	0.200	-0.777438
0.486667	0.200	-0.780819
0.490000	0.200	-0.783845
0.493333	0.200	-0.786017
0.496667	0.200	-0.786914
0.500000	0.200	-0.786480
0.503333	0.200	-0.785548
0.506667	0.200	-0.785161
0.510000	0.200	-0.785657
0.513333	0.200	-0.786857
0.516667	0.200	-0.788650
0.520000	0.200	-0.791199
0.523333	0.200	-0.794666
0.526667	0.200	-0.798634
0.530000	0.200	-0.802181
0.533333	0.200	-0.804861
0.536667	0.200	-0.807077
0.540000	0.200	-0.809197
0.543333	0.200	-0.810812
0.546667	0.200	-0.811244
0.550000	0.200	-0.810546
0.553333	0.200	-0.809679
0.556667	0.200	-0.809594
0.560000	0.200	-0.810453
0.563333	0.200	-0.811942
0.566667	0.200	-0.813767
0.570000	0.200	-0.815548
0.573333	0.200	-0.816969
0.576667	0.200	-0.818173
0.580000	0.200	-0.819486
0.583333	0.200	-0.820934
0.586667	0.200	-0.822307
0.590000	0.200	-0.823689
0.593333	0.200	-0.825732
0.596667	0.200	-0.829021
0.600000	0.200	-0.833382
0.603333	0.200	-0.837995
0.606667	0.200	-0.841844
0.610000	0.200	-0.844295
0.613333	0.200	-0.845496
0.616667	0.200	-0.846008
0.620000	0.200	-0.846314
0.623333	0.200	-0.846681
0.626667	0.200	-0.847071
0.630000	0.200	-0.847240
0.633333	0.200	-0.847034
0.636667	0.200	-0.846485
0.640000	0.200	-0.845746
0.643333	0.200	-0.845174
0.646667	0.200	-0.845259
0.650000	0.200	-0.846140
0.653333	0.200	-0.847511
0.656667	0.200	-0.849141
0.660000	0.200	-0.851161
0.663333	0.200	-0.853807
0.666667	0.200	-0.857129
0.670000	0.200	-0.860873
0.673333	0.200	-0.864566
0.676667	0.200	-0.867774
0.680000	0.200	-0.870175
0.683333	0.200	-0.871445
0.686667	0.200	-0.871368
0.690000	0.200	-0.870194
0.693333	0.200	-0.868710
0.696667	0.200	-0.867638
0.700000	0.200	-0.867303
0.703333	0.200	-0.867883
0.706667	0.200	-0.869236
0.710000	0.200	-0.870698
0.713333	0.200	-0.871620
0.716667	0.200	-0.871859
0.720000	0.200	-0.871626
0.723333	0.200	-0.871336
0.726667	0.200	-0.871655
0.730000	0.200	-0.873058
0.733333	0.200	-0.875239
0.736667	0.200	-0.877383
0.740000	0.200	-0.879165
0.743333	0.200	-0.880968
0.746667	0.200	-0.883190
0.750000	0.200	-0.885984
0.753333	0.200	-0.889306
0.756667	0.200	-0.892661
0.760000	0.200	-0.895276
0.763333	0.200	-0.896793
0.766667	0.200	-0.897478
0.770000	0.200	-0.897717
0.773333	0.200	-0.897636
0.776667	0.200	-0.897247
0.780000	0.200	-0.896755
0.783333	0.200	-0.896563
0.786667	0.200	-0.897045
0.790000	0.200	-0.898358
0.793333	0.200	-0.900302
0.796667	0.200	-0.902410
0.800000	0.200	-0.904170
0.803333	0.200	-0.905261
0.806667	0.200	-0.905884
0.810000	0.200	-0.906520
0.813333	0.200	-0.907321
0.816667	0.200	-0.908325
0.820000	0.200	-0.909939
0.823333	0.200	-0.912615
0.826667	0.200	-0.916337
0.830000	0.200	-0.920622
0.833333	0.200	-0.924821
0.836667	0.200	-0.928674
0.840000	0.200	-0.932831
0.843333	0.200	-0.938293
0.846667	0.200	-0.945023
0.850000	0.200	-0.951576
0.853333	0.200	-0.956165
0.856667	0.200	-0.957528
0.860000	0.200	-0.954996
0.863333	0.200	-0.948611
0.866667	0.200	-0.939193
0.870000	0.200	-0.927481
0.873333	0.200	-0.912081
0.876667	0.200	-0.887066
0.880000	0.200	-0.841425
0.883333	0.200	-0.762509
0.886667	0.200	-0.642891
0.890000	0.200	-0.486536
0.893333	0.200	-0.309277
0.896667	0.200	-0.132466
0.900000	0.200	0.025435
0.903333	0.200	0.153251
0.906667	0.200	0.246187
0.910000	0.200	0.303033
0.913333	0.200	0.324705
0.916667	0.200	0.314453
0.920000	0.200	0.278038
0.923333	0.200	0.222394
0.926667	0.200	0.153476
0.930000	0.200	0.075424
0.933333	0.200	-0.008127
0.936667	0.200	-0.092116
0.940000	0.200	-0.169105
0.943333	0.200	-0.229848
0.946667	0.200	-0.265273
0.950000	0.200	-0.269407
0.953333	0.200	-0.241941
0.956667	0.200	-0.188881
0.960000	0.200	-0.121575
0.963333	0.200	-0.054936
0.966667	0.200	-0.004228
0.970000	0.200	0.019253
0.973333	0.200	0.011254
0.976667	0.200	-0.025095
0.980000	0.200	-0.081531
0.983333	0.200	-0.147983
0.986667	0.200	-0.215423
0.990000	0.200	-0.277816
0.993333	0.200	-0.332613
0.996667	0.200	-0.379890
1.000000	0.200	-0.421391
1.003333	0.200	-0.459538
1.006667	0.200	-0.496181
1.010000	0.200	-0.532025
1.013333	0.200	-0.566675
1.016667	0.200	-0.598861
1.020000	0.200	-0.627041
1.023333	0.200	-0.650078
1.026667	0.200	-0.667625
1.030000	0.200	-0.680186
1.033333	0.200	-0.688605
1.036667	0.200	-0.693479
1.040000	0.200	-0.695259
1.043333	0.200	-0.694570
1.046667	0.200	-0.691917
1.050000	0.200	-0.686889
1.053333	0.200	-0.677572
1.056667	0.200	-0.660331
1.060000	0.200	-0.629248
1.063333	0.200	-0.574352
1.066667	0.200	-0.477365
1.070000	0.200	-0.304556
1.073333	0.200	0.002294
1.076667	0.200	0.536403
1.080000	0.200	1.435642
1.083333	0.200	2.883234
1.086667	0.200	5.087723
1.090000	0.200	8.233810
1.093333	0.200	12.409374
1.096667	0.200	17.532922
1.100000	0.200	23.315995
1.103333	0.200	29.287149
1.106667	0.200	34.878480
1.110000	0.200	39.545888
1.113333	0.200	42.879474
1.116667	0.200	44.669212
1.120000	0.200	44.913776
1.123333	0.200	43.781716
1.126667	0.200	41.546998
1.130000	0.200	38.522987
1.133333	0.200	35.010629
1.136667	0.200	31.266676
1.140000	0.200	27.491494
1.143333	0.200	23.831159
1.146667	0.200	20.386133
1.150000	0.200	17.220969
1.153333	0.200	14.372403
1.156667	0.200	11.855346
1.160000	0.200	9.668111
1.163333	0.200	7.797343
1.166667	0.200	6.221566
1.170000	0.200	4.913254
1.173333	0.200	3.840741
1.176667	0.200	2.970387
1.180000	0.200	2.268505
1.183333	0.200	1.703111
1.186667	0.200	1.245745
1.190000	0.200	0.872918
1.193333	0.200	0.566880
1.196667	0.200	0.315927
1.200000	0.200	0.114547
1.203333	0.200	-0.036898
1.206667	0.200	-0.133299
1.210000	0.200	-0.166504
1.213333	0.200	-0.128584
1.216667	0.200	-0.017341
1.220000	0.200	0.158324
1.223333	0.200	0.376090
1.226667	0.200	0.602178
1.230000	0.200	0.797509
1.233333	0.200	0.926197
1.236667	0.200	0.964048
1.240000	0.200	0.904479
1.243333	0.200	0.759027
1.246667	0.200	0.552610
1.250000	0.200	0.316284
1.253333	0.200	0.079754
1.256667	0.200	-0.134395
1.260000	0.200	-0.313198
1.263333	0.200	-0.452815
1.266667	0.200	-0.556315
1.270000	0.200	-0.630322
1.273333	0.200	-0.681273
1.276667	0.200	-0.713437
1.280000	0.200	-0.729316
1.283333	0.200	-0.729975
1.286667	0.200	-0.714736
1.290000	0.200	-0.682317
1.293333	0.200	-0.633089
1.296667	0.200	-0.570615
1.300000	0.200	-0.502233
1.303333	0.200	-0.438643
1.306667	0.200	-0.391745
1.310000	0.200	-0.370848
1.313333	0.200	-0.379009
1.316667	0.200	-0.411496
1.320000	0.200	-0.456648
1.323333	0.200	-0.498544
1.326667	0.200	-0.521443
1.330000	0.200	-0.514875
1.333333	0.200	-0.476618
1.336667	0.200	-0.412219
1.340000	0.200	-0.332236
1.343333	0.200	-0.248757
1.346667	0.200	-0.172455
1.350000	0.200	-0.111137
1.353333	0.200	-0.069511
1.356667	0.200	-0.049223
1.360000	0.200	-0.049111
1.363333	0.200	-0.066065
1.366667	0.200	-0.095876
1.370000	0.200	-0.133587
1.373333	0.200	-0.174162
1.376667	0.200	-0.213909
1.380000	0.200	-0.251491
1.383333	0.200	-0.287430
1.386667	0.200	-0.322698
1.390000	0.200	-0.357876
1.393333	0.200	-0.393173
1.396667	0.200	-0.428625
1.400000	0.200	-0.464356
1.403333	0.200	-0.501038
1.406667	0.200	-0.539415
1.410000	0.200	-0.579076
1.413333	0.200	-0.618636
1.416667	0.200	-0.657006
1.420000	0.200	-0.693789
1.423333	0.200	-0.728725
1.426667	0.200	-0.761267
1.430000	0.200	-0.790739
1.433333	0.200	-0.816768
1.436667	0.200	-0.839540
1.440000	0.200	-0.859596
1.443333	0.200	-0.877432
1.446667	0.200	-0.893174
1.450000	0.200	-0.906532
1.453333	0.200	-0.917427
1.456667	0.200	-0.926446
1.460000	0.200	-0.934212
1.463333	0.200	-0.940775
1.466667	0.200	-0.945915
1.470000	0.200	-0.949486
1.473333	0.200	-0.951425
1.476667	0.200	-0.951921
1.480000	0.200	-0.951663
1.483333	0.200	-0.951623
1.486667	0.200	-0.952462
1.490000	0.200	-0.954149
1.493333	0.200	-0.956090
1.496667	0.200	-0.957453
1.500000	0.200	-0.957577
1.503333	0.200	-0.956576
1.506667	0.200	-0.955403
1.510000	0.200	-0.954803
1.513333	0.200	-0.954346
1.516667	0.200	-0.952860
1.520000	0.200	-0.949585
1.523333	0.200	-0.944644
1.526667	0.200	-0.938820
1.530000	0.200	-0.933252
1.533333	0.200	-0.929033
1.536667	0.200	-0.926632
1.540000	0.200	-0.925692
1.543333	0.200	-0.925327
1.546667	0.200	-0.924408
1.550000	0.200	-0.921955
1.553333	0.200	-0.917725
1.556667	0.200	-0.912055
1.560000	0.200	-0.905112
1.563333	0.200	-0.896856
1.566667	0.200	-0.887461
1.570000	0.200	-0.877256
1.573333	0.200	-0.866431
1.576667	0.200	-0.855044
1.580000	0.200	-0.843343
1.583333	0.200	-0.831950
1.586667	0.200	-0.821641
1.590000	0.200	-0.813435
1.593333	0.200	-0.808685
1.596667	0.200	-0.808345
1.600000	0.200	-0.812315
1.603333	0.200	-0.819628
1.606667	0.200	-0.828965
1.610000	0.200	-0.839131
1.613333	0.200	-0.849560
1.616667	0.200	-0.860424
1.620000	0.200	-0.871857
1.623333	0.200	-0.883326
1.626667	0.200	-0.894365
1.630000	0.200	-0.905059
1.633333	0.200	-0.915154
1.636667	0.200	-0.923621
1.640000	0.200	-0.929620
1.643333	0.200	-0.933586
1.646667	0.200	-0.937130
1.650000	0.200	-0.941658
1.653333	0.200	-0.947152
1.656667	0.200	-0.952513
1.660000	0.200	-0.956625
1.663333	0.200	-0.958929
1.666667	0.200	-0.959699
1.670000	0.200	-0.959908
1.673333	0.200	-0.960474
1.676667	0.200	-0.961645
1.680000	0.200	-0.963037
1.683333	0.200	-0.963971
1.686667	0.200	-0.963802
1.690000	0.200	-0.962384
1.693333	0.200	-0.960250
1.696667	0.200	-0.958251
1.700000	0.200	-0.957135
1.703333	0.200	-0.957121
1.706667	0.200	-0.957728
1.710000	0.200	-0.958055
1.713333	0.200	-0.957321
1.716667	0.200	-0.955445
1.720000	0.200	-0.952988
1.723333	0.200	-0.950567
1.726667	0.200	-0.948748
1.730000	0.200	-0.948026
1.733333	0.200	-0.948360
1.736667	0.200	-0.949137
1.740000	0.200	-0.949533
1.743333	0.200	-0.948801
1.746667	0.200	-0.946962
1.750000	0.200	-0.945335
1.753333	0.200	-0.945596
1.756667	0.200	-0.948204
1.760000	0.200	-0.952234
1.763333	0.200	-0.956550
1.766667	0.200	-0.960602
1.770000	0.200	-0.964340
1.773333	0.200	-0.967854
1.776667	0.200	-0.971012
1.780000	0.200	-0.973317
1.783333	0.200	-0.974101
1.786667	0.200	-0.972981
1.790000	0.200	-0.970347
1.793333	0.200	-0.967388
1.796667	0.200	-0.965285
1.800000	0.200	-0.964371
1.803333	0.200	-0.964189
1.806667	0.200	-0.964095
1.810000	0.200	-0.963549
1.813333	0.200	-0.961996
1.816667	0.200	-0.958874
1.820000	0.200	-0.954115
1.823333	0.200	-0.948679
1.826667	0.200	-0.944007
1.830000	0.200	-0.940694
1.833333	0.200	-0.938071
1.836667	0.200	-0.934840
1.840000	0.200	-0.929752
1.843333	0.200	-0.922346
1.846667	0.200	-0.913184
1.850000	0.200	-0.902831
1.853333	0.200	-0.890807
1.856667	0.200	-0.875839
1.860000	0.200	-0.856897
1.863333	0.200	-0.833845
1.866667	0.200	-0.807116
1.870000	0.200	-0.776887
1.873333	0.200	-0.742988
1.876667	0.200	-0.705894
1.880000	0.200	-0.667330
1.883333	0.200	-0.629559
1.886667	0.200	-0.594646
1.890000	0.200	-0.564671
1.893333	0.200	-0.541729
1.896667	0.200	-0.527303
1.900000	0.200	-0.522089
1.903333	0.200	-0.526300
1.906667	0.200	-0.539714
1.910000	0.200	-0.561759
1.913333	0.200	-0.591891
1.916667	0.200	-0.629237
1.920000	0.200	-0.671700
1.923333	0.200	-0.716281
1.926667	0.200	-0.760161
1.930000	0.200	-0.800928
1.933333	0.200	-0.836606
1.936667	0.200	-0.866196
1.940000	0.200	-0.889772
1.943333	0.200	-0.908056
1.946667	0.200	-0.922290
1.950000	0.200	-0.933806
1.953333	0.200	-0.943364
1.956667	0.200	-0.951302
1.960000	0.200	-0.958135
1.963333	0.200	-0.964414
1.966667	0.200	-0.970170
1.970000	0.200	-0.975140
1.973333	0.200	-0.979224
1.976667	0.200	-0.982187
1.980000	0.200	-0.983707
1.983333	0.200	-0.984091
1.986667	0.200	-0.984019
1.990000	0.200	-0.983651
1.993333	0.200	-0.982665
1.996667	0.200	-0.980703
2.000000	0.200	-0.977338
2.003333	0.200	-0.972055
2.006667	0.200	-0.964541
2.010000	0.200	-0.954602
2.013333	0.200	-0.941890
2.016667	0.200	-0.926203
2.020000	0.200	-0.907817
2.023333	0.200	-0.887363
2.026667	0.200	-0.865891
2.030000	0.200	-0.845154
2.033333	0.200	-0.827176
2.036667	0.200	-0.813189
2.040000	0.200	-0.803315
2.043333	0.200	-0.797119
2.046667	0.200	-0.793954
2.050000	0.200	-0.793317
2.053333	0.200	-0.795445
2.056667	0.200	-0.801286
2.060000	0.200	-0.811653
2.063333	0.200	-0.826321
2.066667	0.200	-0.843836
2.070000	0.200	-0.862211
2.073333	0.200	-0.879941
2.076667	0.200	-0.896498
2.080000	0.200	-0.911888
2.083333	0.200	-0.925839
2.086667	0.200	-0.937645
2.090000	0.200	-0.946841
2.093333	0.200	-0.953899
2.096667	0.200	-0.959914
2.100000	0.200	-0.965572
2.103333	0.200	-0.970762
2.106667	0.200	-0.975230
2.110000	0.200	-0.979052
2.113333	0.200	-0.982084
2.116667	0.200	-0.983788
2.120000	0.200	-0.984108
2.123333	0.200	-0.983652
2.126667	0.200	-0.983066
2.130000	0.200	-0.982674
2.133333	0.200	-0.982350
2.136667	0.200	-0.981822
2.140000	0.200	-0.981188
2.143333	0.200	-0.980625
2.146667	0.200	-0.979998
2.150000	0.200	-0.979250
2.153333	0.200	-0.978717
2.156667	0.200	-0.978758
2.160000	0.200	-0.979372
2.163333	0.200	-0.980240
2.166667	0.200	-0.980947
2.170000	0.200	-0.981409
2.173333	0.200	-0.981973
2.176667	0.200	-0.982678
2.180000	0.200	-0.982957
2.183333	0.200	-0.982410
2.186667	0.200	-0.981230
2.190000	0.200	-0.979782
2.193333	0.200	-0.978300
2.196667	0.200	-0.976962
2.200000	0.200	-0.976089
2.203333	0.200	-0.975905
2.206667	0.200	-0.976072
2.210000	0.200	-0.976004
2.213333	0.200	-0.975384
2.216667	0.200	-0.974231
2.220000	0.200	-0.972728
2.223333	0.200	-0.970926
2.226667	0.200	-0.968912
2.230000	0.200	-0.967050
2.233333	0.200	-0.965739
2.236667	0.200	-0.965264
2.240000	0.200	-0.965722
2.243333	0.200	-0.966797
2.246667	0.200	-0.967672
2.250000	0.200	-0.967563
2.253333	0.200	-0.966469
2.256667	0.200	-0.964937
2.260000	0.200	-0.963360
2.263333	0.200	-0.961880
2.266667	0.200	-0.960439
2.270000	0.200	-0.958952
2.273333	0.200	-0.957612
2.276667	0.200	-0.956737
2.280000	0.200	-0.956468
2.283333	0.200	-0.956640
2.286667	0.200	-0.956875
2.290000	0.200	-0.957028
2.293333	0.200	-0.957355
2.296667	0.200	-0.957928
2.300000	0.200	-0.958205
2.303333	0.200	-0.957570
2.306667	0.200	-0.955869
2.310000	0.200	-0.952925
2.313333	0.200	-0.948088
2.316667	0.200	-0.940758
2.320000	0.200	-0.931065
2.323333	0.200	-0.919797
2.326667	0.200	-0.907937
2.330000	0.200	-0.896463
2.333333	0.200	-0.886285
2.336667	0.200	-0.878137
2.340000	0.200	-0.872497
2.343333	0.200	-0.869493
2.346667	0.200	-0.868926
2.350000	0.200	-0.870480
2.353333	0.200	-0.873803
2.356667	0.200	-0.878479
2.360000	0.200	-0.884008
2.363333	0.200	-0.889630
2.366667	0.200	-0.894365
2.370000	0.200	-0.897542
2.373333	0.200	-0.899167
2.376667	0.200	-0.899844
2.380000	0.200	-0.900601
2.383333	0.200	-0.902408
2.386667	0.200	-0.905497
2.390000	0.200	-0.909324
2.393333	0.200	-0.913179
2.396667	0.200	-0.916550
2.400000	0.200	-0.919137
2.403333	0.200	-0.921081
2.406667	0.200	-0.922988
2.410000	0.200	-0.925069
2.413333	0.200	-0.926728
2.416667	0.200	-0.927504
2.420000	0.200	-0.927618
2.423333	0.200	-0.927600
2.426667	0.200	-0.928106
2.430000	0.200	-0.929592
2.433333	0.200	-0.931781
2.436667	0.200	-0.933688
2.440000	0.200	-0.934296
2.443333	0.200	-0.933583
2.446667	0.200	-0.932702
2.450000	0.200	-0.932572
2.453333	0.200	-0.932656
2.456667	0.200	-0.931501
2.460000	0.200	-0.928093
2.463333	0.200	-0.922727
2.466667	0.200	-0.916906
2.470000	0.200	-0.912147
2.473333	0.200	-0.908646
2.476667	0.200	-0.905192
2.480000	0.200	-0.900261
2.483333	0.200	-0.893131
2.486667	0.200	-0.884288
2.490000	0.200	-0.875002
2.493333	0.200	-0.866521
2.496667	0.200	-0.859554
2.500000	0.200	-0.854120
2.503333	0.200	-0.849684
2.506667	0.200	-0.845743
2.510000	0.200	-0.842483
2.513333	0.200	-0.840613
2.516667	0.200	-0.840430
2.520000	0.200	-0.841627
2.523333	0.200	-0.844048
2.526667	0.200	-0.847966
2.530000	0.200	-0.853664
2.533333	0.200	-0.860965
2.536667	0.200	-0.869400
2.540000	0.200	-0.878543
2.543333	0.200	-0.887462
2.546667	0.200	-0.894785
2.550000	0.200	-0.900038
2.553333	0.200	-0.903756
2.556667	0.200	-0.906291
2.560000	0.200	-0.907560
2.563333	0.200	-0.907587
2.566667	0.200	-0.906765
2.570000	0.200	-0.905756
2.573333	0.200	-0.904958
2.576667	0.200	-0.904320
2.580000	0.200	-0.904011
2.583333	0.200	-0.904520
2.586667	0.200	-0.905976
2.590000	0.200	-0.907859
2.593333	0.200	-0.909046
2.596667	0.200	-0.908367
2.600000	0.200	-0.905730
2.603333	0.200	-0.902399
2.606667	0.200	-0.900008
2.610000	0.200	-0.899444
2.613333	0.200	-0.900353
2.616667	0.200	-0.901616
2.620000	0.200	-0.902493
2.623333	0.200	-0.903042
2.626667	0.200	-0.903405
2.630000	0.200	-0.903317
2.633333	0.200	-0.902307
2.636667	0.200	-0.899977
2.640000	0.200	-0.896433
2.643333	0.200	-0.892537
2.646667	0.200	-0.889492
2.650000	0.200	-0.888104
2.653333	0.200	-0.888059
2.656667	0.200	-0.888085
2.660000	0.200	-0.887348
2.663333	0.200	-0.886189
2.666667	0.200	-0.885411
2.670000	0.200	-0.885704
2.673333	0.200	-0.887395
2.676667	0.200	-0.889945
2.680000	0.200	-0.892094
2.683333	0.200	-0.892874
2.686667	0.200	-0.892481
2.690000	0.200	-0.891912
2.693333	0.200	-0.891657
2.696667	0.200	-0.891440
2.700000	0.200	-0.891148
2.703333	0.200	-0.890971
2.706667	0.200	-0.890623
2.710000	0.200	-0.889409
2.713333	0.200	-0.887303
2.716667	0.200	-0.885302
2.720000	0.200	-0.884421
2.723333	0.200	-0.884736
2.726667	0.200	-0.885403
2.730000	0.200	-0.885505
2.733333	0.200	-0.884903
2.736667	0.200	-0.884097
2.740000	0.200	-0.883634
2.743333	0.200	-0.883885
2.746667	0.200	-0.884779
2.750000	0.200	-0.885748
2.753333	0.200	-0.886298
2.756667	0.200	-0.886366
2.760000	0.200	-0.886189
2.763333	0.200	-0.886058
2.766667	0.200	-0.886261
2.770000	0.200	-0.887103
2.773333	0.200	-0.888519
2.776667	0.200	-0.889798
2.780000	0.200	-0.890162
2.783333	0.200	-0.889368
2.786667	0.200	-0.887580
2.790000	0.200	-0.885250
2.793333	0.200	-0.883114
2.796667	0.200	-0.881802
2.800000	0.200	-0.881299
2.803333	0.200	-0.880908
2.806667	0.200	-0.879836
2.810000	0.200	-0.877834
2.813333	0.200	-0.875349
2.816667	0.200	-0.873188
2.820000	0.200	-0.872053
2.823333	0.200	-0.872025
2.826667	0.200	-0.872392
2.830000	0.200	-0.872456
2.833333	0.200	-0.872187
2.836667	0.200	-0.871585
2.840000	0.200	-0.870256
2.843333	0.200	-0.867956
2.846667	0.200	-0.865056
2.850000	0.200	-0.862433
2.853333	0.200	-0.860790
2.856667	0.200	-0.860109
2.860000	0.200	-0.860028
2.863333	0.200	-0.860507
2.866667	0.200	-0.861664
2.870000	0.200	-0.863028
2.873333	0.200	-0.863565
2.876667	0.200	-0.862863
2.880000	0.200	-0.861583
2.883333	0.200	-0.860212
2.886667	0.200	-0.858358
2.890000	0.200	-0.855597
2.893333	0.200	-0.852117
2.896667	0.200	-0.848532
2.900000	0.200	-0.845643
2.903333	0.200	-0.844143
2.906667	0.200	-0.844060
2.910000	0.200	-0.844569
2.913333	0.200	-0.844603
2.916667	0.200	-0.843536
2.920000	0.200	-0.841304
2.923333	0.200	-0.838421
2.926667	0.200	-0.835990
2.930000	0.200	-0.834991
2.933333	0.200	-0.835308
2.936667	0.200	-0.835986
2.940000	0.200	-0.836194
2.943333	0.200	-0.835413
2.946667	0.200	-0.833372
2.950000	0.200	-0.830445
2.953333	0.200	-0.827694
2.956667	0.200	-0.826059
2.960000	0.200	-0.825667
2.963333	0.200	-0.826016
2.966667	0.200	-0.826477
2.970000	0.200	-0.826426
2.973333	0.200	-0.825351
2.976667	0.200	-0.823289
2.980000	0.200	-0.821057
2.983333	0.200	-0.819705
2.986667	0.200	-0.819650
2.990000	0.200	-0.820646
2.993333	0.200	-0.822372
2.996667	0.200	-0.824411
3.000000	0.200	-0.826063
3.003333	0.200	-0.826717
3.006667	0.200	-0.826321
3.010000	0.200	-0.825518
3.013333	0.200	-0.825054
3.016667	0.200	-0.824948
3.020000	0.200	-0.824731
3.023333	0.200	-0.824136
3.026667	0.200	-0.823042
3.030000	0.200	-0.821295
3.033333	0.200	-0.819072
3.036667	0.200	-0.817095
3.040000	0.200	-0.816126
3.043333	0.200	-0.816286
3.046667	0.200	-0.816934
3.050000	0.200	-0.817221
3.053333	0.200	-0.816934
3.056667	0.200	-0.816789
3.060000	0.200	-0.817501
3.063333	0.200	-0.818711
3.066667	0.200	-0.819431
3.070000	0.200	-0.819237
3.073333	0.200	-0.818644
3.076667	0.200	-0.818729
3.080000	0.200	-0.820342
3.083333	0.200	-0.823425
3.086667	0.200	-0.827025
3.090000	0.200	-0.829931
3.093333	0.200	-0.831267
3.096667	0.200	-0.830569
3.100000	0.200	-0.827883
3.103333	0.200	-0.823926
3.106667	0.200	-0.819742
3.110000	0.200	-0.816326
3.113333	0.200	-0.814252
3.116667	0.200	-0.813209
3.120000	0.200	-0.812365
3.123333	0.200	-0.811508
3.126667	0.200	-0.811148
3.130000	0.200	-0.811277
3.133333	0.200	-0.811061
3.136667	0.200	-0.810056
3.140000	0.200	-0.808768
3.143333	0.200	-0.808049
3.146667	0.200	-0.808525
3.150000	0.200	-0.809940
3.153333	0.200	-0.810948
3.156667	0.200	-0.810347
3.160000	0.200	-0.808224
3.163333	0.200	-0.805577
3.166667	0.200	-0.803303
3.170000	0.200	-0.801576
3.173333	0.200	-0.799970
3.176667	0.200	-0.798062
3.180000	0.200	-0.795833
3.183333	0.200	-0.793672
3.186667	0.200	-0.792089
3.190000	0.200	-0.791194
3.193333	0.200	-0.790437
3.196667	0.200	-0.789213
3.200000	0.200	-0.787792
3.203333	0.200	-0.787082
3.206667	0.200	-0.787317
3.210000	0.200	-0.787871
3.213333	0.200	-0.788502
3.216667	0.200	-0.789620
3.220000	0.200	-0.791191
3.223333	0.200	-0.792407
3.226667	0.200	-0.792384
3.230000	0.200	-0.790742
3.233333	0.200	-0.787827
3.236667	0.200	-0.784552
3.240000	0.200	-0.781867
3.243333	0.200	-0.780297
3.246667	0.200	-0.779860
3.250000	0.200	-0.779976
3.253333	0.200	-0.779653
3.256667	0.200	-0.778370
3.260000	0.200	-0.776502
3.263333	0.200	-0.774777
3.266667	0.200	-0.773667
3.270000	0.200	-0.773127
3.273333	0.200	-0.772845
3.276667	0.200	-0.772548
3.280000	0.200	-0.771888
3.283333	0.200	-0.770483
3.286667	0.200	-0.768371
3.290000	0.200	-0.766138
3.293333	0.200	-0.764461
3.296667	0.200	-0.763848
3.300000	0.200	-0.764587
3.303333	0.200	-0.766486
3.306667	0.200	-0.768968
3.310000	0.200	-0.771501
3.313333	0.200	-0.773684
3.316667	0.200	-0.775153
3.320000	0.200	-0.775640
3.323333	0.200	-0.775116
3.326667	0.200	-0.773787
3.330000	0.200	-0.771985
3.333333	0.200	-0.770000
3.336667	0.200	-0.768128
3.340000	0.200	-0.766942
3.343333	0.200	-0.766893
3.346667	0.200	-0.767530
3.350000	0.200	-0.767821
3.353333	0.200	-0.767090
3.356667	0.200	-0.765218
3.360000	0.200	-0.762280
3.363333	0.200	-0.758554
3.366667	0.200	-0.755058
3.370000	0.200	-0.753179
3.373333	0.200	-0.753408
3.376667	0.200	-0.755191
3.380000	0.200	-0.757666
3.383333	0.200	-0.759884
3.386667	0.200	-0.760841
3.390000	0.200	-0.759626
3.393333	0.200	-0.755476
3.396667	0.200	-0.747859
3.400000	0.200	-0.736616
3.403333	0.200	-0.721722
3.406667	0.200	-0.702363
3.410000	0.200	-0.676655
3.413333	0.200	-0.643229
3.416667	0.200	-0.602851
3.420000	0.200	-0.558187
3.423333	0.200	-0.512850
3.426667	0.200	-0.470891
3.430000	0.200	-0.436356
3.433333	0.200	-0.412711
3.436667	0.200	-0.402133
3.440000	0.200	-0.404892
3.443333	0.200	-0.419291
3.446667	0.200	-0.442304
3.450000	0.200	-0.470637
3.453333	0.200	-0.501524
3.456667	0.200	-0.532576
3.460000	0.200	-0.561737
3.463333	0.200	-0.587897
3.466667	0.200	-0.610770
3.470000	0.200	-0.630254
3.473333	0.200	-0.646294
3.476667	0.200	-0.658753
3.480000	0.200	-0.667647
3.483333	0.200	-0.673775
3.486667	0.200	-0.678381
3.490000	0.200	-0.682410
3.493333	0.200	-0.686684
3.496667	0.200	-0.692066
3.500000	0.200	-0.698658
3.503333	0.200	-0.705279
3.506667	0.200	-0.710373
3.510000	0.200	-0.713261
3.513333	0.200	-0.714294
3.516667	0.200	-0.714167
3.520000	0.200	-0.713542
3.523333	0.200	-0.713305
3.526667	0.200	-0.714419
3.530000	0.200	-0.716990
3.533333	0.200	-0.720120
3.536667	0.200	-0.722949
3.540000	0.200	-0.725263
3.543333	0.200	-0.727211
3.546667	0.200	-0.728893
3.550000	0.200	-0.730149
3.553333	0.200	-0.730788
3.556667	0.200	-0.731074
3.560000	0.200	-0.731571
3.563333	0.200	-0.732333
3.566667	0.200	-0.732771
3.570000	0.200	-0.732563
3.573333	0.200	-0.732054
3.576667	0.200	-0.731443
3.580000	0.200	-0.730415
3.583333	0.200	-0.729005
3.586667	0.200	-0.727992
3.590000	0.200	-0.727877
3.593333	0.200	-0.728207
3.596667	0.200	-0.728375
3.600000	0.200	-0.728407
3.603333	0.200	-0.728863
3.606667	0.200	-0.730402
3.610000	0.200	-0.733053
3.613333	0.200	-0.735718
3.616667	0.200	-0.736795
3.620000	0.200	-0.735663
3.623333	0.200	-0.733245
3.626667	0.200	-0.730806
3.630000	0.200	-0.728851
3.633333	0.200	-0.727327
3.636667	0.200	-0.726220
3.640000	0.200	-0.725713
3.643333	0.200	-0.725907
3.646667	0.200	-0.726712
3.650000	0.200	-0.728126
3.653333	0.200	-0.730209
3.656667	0.200	-0.732488
3.660000	0.200	-0.733905
3.663333	0.200	-0.733825
3.666667	0.200	-0.732615
3.670000	0.200	-0.730969
3.673333	0.200	-0.729212
3.676667	0.200	-0.727682
3.680000	0.200	-0.727245
3.683333	0.200	-0.728507
3.686667	0.200	-0.730926
3.690000	0.200	-0.733370
3.693333	0.200	-0.735032
3.696667	0.200	-0.735582
3.700000	0.200	-0.734983
3.703333	0.200	-0.733329
3.706667	0.200	-0.730829
3.710000	0.200	-0.727980
3.713333	0.200	-0.725487
3.716667	0.200	-0.723664
3.720000	0.200	-0.722311
3.723333	0.200	-0.721320
3.726667	0.200	-0.720799
3.730000	0.200	-0.720781
3.733333	0.200	-0.721413
3.736667	0.200	-0.722850
3.740000	0.200	-0.724715
3.743333	0.200	-0.726221
3.746667	0.200	-0.726716
3.750000	0.200	-0.725793
3.753333	0.200	-0.723279
3.756667	0.200	-0.719624
3.760000	0.200	-0.715670
3.763333	0.200	-0.711540
3.766667	0.200	-0.706325
3.770000	0.200	-0.698685
3.773333	0.200	-0.687467
3.776667	0.200	-0.672145
3.780000	0.200	-0.652530
3.783333	0.200	-0.627984
3.786667	0.200	-0.597539
3.790000	0.200	-0.561344
3.793333	0.200	-0.521797
3.796667	0.200	-0.482732
3.800000	0.200	-0.448030
3.803333	0.200	-0.421020
3.806667	0.200	-0.403984
3.810000	0.200	-0.397855
3.813333	0.200	-0.402555
3.816667	0.200	-0.417310
3.820000	0.200	-0.440328
3.823333	0.200	-0.468537
3.826667	0.200	-0.498448
3.830000	0.200	-0.527416
3.833333	0.200	-0.554153
3.836667	0.200	-0.578259
3.840000	0.200	-0.599222
3.843333	0.200	-0.616203
3.846667	0.200	-0.628889
3.850000	0.200	-0.638199
3.853333	0.200	-0.645782
3.856667	0.200	-0.652773
3.860000	0.200	-0.659353
3.863333	0.200	-0.665304
3.866667	0.200	-0.670364
3.870000	0.200	-0.674455
3.873333	0.200	-0.678028
3.876667	0.200	-0.681804
3.880000	0.200	-0.686109
3.883333	0.200	-0.690638
3.886667	0.200	-0.694960
3.890000	0.200	-0.699117
3.893333	0.200	-0.703397
3.896667	0.200	-0.707667
3.900000	0.200	-0.711282
3.903333	0.200	-0.713670
3.906667	0.200	-0.714862
3.910000	0.200	-0.715436
3.913333	0.200	-0.716017
3.916667	0.200	-0.716868
3.920000	0.200	-0.718004
3.923333	0.200	-0.719371
3.926667	0.200	-0.720654
3.930000	0.200	-0.721483
3.933333	0.200	-0.721797
3.936667	0.200	-0.721609
3.940000	0.200	-0.720981
3.943333	0.200	-0.720398
3.946667	0.200	-0.720486
3.950000	0.200	-0.721200
3.953333	0.200	-0.721649
3.956667	0.200	-0.720878
3.960000	0.200	-0.718703
3.963333	0.200	-0.715856
3.966667	0.200	-0.713717
3.970000	0.200	-0.713490
3.973333	0.200	-0.715103
3.976667	0.200	-0.717549
3.980000	0.200	-0.720144
3.983333	0.200	-0.722554
3.986667	0.200	-0.724143
3.990000	0.200	-0.724381
3.993333	0.200	-0.723597
3.996667	0.200	-0.722639
4.000000	0.200	-0.721989
4.003333	0.200	-0.721557
4.006667	0.200	-0.721070
4.010000	0.200	-0.720389
4.013333	0.200	-0.719612
4.016667	0.200	-0.718906
4.020000	0.200	-0.718242
4.023333	0.200	-0.717410
4.026667	0.200	-0.716251
4.030000	0.200	-0.715035
4.033333	0.200	-0.714571
4.036667	0.200	-0.715631
4.040000	0.200	-0.718234
4.043333	0.200	-0.721572
4.046667	0.200	-0.724493
4.050000	0.200	-0.725995
4.053333	0.200	-0.725499
4.056667	0.200	-0.722985
4.060000	0.200	-0.719322
4.063333	0.200	-0.716101
4.066667	0.200	-0.714478
4.070000	0.200	-0.714562
4.073333	0.200	-0.716076
4.076667	0.200	-0.718725
4.080000	0.200	-0.721749
4.083333	0.200	-0.724148
4.086667	0.200	-0.725488
4.090000	0.200	-0.725725
4.093333	0.200	-0.724641
4.096667	0.200	-0.722222
4.100000	0.200	-0.719243
4.103333	0.200	-0.716964
4.106667	0.200	-0.716177
4.110000	0.200	-0.716714
4.113333	0.200	-0.717908
4.116667	0.200	-0.719189
4.120000	0.200	-0.720130
4.123333	0.200	-0.720320
4.126667	0.200	-0.719662
4.130000	0.200	-0.718759
4.133333	0.200	-0.718335
4.136667	0.200	-0.718487
4.140000	0.200	-0.719042
4.143333	0.200	-0.720182
4.146667	0.200	-0.722325
4.150000	0.200	-0.725385
4.153333	0.200	-0.728298
4.156667	0.200	-0.729730
4.160000	0.200	-0.729251
4.163333	0.200	-0.727593
4.166667	0.200	-0.725613
4.170000	0.200	-0.723230
4.173333	0.200	-0.719947
4.176667	0.200	-0.716163
4.180000	0.200	-0.713158
4.183333	0.200	-0.711570
4.186667	0.200	-0.710595
4.190000	0.200	-0.709185
4.193333	0.200	-0.707370
4.196667	0.200	-0.706141
4.200000	0.200	-0.706606
4.203333	0.200	-0.709014
4.206667	0.200	-0.712187
4.210000	0.200	-0.714366
4.213333	0.200	-0.714831
4.216667	0.200	-0.714285
4.220000	0.200	-0.713898
4.223333	0.200	-0.714262
4.226667	0.200	-0.714875
4.230000	0.200	-0.714694
4.233333	0.200	-0.713418
4.236667	0.200	-0.711951
4.240000	0.200	-0.711526
4.243333	0.200	-0.712569
4.246667	0.200	-0.714432
4.250000	0.200	-0.716051
4.253333	0.200	-0.716872
4.256667	0.200	-0.717160
4.260000	0.200	-0.717629
4.263333	0.200	-0.718910
4.266667	0.200	-0.720899
4.270000	0.200	-0.722711
4.273333	0.200	-0.723655
4.276667	0.200	-0.723701
4.280000	0.200	-0.722969
4.283333	0.200	-0.721340
4.286667	0.200	-0.718651
4.290000	0.200	-0.715271
4.293333	0.200	-0.712242
4.296667	0.200	-0.710564
4.300000	0.200	-0.710667
4.303333	0.200	-0.712351
4.306667	0.200	-0.714682
4.310000	0.200	-0.716307
4.313333	0.200	-0.716249
4.316667	0.200	-0.714457
4.320000	0.200	-0.711660
4.323333	0.200	-0.708752
4.326667	0.200	-0.706418
4.330000	0.200	-0.705090
4.333333	0.200	-0.704717
4.336667	0.200	-0.704707
4.340000	0.200	-0.704515
4.343333	0.200	-0.704117
4.346667	0.200	-0.703724
4.350000	0.200	-0.703490
4.353333	0.200	-0.703545
4.356667	0.200	-0.703983
4.360000	0.200	-0.704872
4.363333	0.200	-0.706177
4.366667	0.200	-0.707616
4.370000	0.200	-0.708861
4.373333	0.200	-0.709610
4.376667	0.200	-0.709633
4.380000	0.200	-0.709227
4.383333	0.200	-0.709046
4.386667	0.200	-0.709242
4.390000	0.200	-0.709508
4.393333	0.200	-0.709662
4.396667	0.200	-0.709530
4.400000	0.200	-0.708803
4.403333	0.200	-0.707422
4.406667	0.200	-0.705650
4.410000	0.200	-0.703595
4.413333	0.200	-0.701132
4.416667	0.200	-0.698505
4.420000	0.200	-0.696582
4.423333	0.200	-0.696076
4.426667	0.200	-0.696970
4.430000	0.200	-0.698852
4.433333	0.200	-0.701021
4.436667	0.200	-0.702382
4.440000	0.200	-0.702079
4.443333	0.200	-0.700175
4.446667	0.200	-0.697459
4.450000	0.200	-0.694876
4.453333	0.200	-0.693092
4.456667	0.200	-0.692261
4.460000	0.200	-0.692216
4.463333	0.200	-0.692615
4.466667	0.200	-0.692695
4.470000	0.200	-0.691735
4.473333	0.200	-0.690006
4.476667	0.200	-0.688318
4.480000	0.200	-0.686769
4.483333	0.200	-0.684911
4.486667	0.200	-0.682782
4.490000	0.200	-0.680925
4.493333	0.200	-0.679770
4.496667	0.200	-0.679561
4.500000	0.200	-0.680347
4.503333	0.200	-0.681687
4.506667	0.200	-0.682715
4.510000	0.200	-0.682644
4.513333	0.200	-0.681274
4.516667	0.200	-0.679168
4.520000	0.200	-0.677318
4.523333	0.200	-0.676605
4.526667	0.200	-0.677298
4.530000	0.200	-0.678752
4.533333	0.200	-0.679813
4.536667	0.200	-0.679717
4.540000	0.200	-0.678449
4.543333	0.200	-0.676337
4.546667	0.200	-0.673672
4.550000	0.200	-0.670776
4.553333	0.200	-0.668202
4.556667	0.200	-0.666613
4.560000	0.200	-0.666522
4.563333	0.200	-0.668009
4.566667	0.200	-0.670405
4.570000	0.200	-0.672606
4.573333	0.200	-0.673895
4.576667	0.200	-0.674236
4.580000	0.200	-0.673923
4.583333	0.200	-0.673353
4.586667	0.200	-0.672990
4.590000	0.200	-0.672976
4.593333	0.200	-0.672884
4.596667	0.200	-0.672023
4.600000	0.200	-0.669873
4.603333	0.200	-0.666457
4.606667	0.200	-0.662303
4.610000	0.200	-0.658208
4.613333	0.200	-0.655119
4.616667	0.200	-0.653791
4.620000	0.200	-0.654340
4.623333	0.200	-0.656100
4.626667	0.200	-0.657845
4.630000	0.200	-0.658327
4.633333	0.200	-0.656982
4.636667	0.200	-0.654360
4.640000	0.200	-0.651529
4.643333	0.200	-0.649029
4.646667	0.200	-0.646874
4.650000	0.200	-0.645012
4.653333	0.200	-0.643124
4.656667	0.200	-0.640480
4.660000	0.200	-0.636390
4.663333	0.200	-0.630721
4.666667	0.200	-0.624136
4.670000	0.200	-0.617678
4.673333	0.200	-0.612030
4.676667	0.200	-0.607423
4.680000	0.200	-0.604074
4.683333	0.200	-0.602202
4.686667	0.200	-0.601847
4.690000	0.200	-0.602913
4.693333	0.200	-0.605041
4.696667	0.200	-0.607619
4.700000	0.200	-0.610180
4.703333	0.200	-0.612380
4.706667	0.200	-0.613673
4.710000	0.200	-0.613455
4.713333	0.200	-0.611901
4.716667	0.200	-0.610415
4.720000	0.200	-0.610496
4.723333	0.200	-0.612203
4.726667	0.200	-0.614282
4.730000	0.200	-0.615592
4.733333	0.200	-0.615849
4.736667	0.200	-0.615124
4.740000	0.200	-0.613337
4.743333	0.200	-0.610538
4.746667	0.200	-0.607384
4.750000	0.200	-0.604897
4.753333	0.200	-0.603669
4.756667	0.200	-0.603372
4.760000	0.200	-0.603073
4.763333	0.200	-0.602047
4.766667	0.200	-0.600176
4.770000	0.200	-0.597832
4.773333	0.200	-0.595671
4.776667	0.200	-0.594261
4.780000	0.200	-0.593754
4.783333	0.200	-0.593939
4.786667	0.200	-0.594457
4.790000	0.200	-0.594958
4.793333	0.200	-0.595147
4.796667	0.200	-0.594570
4.800000	0.200	-0.592675
4.803333	0.200	-0.589472
4.806667	0.200	-0.585554
4.810000	0.200	-0.581229
4.813333	0.200	-0.576130
4.816667	0.200	-0.569660
4.820000	0.200	-0.561503
4.823333	0.200	-0.551696
4.826667	0.200	-0.540389
4.830000	0.200	-0.527741
4.833333	0.200	-0.514122
4.836667	0.200	-0.500248
4.840000	0.200	-0.486914
4.843333	0.200	-0.474752
4.846667	0.200	-0.464350
4.850000	0.200	-0.456392
4.853333	0.200	-0.451652
4.856667	0.200	-0.450554
4.860000	0.200	-0.452270
4.863333	0.200	-0.454777
4.866667	0.200	-0.456453
4.870000	0.200	-0.457389
4.873333	0.200	-0.458899
4.876667	0.200	-0.461979
4.880000	0.200	-0.466644
4.883333	0.200	-0.472502
4.886667	0.200	-0.479115
4.890000	0.200	-0.485978
4.893333	0.200	-0.492726
4.896667	0.200	-0.499167
4.900000	0.200	-0.505118
4.903333	0.200	-0.510510
4.906667	0.200	-0.515289
4.910000	0.200	-0.519175
4.913333	0.200	-0.522169
4.916667	0.200	-0.525206
4.920000	0.200	-0.529414
4.923333	0.200	-0.534846
4.926667	0.200	-0.540511
4.930000	0.200	-0.545078
4.933333	0.200	-0.547364
4.936667	0.200	-0.546948
4.940000	0.200	-0.544497
4.943333	0.200	-0.541312
4.946667	0.200	-0.538499
4.950000	0.200	-0.536502
4.953333	0.200	-0.535370
4.956667	0.200	-0.535191
4.960000	0.200	-0.536011
4.963333	0.200	-0.537341
4.966667	0.200	-0.538115
4.970000	0.200	-0.537756
4.973333	0.200	-0.536929
4.976667	0.200	-0.536531
4.980000	0.200	-0.536524
4.983333	0.200	-0.536259
4.986667	0.200	-0.535423
4.990000	0.200	-0.534241
4.993333	0.200	-0.532998
4.996667	0.200	-0.531625
5.000000	0.200	-0.529890
5.003333	0.200	-0.527795
5.006667	0.200	-0.525614
5.010000	0.200	-0.523734
5.013333	0.200	-0.522436
5.016667	0.200	-0.521638
5.020000	0.200	-0.520902
5.023333	0.200	-0.519404
5.026667	0.200	-0.515933
5.030000	0.200	-0.509427
5.033333	0.200	-0.499602
5.036667	0.200	-0.487025
5.040000	0.200	-0.472504
5.043333	0.200	-0.456406
5.046667	0.200	-0.438498
5.050000	0.200	-0.418249
5.053333	0.200	-0.395771
5.056667	0.200	-0.372839
5.060000	0.200	-0.352387
5.063333	0.200	-0.336814
5.066667	0.200	-0.326932
5.070000	0.200	-0.322116
5.073333	0.200	-0.321223
5.076667	0.200	-0.323519
5.080000	0.200	-0.328760
5.083333	0.200	-0.336781
5.086667	0.200	-0.347565
5.090000	0.200	-0.361097
5.093333	0.200	-0.376518
5.096667	0.200	-0.391868
5.100000	0.200	-0.405070
5.103333	0.200	-0.415182
5.106667	0.200	-0.422763
5.110000	0.200	-0.428939
5.113333	0.200	-0.434182
5.116667	0.200	-0.438193
5.120000	0.200	-0.440738
5.123333	0.200	-0.442165
5.126667	0.200	-0.443215
5.130000	0.200	-0.444525
5.133333	0.200	-0.446051
5.136667	0.200	-0.447039
5.140000	0.200	-0.446984
5.143333	0.200	-0.446484
5.146667	0.200	-0.446666
5.150000	0.200	-0.448035
5.153333	0.200	-0.450382
5.156667	0.200	-0.453316
5.160000	0.200	-0.456476
5.163333	0.200	-0.459608
5.166667	0.200	-0.462477
5.170000	0.200	-0.464787
5.173333	0.200	-0.466321
5.176667	0.200	-0.467074
5.180000	0.200	-0.467281
5.183333	0.200	-0.467322
5.186667	0.200	-0.467411
5.190000	0.200	-0.467276
5.193333	0.200	-0.466308
5.196667	0.200	-0.464257
5.200000	0.200	-0.461792
5.203333	0.200	-0.460088
5.206667	0.200	-0.459674
5.210000	0.200	-0.460050
5.213333	0.200	-0.460483
5.216667	0.200	-0.460744
5.220000	0.200	-0.460951
5.223333	0.200	-0.460871
5.226667	0.200	-0.459783
5.230000	0.200	-0.457153
5.233333	0.200	-0.453209
5.236667	0.200	-0.448989
5.240000	0.200	-0.445656
5.243333	0.200	-0.443308
5.246667	0.200	-0.440339
5.250000	0.200	-0.433795
5.253333	0.200	-0.420407
5.256667	0.200	-0.397770
5.260000	0.200	-0.364868
5.263333	0.200	-0.321567
5.266667	0.200	-0.268129
5.270000	0.200	-0.206163
5.273333	0.200	-0.140034
5.276667	0.200	-0.076924
5.280000	0.200	-0.025309
5.283333	0.200	0.007466
5.286667	0.200	0.017187
5.290000	0.200	0.003517
5.293333	0.200	-0.030355
5.296667	0.200	-0.078834
5.300000	0.200	-0.135173
5.303333	0.200	-0.192623
5.306667	0.200	-0.245453
5.310000	0.200	-0.289748
5.313333	0.200	-0.324250
5.316667	0.200	-0.350444
5.320000	0.200	-0.370886
5.323333	0.200	-0.387264
5.326667	0.200	-0.400068
5.330000	0.200	-0.409258
5.333333	0.200	-0.414889
5.336667	0.200	-0.417544
5.340000	0.200	-0.418259
5.343333	0.200	-0.417804
5.346667	0.200	-0.416181
5.350000	0.200	-0.413174
5.353333	0.200	-0.409258
5.356667	0.200	-0.405488
5.360000	0.200	-0.402634
5.363333	0.200	-0.400782
5.366667	0.200	-0.399737
5.370000	0.200	-0.399447
5.373333	0.200	-0.399787
5.376667	0.200	-0.400537
5.380000	0.200	-0.401806
5.383333	0.200	-0.403845
5.386667	0.200	-0.406457
5.390000	0.200	-0.408857
5.393333	0.200	-0.410073
5.396667	0.200	-0.409748
5.400000	0.200	-0.408567
5.403333	0.200	-0.407372
5.406667	0.200	-0.406073
5.410000	0.200	-0.404068
5.413333	0.200	-0.401401
5.416667	0.200	-0.398960
5.420000	0.200	-0.397688
5.423333	0.200	-0.397872
5.426667	0.200	-0.398949
5.430000	0.200	-0.399787
5.433333	0.200	-0.399413
5.436667	0.200	-0.397700
5.440000	0.200	-0.395380
5.443333	0.200	-0.393501
5.446667	0.200	-0.392843
5.450000	0.200	-0.393478
5.453333	0.200	-0.394525
5.456667	0.200	-0.394580
5.460000	0.200	-0.392767
5.463333	0.200	-0.389511
5.466667	0.200	-0.386154
5.470000	0.200	-0.383670
5.473333	0.200	-0.381974
5.476667	0.200	-0.380323
5.480000	0.200	-0.378055
5.483333	0.200	-0.375220
5.486667	0.200	-0.372629
5.490000	0.200	-0.371158
5.493333	0.200	-0.371092
5.496667	0.200	-0.372140
5.500000	0.200	-0.373600
5.503333	0.200	-0.374287
5.506667	0.200	-0.372812
5.510000	0.200	-0.368347
5.513333	0.200	-0.361327
5.516667	0.200	-0.353464
5.520000	0.200	-0.346655
5.523333	0.200	-0.341750
5.526667	0.200	-0.338532
5.530000	0.200	-0.336636
5.533333	0.200	-0.336061
5.536667	0.200	-0.336678
5.540000	0.200	-0.337741
5.543333	0.200	-0.338451
5.546667	0.200	-0.338719
5.550000	0.200	-0.339111
5.553333	0.200	-0.340065
5.556667	0.200	-0.341331
5.560000	0.200	-0.342531
5.563333	0.200	-0.343895
5.566667	0.200	-0.345866
5.570000	0.200	-0.348296
5.573333	0.200	-0.350380
5.576667	0.200	-0.351376
5.580000	0.200	-0.351210
5.583333	0.200	-0.350351
5.586667	0.200	-0.349343
5.590000	0.200	-0.348360
5.593333	0.200	-0.347127
5.596667	0.200	-0.345295
5.600000	0.200	-0.342620
5.603333	0.200	-0.338745
5.606667	0.200	-0.333301
5.610000	0.200	-0.326326
5.613333	0.200	-0.318237
5.616667	0.200	-0.309305
5.620000	0.200	-0.299326
5.623333	0.200	-0.287998
5.626667	0.200	-0.275366
5.630000	0.200	-0.261614
5.633333	0.200	-0.246754
5.636667	0.200	-0.230841
5.640000	0.200	-0.214629
5.643333	0.200	-0.199657
5.646667	0.200	-0.187386
5.650000	0.200	-0.178667
5.653333	0.200	-0.174064
5.656667	0.200	-0.173798
5.660000	0.200	-0.177239
5.663333	0.200	-0.183171
5.666667	0.200	-0.190571
5.670000	0.200	-0.198981
5.673333	0.200	-0.208402
5.676667	0.200	-0.218820
5.680000	0.200	-0.229839
5.683333	0.200	-0.240891
5.686667	0.200	-0.251608
5.690000	0.200	-0.261829
5.693333	0.200	-0.271258
5.696667	0.200	-0.279621
5.700000	0.200	-0.287138
5.703333	0.200	-0.294190
5.706667	0.200	-0.300754
5.710000	0.200	-0.306471
5.713333	0.200	-0.310774
5.716667	0.200	-0.313136
5.720000	0.200	-0.313550
5.723333	0.200	-0.312771
5.726667	0.200	-0.311837
5.730000	0.200	-0.311381
5.733333	0.200	-0.311760
5.736667	0.200	-0.313160
5.740000	0.200	-0.315097
5.743333	0.200	-0.316569
5.746667	0.200	-0.316818
5.750000	0.200	-0.315588
5.753333	0.200	-0.313145
5.756667	0.200	-0.310557
5.760000	0.200	-0.309366
5.763333	0.200	-0.310137
5.766667	0.200	-0.311576
5.770000	0.200	-0.311597
5.773333	0.200	-0.309304
5.776667	0.200	-0.305599
5.780000	0.200	-0.301760
5.783333	0.200	-0.298293
5.786667	0.200	-0.295355
5.790000	0.200	-0.293053
5.793333	0.200	-0.291161
5.796667	0.200	-0.289365
5.800000	0.200	-0.287513
5.803333	0.200	-0.285387
5.806667	0.200	-0.282762
5.810000	0.200	-0.279627
5.813333	0.200	-0.276100
5.816667	0.200	-0.273125
5.820000	0.200	-0.274458
5.823333	0.200	-0.286078
5.826667	0.200	-0.310042
5.830000	0.200	-0.339108
5.833333	0.200	-0.360471
5.836667	0.200	-0.365167
5.840000	0.200	-0.353245
5.843333	0.200	-0.331636
5.846667	0.200	-0.308673
5.850000	0.200	-0.289990
5.853333	0.200	-0.277683
5.856667	0.200	-0.271424
5.860000	0.200	-0.269900
5.863333	0.200	-0.271749
5.866667	0.200	-0.275462
5.870000	0.200	-0.279061
5.873333	0.200	-0.280777
5.876667	0.200	-0.280156
5.880000	0.200	-0.278169
5.883333	0.200	-0.276252
5.886667	0.200	-0.275311
5.890000	0.200	-0.275323
5.893333	0.200	-0.275668
5.896667	0.200	-0.275737
5.900000	0.200	-0.275274
5.903333	0.200	-0.274352
5.906667	0.200	-0.273425
5.910000	0.200	-0.273349
5.913333	0.200	-0.274673
5.916667	0.200	-0.276886
5.920000	0.200	-0.278828
5.923333	0.200	-0.279561
5.926667	0.200	-0.278880
5.930000	0.200	-0.277277
5.933333	0.200	-0.275396
5.936667	0.200	-0.273654
5.940000	0.200	-0.272315
5.943333	0.200	-0.271564
5.946667	0.200	-0.271430
5.950000	0.200	-0.271843
5.953333	0.200	-0.272549
5.956667	0.200	-0.272872
5.960000	0.200	-0.272211
5.963333	0.200	-0.270707
5.966667	0.200	-0.268751
5.970000	0.200	-0.266251
5.973333	0.200	-0.263201
5.976667	0.200	-0.260391
5.980000	0.200	-0.258773
5.983333	0.200	-0.258632
5.986667	0.200	-0.259424
5.990000	0.200	-0.260011
5.993333	0.200	-0.259607
5.996667	0.200	-0.258573
6.000000	0.200	-0.257717
6.003333	0.200	-0.257339
6.006667	0.200	-0.257344
6.010000	0.200	-0.257453
6.013333	0.200	-0.257152
6.016667	0.200	-0.256241
6.020000	0.200	-0.255288
6.023333	0.200	-0.255146
6.026667	0.200	-0.256222
6.030000	0.200	-0.258090
6.033333	0.200	-0.259725
6.036667	0.200	-0.260289
6.040000	0.200	-0.259655
6.043333	0.200	-0.258073
6.046667	0.200	-0.255721
6.050000	0.200	-0.252827
6.053333	0.200	-0.249641
6.056667	0.200	-0.246248
6.060000	0.200	-0.242867
6.063333	0.200	-0.240153
6.066667	0.200	-0.238791
6.070000	0.200	-0.238905
6.073333	0.200	-0.240236
6.076667	0.200	-0.242537
6.080000	0.200	-0.245247
6.083333	0.200	-0.247332
6.086667	0.200	-0.248192
6.090000	0.200	-0.248462
6.093333	0.200	-0.249367
6.096667	0.200	-0.251233
6.100000	0.200	-0.253033
6.103333	0.200	-0.253526
6.106667	0.200	-0.252460
6.110000	0.200	-0.250401
6.113333	0.200	-0.247924
6.116667	0.200	-0.245354
6.120000	0.200	-0.242838
6.123333	0.200	-0.240563
6.126667	0.200	-0.238850
6.130000	0.200	-0.237683
6.133333	0.200	-0.236623
6.136667	0.200	-0.235588
6.140000	0.200	-0.235274
6.143333	0.200	-0.236338
6.146667	0.200	-0.238189
6.150000	0.200	-0.239418
6.153333	0.200	-0.239415
6.156667	0.200	-0.238707
6.160000	0.200	-0.237987
6.163333	0.200	-0.238034
6.166667	0.200	-0.241474
6.170000	0.200	-0.253805
6.173333	0.200	-0.280203
6.176667	0.200	-0.320402
6.180000	0.200	-0.367747
6.183333	0.200	-0.413148
6.186667	0.200	-0.449364
6.190000	0.200	-0.472106
6.193333	0.200	-0.478147
6.196667	0.200	-0.464501
6.200000	0.200	-0.431414
6.203333	0.200	-0.385097
6.206667	0.200	-0.335769
6.210000	0.200	-0.292769
6.213333	0.200	-0.261130
6.216667	0.200	-0.241544
6.220000	0.200	-0.232060
6.223333	0.200	-0.229332
6.226667	0.200	-0.229823
6.230000	0.200	-0.231309
6.233333	0.200	-0.232931
6.236667	0.200	-0.233945
6.240000	0.200	-0.233569
6.243333	0.200	-0.231806
6.246667	0.200	-0.229356
6.250000	0.200	-0.226773
6.253333	0.200	-0.224300
6.256667	0.200	-0.222264
6.260000	0.200	-0.220954
6.263333	0.200	-0.220130
6.266667	0.200	-0.219325
6.270000	0.200	-0.218657
6.273333	0.200	-0.218635
6.276667	0.200	-0.219315
6.280000	0.200	-0.220293
6.283333	0.200	-0.221079
6.286667	0.200	-0.221247
6.290000	0.200	-0.220607
6.293333	0.200	-0.219323
6.296667	0.200	-0.217657
6.300000	0.200	-0.215497
6.303333	0.200	-0.212471
6.306667	0.200	-0.208786
6.310000	0.200	-0.205304
6.313333	0.200	-0.202759
6.316667	0.200	-0.201564
6.320000	0.200	-0.201910
6.323333	0.200	-0.203342
6.326667	0.200	-0.204857
6.330000	0.200	-0.205993
6.333333	0.200	-0.207250
6.336667	0.200	-0.209062
6.340000	0.200	-0.210896
6.343333	0.200	-0.211650
6.346667	0.200	-0.210629
6.350000	0.200	-0.208166
6.353333	0.200	-0.205287
6.356667	0.200	-0.202872
6.360000	0.200	-0.201594
6.363333	0.200	-0.202015
6.366667	0.200	-0.203874
6.370000	0.200	-0.206080
6.373333	0.200	-0.207862
6.376667	0.200	-0.209385
6.380000	0.200	-0.211318
6.383333	0.200	-0.213892
6.386667	0.200	-0.216222
6.390000	0.200	-0.216888
6.393333	0.200	-0.215265
6.396667	0.200	-0.212221
6.400000	0.200	-0.209475
6.403333	0.200	-0.208149
6.406667	0.200	-0.208053
6.410000	0.200	-0.208235
6.413333	0.200	-0.207850
6.416667	0.200	-0.206469
6.420000	0.200	-0.204093
6.423333	0.200	-0.201372
6.426667	0.200	-0.199304
6.430000	0.200	-0.198302
6.433333	0.200	-0.198010
6.436667	0.200	-0.198202
6.440000	0.200	-0.199158
6.443333	0.200	-0.200825
6.446667	0.200	-0.202434
6.450000	0.200	-0.203162
6.453333	0.200	-0.202649
6.456667	0.200	-0.200996
6.460000	0.200	-0.198572
6.463333	0.200	-0.195937
6.466667	0.200	-0.193783
6.470000	0.200	-0.192690
6.473333	0.200	-0.192698
6.476667	0.200	-0.193172
6.480000	0.200	-0.193535
6.483333	0.200	-0.193913
6.486667	0.200	-0.194734
6.490000	0.200	-0.196074
6.493333	0.200	-0.197403
6.496667	0.200	-0.197804
6.500000	0.200	-0.196707
6.503333	0.200	-0.194659
6.506667	0.200	-0.193121
6.510000	0.200	-0.193353
6.513333	0.200	-0.195754
6.516667	0.200	-0.199760
6.520000	0.200	-0.203849
6.523333	0.200	-0.206260
6.526667	0.200	-0.206218
6.530000	0.200	-0.204391
6.533333	0.200	-0.202170
6.536667	0.200	-0.200623
6.540000	0.200	-0.200096
6.543333	0.200	-0.200357
6.546667	0.200	-0.200790
6.550000	0.200	-0.200720
6.553333	0.200	-0.200031
6.556667	0.200	-0.199282
6.560000	0.200	-0.198998
6.563333	0.200	-0.199106
6.566667	0.200	-0.199120
6.570000	0.200	-0.198761
6.573333	0.200	-0.198105
6.576667	0.200	-0.197305
6.580000	0.200	-0.196551
6.583333	0.200	-0.195932
6.586667	0.200	-0.195241
6.590000	0.200	-0.194289
6.593333	0.200	-0.193211
6.596667	0.200	-0.192285
6.600000	0.200	-0.191664
6.603333	0.200	-0.191227
6.606667	0.200	-0.190543
6.610000	0.200	-0.189179
6.613333	0.200	-0.187223
6.616667	0.200	-0.185433
6.620000	0.200	-0.184640
6.623333	0.200	-0.185049
6.626667	0.200	-0.186225
6.630000	0.200	-0.187635
6.633333	0.200	-0.189388
6.636667	0.200	-0.193880
6.640000	0.200	-0.207155
6.643333	0.200	-0.235695
6.646667	0.200	-0.279984
6.650000	0.200	-0.332730
6.653333	0.200	-0.383585
6.656667	0.200	-0.424696
6.660000	0.200	-0.452908
6.663333	0.200	-0.468880
6.666667	0.200	-0.475374
6.670000	0.200	-0.475854
6.673333	0.200	-0.473334
6.676667	0.200	-0.469939
6.680000	0.200	-0.466891
6.683333	0.200	-0.464263
6.686667	0.200	-0.461367
6.690000	0.200	-0.457895
6.693333	0.200	-0.454263
6.696667	0.200	-0.450884
6.700000	0.200	-0.446704
6.703333	0.200	-0.437282
6.706667	0.200	-0.416087
6.710000	0.200	-0.380160
6.713333	0.200	-0.333686
6.716667	0.200	-0.285555
6.720000	0.200	-0.244197
6.723333	0.200	-0.214026
6.726667	0.200	-0.195105
6.730000	0.200	-0.184851
6.733333	0.200	-0.180086
6.736667	0.200	-0.178618
6.740000	0.200	-0.179427
6.743333	0.200	-0.181693
6.746667	0.200	-0.184173
6.750000	0.200	-0.185678
6.753333	0.200	-0.185848
6.756667	0.200	-0.184944
6.760000	0.200	-0.183222
6.763333	0.200	-0.180971
6.766667	0.200	-0.178522
6.770000	0.200	-0.176110
6.773333	0.200	-0.174025
6.776667	0.200	-0.172580
6.780000	0.200	-0.171935
6.783333	0.200	-0.172036
6.786667	0.200	-0.172588
6.790000	0.200	-0.173262
6.793333	0.200	-0.174021
6.796667	0.200	-0.175179
6.800000	0.200	-0.177123
6.803333	0.200	-0.179801
6.806667	0.200	-0.182506
6.810000	0.200	-0.184359
6.813333	0.200	-0.185084
6.816667	0.200	-0.185105
6.820000	0.200	-0.184795
6.823333	0.200	-0.184058
6.826667	0.200	-0.182818
6.830000	0.200	-0.181456
6.833333	0.200	-0.180529
6.836667	0.200	-0.180350
6.840000	0.200	-0.181002
6.843333	0.200	-0.182426
6.846667	0.200	-0.184270
6.850000	0.200	-0.185882
6.853333	0.200	-0.186561
6.856667	0.200	-0.186033
6.860000	0.200	-0.184765
6.863333	0.200	-0.183419
6.866667	0.200	-0.182142
6.870000	0.200	-0.180965
6.873333	0.200	-0.180404
6.876667	0.200	-0.180858
6.880000	0.200	-0.181905
6.883333	0.200	-0.182686
6.886667	0.200	-0.182539
6.890000	0.200	-0.181283
6.893333	0.200	-0.179397
6.896667	0.200	-0.177755
6.900000	0.200	-0.176821
6.903333	0.200	-0.176334
6.906667	0.200	-0.175869
6.910000	0.200	-0.175001
6.913333	0.200	-0.172949
6.916667	0.200	-0.168722
6.920000	0.200	-0.161536
6.923333	0.200	-0.151051
6.926667	0.200	-0.137609
6.930000	0.200	-0.122026
6.933333	0.200	-0.104796
6.936667	0.200	-0.085649
6.940000	0.200	-0.064084
6.943333	0.200	-0.040530
6.946667	0.200	-0.016820
6.950000	0.200	0.004611
6.953333	0.200	0.021786
6.956667	0.200	0.033837
6.960000	0.200	0.041040
6.963333	0.200	0.043963
6.966667	0.200	0.042746
6.970000	0.200	0.037292
6.973333	0.200	0.027617
6.976667	0.200	0.013985
6.980000	0.200	-0.002869
6.983333	0.200	-0.021689
6.986667	0.200	-0.041130
6.990000	0.200	-0.060066
6.993333	0.200	-0.077820
6.996667	0.200	-0.094339
7.000000	0.200	-0.109588
7.003333	0.200	-0.123022
7.006667	0.200	-0.133988
7.010000	0.200	-0.142259
7.013333	0.200	-0.148382
7.016667	0.200	-0.153549
7.020000	0.200	-0.158540
7.023333	0.200	-0.163083
7.026667	0.200	-0.166633
7.030000	0.200	-0.169192
7.033333	0.200	-0.171265
7.036667	0.200	-0.173484
7.040000	0.200	-0.176188
7.043333	0.200	-0.179041
7.046667	0.200	-0.181248
7.050000	0.200	-0.182280
7.053333	0.200	-0.182456
7.056667	0.200	-0.182672
7.060000	0.200	-0.183345
7.063333	0.200	-0.183911
7.066667	0.200	-0.183571
7.070000	0.200	-0.182141
7.073333	0.200	-0.179997
7.076667	0.200	-0.177716
7.080000	0.200	-0.176160
7.083333	0.200	-0.176142
7.086667	0.200	-0.177448
7.090000	0.200	-0.178754
7.093333	0.200	-0.178839
7.096667	0.200	-0.177565
7.100000	0.200	-0.175738
7.103333	0.200	-0.174733
7.106667	0.200	-0.176317
7.110000	0.200	-0.181761
7.113333	0.200	-0.190716
7.116667	0.200	-0.201605
7.120000	0.200	-0.212733
7.123333	0.200	-0.222477
7.126667	0.200	-0.229518
7.130000	0.200	-0.233678
7.133333	0.200	-0.235930
7.136667	0.200	-0.237461
7.140000	0.200	-0.238873
7.143333	0.200	-0.239917
7.146667	0.200	-0.239973
7.150000	0.200	-0.238821
7.153333	0.200	-0.236770
7.156667	0.200	-0.234404
7.160000	0.200	-0.232495
7.163333	0.200	-0.231738
7.166667	0.200	-0.232330
7.170000	0.200	-0.233923
7.173333	0.200	-0.235990
7.176667	0.200	-0.238077
7.180000	0.200	-0.239714
7.183333	0.200	-0.240498
7.186667	0.200	-0.240342
7.190000	0.200	-0.239403
7.193333	0.200	-0.238034
7.196667	0.200	-0.236895
7.200000	0.200	-0.236556
7.203333	0.200	-0.236948
7.206667	0.200	-0.237581
7.210000	0.200	-0.238068
7.213333	0.200	-0.238217
7.216667	0.200	-0.237935
7.220000	0.200	-0.237308
7.223333	0.200	-0.236502
7.226667	0.200	-0.235385
7.230000	0.200	-0.233703
7.233333	0.200	-0.231743
7.236667	0.200	-0.230122
7.240000	0.200	-0.229029
7.243333	0.200	-0.228215
7.246667	0.200	-0.227325
7.250000	0.200	-0.225748
7.253333	0.200	-0.222430
7.256667	0.200	-0.216431
7.260000	0.200	-0.207688
7.263333	0.200	-0.196760
7.266667	0.200	-0.183990
7.270000	0.200	-0.169193
7.273333	0.200	-0.151982
7.276667	0.200	-0.132630
7.280000	0.200	-0.112658
7.283333	0.200	-0.094073
7.286667	0.200	-0.078342
7.290000	0.200	-0.066345
7.293333	0.200	-0.058281
7.296667	0.200	-0.053569
7.300000	0.200	-0.051827
7.303333	0.200	-0.053432
7.306667	0.200	-0.058658
7.310000	0.200	-0.067059
7.313333	0.200	-0.077890
7.316667	0.200	-0.090473
7.320000	0.200	-0.103970
7.323333	0.200	-0.117439
7.326667	0.200	-0.130415
7.330000	0.200	-0.143062
7.333333	0.200	-0.155719
7.336667	0.200	-0.168513
7.340000	0.200	-0.181064
7.343333	0.200	-0.192406
7.346667	0.200	-0.201535
7.350000	0.200	-0.208127
7.353333	0.200	-0.212790
7.356667	0.200	-0.216815
7.360000	0.200	-0.221506
7.363333	0.200	-0.227393
7.366667	0.200	-0.234171
7.370000	0.200	-0.241047
7.373333	0.200	-0.246947
7.376667	0.200	-0.251143
7.380000	0.200	-0.255028
7.383333	0.200	-0.264384
7.386667	0.200	-0.287712
7.390000	0.200	-0.329064
7.393333	0.200	-0.383313
7.396667	0.200	-0.439438
7.400000	0.200	-0.487295
7.403333	0.200	-0.521789
7.406667	0.200	-0.542884
7.410000	0.200	-0.553462
7.413333	0.200	-0.557138
7.416667	0.200	-0.556809
7.420000	0.200	-0.554423
7.423333	0.200	-0.551602
7.426667	0.200	-0.549629
7.430000	0.200	-0.548835
7.433333	0.200	-0.548840
7.436667	0.200	-0.549302
7.440000	0.200	-0.549947
7.443333	0.200	-0.550281
7.446667	0.200	-0.549779
7.450000	0.200	-0.548395
7.453333	0.200	-0.546692
7.456667	0.200	-0.545299
7.460000	0.200	-0.544531
7.463333	0.200	-0.544422
7.466667	0.200	-0.544577
7.470000	0.200	-0.544154
7.473333	0.200	-0.542174
7.476667	0.200	-0.537517
7.480000	0.200	-0.527593
7.483333	0.200	-0.507338
7.486667	0.200	-0.472428
7.490000	0.200	-0.424323
7.493333	0.200	-0.370681
7.496667	0.200	-0.321367
7.500000	0.200	-0.284002
7.503333	0.200	-0.261182
7.506667	0.200	-0.250767
7.510000	0.200	-0.248528
7.513333	0.200	-0.250657
7.516667	0.200	-0.254741
7.520000	0.200	-0.259204
7.523333	0.200	-0.262504
7.526667	0.200	-0.263651
7.530000	0.200	-0.263204
7.533333	0.200	-0.262605
7.536667	0.200	-0.262459
7.540000	0.200	-0.262219
7.543333	0.200	-0.261119
7.546667	0.200	-0.258601
7.550000	0.200	-0.254802
7.553333	0.200	-0.251009
7.556667	0.200	-0.248621
7.560000	0.200	-0.247794
7.563333	0.200	-0.247594
7.566667	0.200	-0.247380
7.570000	0.200	-0.247470
7.573333	0.200	-0.248314
7.576667	0.200	-0.249866
7.580000	0.200	-0.251812
7.583333	0.200	-0.253712
7.586667	0.200	-0.254906
7.590000	0.200	-0.254700
7.593333	0.200	-0.252882
7.596667	0.200	-0.250098
7.600000	0.200	-0.247545
7.603333	0.200	-0.246237
7.606667	0.200	-0.246528
7.610000	0.200	-0.248131
7.613333	0.200	-0.250337
7.616667	0.200	-0.252122
7.620000	0.200	-0.252633
7.623333	0.200	-0.251845
7.626667	0.200	-0.250311
7.630000	0.200	-0.248586
7.633333	0.200	-0.247115
7.636667	0.200	-0.246191
7.640000	0.200	-0.245875
7.643333	0.200	-0.246121
7.646667	0.200	-0.247012
7.650000	0.200	-0.248640
7.653333	0.200	-0.250753
7.656667	0.200	-0.252794
7.660000	0.200	-0.254272
7.663333	0.200	-0.254927
7.666667	0.200	-0.254707
7.670000	0.200	-0.253697
7.673333	0.200	-0.251886
7.676667	0.200	-0.249295
7.680000	0.200	-0.246432
7.683333	0.200	-0.244215
7.686667	0.200	-0.243417
7.690000	0.200	-0.244227
7.693333	0.200	-0.246279
7.696667	0.200	-0.248901
7.700000	0.200	-0.251274
7.703333	0.200	-0.252701
7.706667	0.200	-0.252972
7.710000	0.200	-0.252440
7.713333	0.200	-0.251877
7.716667	0.200	-0.252220
7.720000	0.200	-0.253898
7.723333	0.200	-0.256387
7.726667	0.200	-0.258767
7.730000	0.200	-0.260491
7.733333	0.200	-0.261446
7.736667	0.200	-0.261663
7.740000	0.200	-0.261325
7.743333	0.200	-0.261054
7.746667	0.200	-0.261649
7.750000	0.200	-0.263080
7.753333	0.200	-0.264288
7.756667	0.200	-0.264425
7.760000	0.200	-0.263666
7.763333	0.200	-0.262619
7.766667	0.200	-0.261771
7.770000	0.200	-0.261631
7.773333	0.200	-0.262510
7.776667	0.200	-0.263943
7.780000	0.200	-0.265010
7.783333	0.200	-0.265332
7.786667	0.200	-0.265263
7.790000	0.200	-0.264996
7.793333	0.200	-0.264181
7.796667	0.200	-0.262810
7.800000	0.200	-0.261777
7.803333	0.200	-0.261982
7.806667	0.200	-0.263414
7.810000	0.200	-0.265486
7.813333	0.200	-0.267720
7.816667	0.200	-0.269765
7.820000	0.200	-0.271248
7.823333	0.200	-0.271963
7.826667	0.200	-0.272174
7.830000	0.200	-0.272498
7.833333	0.200	-0.273344
7.836667	0.200	-0.274670
7.840000	0.200	-0.276006
7.843333	0.200	-0.276512
7.846667	0.200	-0.275587
7.850000	0.200	-0.273587
7.853333	0.200	-0.271465
7.856667	0.200	-0.269938
7.860000	0.200	-0.269425
7.863333	0.200	-0.270057
7.866667	0.200	-0.271103
7.870000	0.200	-0.271215
7.873333	0.200	-0.269739
7.876667	0.200	-0.267277
7.880000	0.200	-0.264981
7.883333	0.200	-0.263810
7.886667	0.200	-0.264266
7.890000	0.200	-0.266079
7.893333	0.200	-0.268176
7.896667	0.200	-0.269680
7.900000	0.200	-0.270864
7.903333	0.200	-0.272569
7.906667	0.200	-0.274939
7.910000	0.200	-0.277257
7.913333	0.200	-0.278919
7.916667	0.200	-0.280000
7.920000	0.200	-0.280706
7.923333	0.200	-0.281083
7.926667	0.200	-0.281562
7.930000	0.200	-0.282782
7.933333	0.200	-0.284665
7.936667	0.200	-0.286649
7.940000	0.200	-0.288467
7.943333	0.200	-0.289955
7.946667	0.200	-0.290952
7.950000	0.200	-0.291657
7.953333	0.200	-0.292448
7.956667	0.200	-0.293485
7.960000	0.200	-0.294649
7.963333	0.200	-0.295714
7.966667	0.200	-0.296514
7.970000	0.200	-0.296880
7.973333	0.200	-0.296679
7.976667	0.200	-0.296099
7.980000	0.200	-0.295579
7.983333	0.200	-0.295440
7.986667	0.200	-0.295860
7.990000	0.200	-0.297174
7.993333	0.200	-0.299641
7.996667	0.200	-0.302782
8.000000	0.200	-0.305670
8.003333	0.200	-0.307798
8.006667	0.200	-0.309256
8.010000	0.200	-0.310324
8.013333	0.200	-0.311095
8.016667	0.200	-0.311606
8.020000	0.200	-0.312092
8.023333	0.200	-0.312567
8.026667	0.200	-0.312544
8.030000	0.200	-0.311724
8.033333	0.200	-0.310488
8.036667	0.200	-0.309593
8.040000	0.200	-0.309533
8.043333	0.200	-0.309939
8.046667	0.200	-0.309723
8.050000	0.200	-0.308033
8.053333	0.200	-0.305036
8.056667	0.200	-0.301881
8.060000	0.200	-0.299953
8.063333	0.200	-0.300197
8.066667	0.200	-0.302741
8.070000	0.200	-0.306894
8.073333	0.200	-0.311680
8.076667	0.200	-0.316252
8.080000	0.200	-0.319875
8.083333	0.200	-0.322131
8.086667	0.200	-0.323263
8.090000	0.200	-0.323753
8.093333	0.200	-0.323679
8.096667	0.200	-0.322899
8.100000	0.200	-0.321522
8.103333	0.200	-0.319804
8.106667	0.200	-0.317790
8.110000	0.200	-0.315569
8.113333	0.200	-0.313806
8.116667	0.200	-0.313548
8.120000	0.200	-0.315352
8.123333	0.200	-0.318564
8.126667	0.200	-0.321561
8.130000	0.200	-0.323121
8.133333	0.200	-0.323422
8.136667	0.200	-0.323445
8.140000	0.200	-0.323878
8.143333	0.200	-0.324814
8.146667	0.200	-0.326051
8.150000	0.200	-0.327343
8.153333	0.200	-0.328418
8.156667	0.200	-0.328982
8.160000	0.200	-0.328994
8.163333	0.200	-0.329064
8.166667	0.200	-0.330269
8.170000	0.200	-0.333174
8.173333	0.200	-0.337172
8.176667	0.200	-0.340857
8.180000	0.200	-0.342920
8.183333	0.200	-0.342885
8.186667	0.200	-0.341222
8.190000	0.200	-0.338965
8.193333	0.200	-0.337350
8.196667	0.200	-0.337251
8.200000	0.200	-0.338290
8.203333	0.200	-0.338863
8.206667	0.200	-0.337649
8.210000	0.200	-0.334902
8.213333	0.200	-0.331998
8.216667	0.200	-0.330064
8.220000	0.200	-0.330937
8.223333	0.200	-0.340477
8.226667	0.200	-0.366896
8.230000	0.200	-0.412641
8.233333	0.200	-0.470662
8.236667	0.200	-0.529581
8.240000	0.200	-0.580363
8.243333	0.200	-0.618743
8.246667	0.200	-0.644087
8.250000	0.200	-0.657750
8.253333	0.200	-0.662321
8.256667	0.200	-0.661033
8.260000	0.200	-0.656909
8.263333	0.200	-0.652135
8.266667	0.200	-0.647997
8.270000	0.200	-0.645154
8.273333	0.200	-0.643868
8.276667	0.200	-0.643914
8.280000	0.200	-0.644490
8.283333	0.200	-0.644762
8.286667	0.200	-0.644791
8.290000	0.200	-0.645553
8.293333	0.200	-0.647797
8.296667	0.200	-0.651139
8.300000	0.200	-0.654213
8.303333	0.200	-0.655705
8.306667	0.200	-0.655469
8.310000	0.200	-0.654440
8.313333	0.200	-0.653555
8.316667	0.200	-0.653154
8.320000	0.200	-0.653190
8.323333	0.200	-0.653400
8.326667	0.200	-0.653304
8.330000	0.200	-0.652667
8.333333	0.200	-0.651771
8.336667	0.200	-0.650900
8.340000	0.200	-0.650083
8.343333	0.200	-0.649578
8.346667	0.200	-0.650087
8.350000	0.200	-0.652092
8.353333	0.200	-0.654894
8.356667	0.200	-0.656554
8.360000	0.200	-0.655288
8.363333	0.200	-0.650847
8.366667	0.200	-0.644431
8.370000	0.200	-0.636990
8.373333	0.200	-0.625957
8.376667	0.200	-0.604577
8.380000	0.200	-0.567895
8.383333	0.200	-0.518810
8.386667	0.200	-0.466432
8.390000	0.200	-0.420140
8.393333	0.200	-0.385566
8.396667	0.200	-0.363553
8.400000	0.200	-0.351307
8.403333	0.200	-0.344899
8.406667	0.200	-0.341369
8.410000	0.200	-0.339447
8.413333	0.200	-0.339224
8.416667	0.200	-0.341146
8.420000	0.200	-0.345121
8.423333	0.200	-0.350418
8.426667	0.200	-0.356063
8.430000	0.200	-0.361057
8.433333	0.200	-0.364451
8.436667	0.200	-0.365947
8.440000	0.200	-0.366289
8.443333	0.200	-0.366619
8.446667	0.200	-0.367556
8.450000	0.200	-0.368771
8.453333	0.200	-0.369652
8.456667	0.200	-0.370615
8.460000	0.200	-0.372683
8.463333	0.200	-0.375550
8.466667	0.200	-0.377363
8.470000	0.200	-0.376789
8.473333	0.200	-0.374513
8.476667	0.200	-0.372569
8.480000	0.200	-0.372660
8.483333	0.200	-0.374974
8.486667	0.200	-0.378085
8.490000	0.200	-0.380119
8.493333	0.200	-0.380409
8.496667	0.200	-0.379792
8.500000	0.200	-0.379377
8.503333	0.200	-0.379663
8.506667	0.200	-0.380549
8.510000	0.200	-0.381465
8.513333	0.200	-0.381601
8.516667	0.200	-0.380417
8.520000	0.200	-0.377919
8.523333	0.200	-0.374511
8.526667	0.200	-0.370870
8.530000	0.200	-0.367737
8.533333	0.200	-0.365616
8.536667	0.200	-0.364902
8.540000	0.200	-0.365854
8.543333	0.200	-0.367986
8.546667	0.200	-0.369962
8.550000	0.200	-0.370442
8.553333	0.200	-0.369209
8.556667	0.200	-0.367498
8.560000	0.200	-0.366969
8.563333	0.200	-0.368326
8.566667	0.200	-0.371112
8.570000	0.200	-0.374495
8.573333	0.200	-0.377598
8.576667	0.200	-0.379244
8.580000	0.200	-0.378649
8.583333	0.200	-0.376441
8.586667	0.200	-0.373866
8.590000	0.200	-0.371662
8.593333	0.200	-0.370291
8.596667	0.200	-0.369948
8.600000	0.200	-0.370294
8.603333	0.200	-0.371008
8.606667	0.200	-0.372176
8.610000	0.200	-0.373961
8.613333	0.200	-0.376227
8.616667	0.200	-0.378609
8.620000	0.200	-0.380912
8.623333	0.200	-0.383189
8.626667	0.200	-0.385450
8.630000	0.200	-0.387496
8.633333	0.200	-0.389003
8.636667	0.200	-0.389639
8.640000	0.200	-0.389175
8.643333	0.200	-0.387556
8.646667	0.200	-0.385002
8.650000	0.200	-0.382331
8.653333	0.200	-0.381010
8.656667	0.200	-0.382206
8.660000	0.200	-0.385520
8.663333	0.200	-0.389071
8.666667	0.200	-0.390844
8.670000	0.200	-0.389869
8.673333	0.200	-0.386593
8.676667	0.200	-0.382431
8.680000	0.200	-0.378734
8.683333	0.200	-0.376289
8.686667	0.200	-0.375612
8.690000	0.200	-0.376891
8.693333	0.200	-0.379652
8.696667	0.200	-0.383083
8.700000	0.200	-0.386583
8.703333	0.200	-0.389824
8.706667	0.200	-0.392566
8.710000	0.200	-0.394764
8.713333	0.200	-0.396634
8.716667	0.200	-0.398105
8.720000	0.200	-0.398680
8.723333	0.200	-0.398306
8.726667	0.200	-0.397588
8.730000	0.200	-0.397087
8.733333	0.200	-0.397029
8.736667	0.200	-0.397228
8.740000	0.200	-0.396981
8.743333	0.200	-0.395499
8.746667	0.200	-0.392624
8.750000	0.200	-0.389158
8.753333	0.200	-0.386227
8.756667	0.200	-0.384242
8.760000	0.200	-0.382936
8.763333	0.200	-0.382128
8.766667	0.200	-0.381932
8.770000	0.200	-0.382334
8.773333	0.200	-0.382850
8.776667	0.200	-0.382959
8.780000	0.200	-0.382640
8.783333	0.200	-0.382179
8.786667	0.200	-0.381886
8.790000	0.200	-0.382001
8.793333	0.200	-0.382709
8.796667	0.200	-0.384257
8.800000	0.200	-0.386679
8.803333	0.200	-0.389511
8.806667	0.200	-0.392232
8.810000	0.200	-0.394943
8.813333	0.200	-0.398303
8.816667	0.200	-0.402573
8.820000	0.200	-0.406854
8.823333	0.200	-0.409609
8.826667	0.200	-0.410097
8.830000	0.200	-0.409123
8.833333	0.200	-0.408351
8.836667	0.200	-0.409094
8.840000	0.200	-0.411642
8.843333	0.200	-0.415218
8.846667	0.200	-0.418714
8.850000	0.200	-0.421662
8.853333	0.200	-0.424109
8.856667	0.200	-0.425970
8.860000	0.200	-0.427120
8.863333	0.200	-0.427742
8.866667	0.200	-0.428518
8.870000	0.200	-0.430466
8.873333	0.200	-0.434122
8.876667	0.200	-0.438917
8.880000	0.200	-0.443598
8.883333	0.200	-0.447220
8.886667	0.200	-0.449952
8.890000	0.200	-0.452971
8.893333	0.200	-0.457361
8.896667	0.200	-0.463270
8.900000	0.200	-0.470024
8.903333	0.200	-0.476614
8.906667	0.200	-0.482234
8.910000	0.200	-0.486508
8.913333	0.200	-0.489421
8.916667	0.200	-0.491465
8.920000	0.200	-0.493574
8.923333	0.200	-0.496421
8.926667	0.200	-0.499913
8.930000	0.200	-0.503494
8.933333	0.200	-0.506670
8.936667	0.200	-0.509173
8.940000	0.200	-0.510984
8.943333	0.200	-0.512401
8.946667	0.200	-0.513916
8.950000	0.200	-0.515953
8.953333	0.200	-0.518391
8.956667	0.200	-0.520225
8.960000	0.200	-0.520480
8.963333	0.200	-0.519692
8.966667	0.200	-0.519578
8.970000	0.200	-0.521197
8.973333	0.200	-0.523984
8.976667	0.200	-0.526341
8.980000	0.200	-0.526791
8.983333	0.200	-0.524671
8.986667	0.200	-0.519998
8.990000	0.200	-0.512911
8.993333	0.200	-0.503304
8.996667	0.200	-0.490989
9.000000	0.200	-0.476033
9.003333	0.200	-0.458291
9.006667	0.200	-0.436541
9.010000	0.200	-0.409251
9.013333	0.200	-0.376666
9.016667	0.200	-0.341353
9.020000	0.200	-0.306994
9.023333	0.200	-0.277451
9.026667	0.200	-0.256321
9.030000	0.200	-0.246347
9.033333	0.200	-0.248631
9.036667	0.200	-0.262159
9.040000	0.200	-0.284494
9.043333	0.200	-0.313133
9.046667	0.200	-0.346025
9.050000	0.200	-0.381110
9.053333	0.200	-0.415806
9.056667	0.200	-0.446876
9.060000	0.200	-0.471314
9.063333	0.200	-0.488277
9.066667	0.200	-0.499889
9.070000	0.200	-0.509606
9.073333	0.200	-0.519779
9.076667	0.200	-0.530647
9.080000	0.200	-0.541100
9.083333	0.200	-0.549582
9.086667	0.200	-0.554664
9.090000	0.200	-0.555813
9.093333	0.200	-0.553674
9.096667	0.200	-0.549721
9.100000	0.200	-0.545744
9.103333	0.200	-0.543052
9.106667	0.200	-0.541769
9.110000	0.200	-0.541130
9.113333	0.200	-0.540673
9.116667	0.200	-0.540850
9.120000	0.200	-0.542463
9.123333	0.200	-0.545681
9.126667	0.200	-0.549603
9.130000	0.200	-0.552987
9.133333	0.200	-0.555078
9.136667	0.200	-0.555546
9.140000	0.200	-0.554423
9.143333	0.200	-0.552298
9.146667	0.200	-0.550285
9.150000	0.200	-0.549557
9.153333	0.200	-0.550549
9.156667	0.200	-0.552731
9.160000	0.200	-0.555092
9.163333	0.200	-0.556513
9.166667	0.200	-0.556322
9.170000	0.200	-0.554981
9.173333	0.200	-0.553618
9.176667	0.200	-0.552827
9.180000	0.200	-0.552417
9.183333	0.200	-0.552006
9.186667	0.200	-0.551491
9.190000	0.200	-0.551073
9.193333	0.200	-0.551022
9.196667	0.200	-0.551440
9.200000	0.200	-0.552171
9.203333	0.200	-0.552998
9.206667	0.200	-0.553955
9.210000	0.200	-0.555211
9.213333	0.200	-0.556647
9.216667	0.200	-0.557746
9.220000	0.200	-0.557949
9.223333	0.200	-0.557232
9.226667	0.200	-0.556287
9.230000	0.200	-0.556015
9.233333	0.200	-0.556966
9.236667	0.200	-0.559032
9.240000	0.200	-0.561137
9.243333	0.200	-0.561616
9.246667	0.200	-0.559633
9.250000	0.200	-0.555805
9.253333	0.200	-0.551262
9.256667	0.200	-0.547027
9.260000	0.200	-0.544083
9.263333	0.200	-0.543037
9.266667	0.200	-0.543843
9.270000	0.200	-0.546000
9.273333	0.200	-0.548541
9.276667	0.200	-0.550153
9.280000	0.200	-0.550007
9.283333	0.200	-0.548331
9.286667	0.200	-0.545935
9.290000	0.200	-0.543702
9.293333	0.200	-0.542479
9.296667	0.200	-0.542589
9.300000	0.200	-0.543479
9.303333	0.200	-0.544444
9.306667	0.200	-0.545737
9.310000	0.200	-0.549955
9.313333	0.200	-0.563529
9.316667	0.200	-0.594125
9.320000	0.200	-0.643622
9.323333	0.200	-0.705259
9.326667	0.200	-0.768013
9.330000	0.200	-0.822250
9.333333	0.200	-0.862822
9.336667	0.200	-0.889423
9.340000	0.200	-0.905119
9.343333	0.200	-0.914162
9.346667	0.200	-0.919906
9.350000	0.200	-0.924105
9.353333	0.200	-0.927746
9.356667	0.200	-0.931509
9.360000	0.200	-0.935428
9.363333	0.200	-0.939082
9.366667	0.200	-0.941949
9.370000	0.200	-0.943370
9.373333	0.200	-0.942937
9.376667	0.200	-0.941047
9.380000	0.200	-0.938737
9.383333	0.200	-0.937030
9.386667	0.200	-0.936253
9.390000	0.200	-0.936106
9.393333	0.200	-0.936295
9.396667	0.200	-0.936322
9.400000	0.200	-0.935113
9.403333	0.200	-0.931976
9.406667	0.200	-0.927482
9.410000	0.200	-0.922857
9.413333	0.200	-0.919320
9.416667	0.200	-0.917999
9.420000	0.200	-0.919297
9.423333	0.200	-0.922284
9.426667	0.200	-0.925377
9.430000	0.200	-0.927619
9.433333	0.200	-0.929468
9.436667	0.200	-0.932429
9.440000	0.200	-0.937214
9.443333	0.200	-0.942571
9.446667	0.200	-0.946714
9.450000	0.200	-0.948946
9.453333	0.200	-0.949416
9.456667	0.200	-0.948617
9.460000	0.200	-0.947504
9.463333	0.200	-0.947162
9.466667	0.200	-0.947961
9.470000	0.200	-0.949199
9.473333	0.200	-0.949390
9.476667	0.200	-0.946770
9.480000	0.200	-0.940414
9.483333	0.200	-0.931417
9.486667	0.200	-0.922396
9.490000	0.200	-0.915828
9.493333	0.200	-0.913103
9.496667	0.200	-0.914326
9.500000	0.200	-0.918375
9.503333	0.200	-0.923749
9.506667	0.200	-0.929448
9.510000	0.200	-0.934812
9.513333	0.200	-0.939340
9.516667	0.200	-0.942949
9.520000	0.200	-0.945890
9.523333	0.200	-0.948306
9.526667	0.200	-0.949788
9.530000	0.200	-0.949703
9.533333	0.200	-0.948318
9.536667	0.200	-0.946970
9.540000	0.200	-0.946923
9.543333	0.200	-0.948441
9.546667	0.200	-0.950816
9.550000	0.200	-0.952778
9.553333	0.200	-0.952744
9.556667	0.200	-0.949310
9.560000	0.200	-0.942466
9.563333	0.200	-0.934203
9.566667	0.200	-0.927145
9.570000	0.200	-0.922743
9.573333	0.200	-0.920959
9.576667	0.200	-0.920857
9.580000	0.200	-0.921590
9.583333	0.200	-0.923418
9.586667	0.200	-0.927275
9.590000	0.200	-0.933229
9.593333	0.200	-0.940140
9.596667	0.200	-0.946693
9.600000	0.200	-0.951811
9.603333	0.200	-0.954440
9.606667	0.200	-0.954501
9.610000	0.200	-0.953979
9.613333	0.200	-0.955491
9.616667	0.200	-0.959852
9.620000	0.200	-0.965710
9.623333	0.200	-0.970923
9.626667	0.200	-0.973898
9.630000	0.200	-0.973762
9.633333	0.200	-0.969953
9.636667	0.200	-0.962805
9.640000	0.200	-0.953961
9.643333	0.200	-0.945317
9.646667	0.200	-0.938282
9.650000	0.200	-0.933957
9.653333	0.200	-0.933012
9.656667	0.200	-0.935407
9.660000	0.200	-0.940473
9.663333	0.200	-0.947367
9.666667	0.200	-0.955439
9.670000	0.200	-0.964134
9.673333	0.200	-0.972786
9.676667	0.200	-0.980401
9.680000	0.200	-0.985643
9.683333	0.200	-0.987469
9.686667	0.200	-0.986138
9.690000	0.200	-0.983381
9.693333	0.200	-0.981293
9.696667	0.200	-0.981173
9.700000	0.200	-0.983105
9.703333	0.200	-0.985781
9.706667	0.200	-0.986896
9.710000	0.200	-0.984534
9.713333	0.200	-0.978456
9.716667	0.200	-0.970099
9.720000	0.200	-0.961576
9.723333	0.200	-0.954784
9.726667	0.200	-0.951055
9.730000	0.200	-0.950929
9.733333	0.200	-0.953804
9.736667	0.200	-0.958300
9.740000	0.200	-0.963330
9.743333	0.200	-0.968488
9.746667	0.200	-0.973623
9.750000	0.200	-0.978686
9.753333	0.200	-0.983630
9.756667	0.200	-0.988028
9.760000	0.200	-0.991110
9.763333	0.200	-0.992238
9.766667	0.200	-0.991392
9.770000	0.200	-0.989545
9.773333	0.200	-0.988307
9.776667	0.200	-0.988839
9.780000	0.200	-0.991115
9.783333	0.200	-0.993971
9.786667	0.200	-0.995598
9.790000	0.200	-0.994710
9.793333	0.200	-0.991732
9.796667	0.200	-0.988243
9.800000	0.200	-0.985684
9.803333	0.200	-0.985045
9.806667	0.200	-0.986444
9.810000	0.200	-0.988644
9.813333	0.200	-0.989933
9.816667	0.200	-0.989565
9.820000	0.200	-0.988006
9.823333	0.200	-0.986124
9.826667	0.200	-0.984847
9.830000	0.200	-0.985190
9.833333	0.200	-0.987552
9.836667	0.200	-0.991015
9.840000	0.200	-0.993986
9.843333	0.200	-0.995615
9.846667	0.200	-0.996397
9.850000	0.200	-0.997396
9.853333	0.200	-0.999151
9.856667	0.200	-1.001326
9.860000	0.200	-1.003008
9.863333	0.200	-1.003288
9.866667	0.200	-1.001970
9.870000	0.200	-0.999668
9.873333	0.200	-0.997216
9.876667	0.200	-0.995135
9.880000	0.200	-0.993425
9.883333	0.200	-0.991804
9.886667	0.200	-0.990191
9.890000	0.200	-0.988916
9.893333	0.200	-0.988444
9.896667	0.200	-0.988836
9.900000	0.200	-0.989772
9.903333	0.200	-0.991120
9.906667	0.200	-0.992757
9.910000	0.200	-0.994038
9.913333	0.200	-0.994245
9.916667	0.200	-0.993264
9.920000	0.200	-0.991362
9.923333	0.200	-0.988964
9.926667	0.200	-0.987154
9.930000	0.200	-0.987471
9.933333	0.200	-0.990410
9.936667	0.200	-0.994720
9.940000	0.200	-0.998687
9.943333	0.200	-1.001649
9.946667	0.200	-1.003857
9.950000	0.200	-1.005268
9.953333	0.200	-1.005334
9.956667	0.200	-1.004036
9.960000	0.200	-1.002181
9.963333	0.200	-1.000522
9.966667	0.200	-0.999197
9.970000	0.200	-0.997943
9.973333	0.200	-0.996435
9.976667	0.200	-0.994612
9.980000	0.200	-0.992843
9.983333	0.200	-0.991315
9.986667	0.200	-0.989729
9.990000	0.200	-0.988006
9.993333	0.200	-0.986226
9.996667	0.200	-0.983944
10.000000	0.200	-0.980712
10.003333	0.200	-0.977104
10.006667	0.200	-0.974393
10.010000	0.200	-0.973337
10.013333	0.200	-0.974046
10.016667	0.200	-0.976659
10.020000	0.200	-0.981157
10.023333	0.200	-0.987099
10.026667	0.200	-0.993874
10.030000	0.200	-1.000420
10.033333	0.200	-1.004995
10.036667	0.200	-1.006151
10.040000	0.200	-1.003781
10.043333	0.200	-0.998961
10.046667	0.200	-0.993313
10.050000	0.200	-0.988278
10.053333	0.200	-0.984261
10.056667	0.200	-0.980924
10.060000	0.200	-0.978427
10.063333	0.200	-0.977542
10.066667	0.200	-0.978453
10.070000	0.200	-0.980133
10.073333	0.200	-0.981059
10.076667	0.200	-0.980352
10.080000	0.200	-0.978169
10.083333	0.200	-0.975123
10.086667	0.200	-0.971780
10.090000	0.200	-0.968875
10.093333	0.200	-0.967363
10.096667	0.200	-0.967982
10.100000	0.200	-0.971102
10.103333	0.200	-0.976522
10.106667	0.200	-0.983045
10.110000	0.200	-0.988676
10.113333	0.200	-0.991259
10.116667	0.200	-0.989375
10.120000	0.200	-0.983410
10.123333	0.200	-0.975551
10.126667	0.200	-0.968233
10.130000	0.200	-0.962708
10.133333	0.200	-0.959149
10.136667	0.200	-0.957451
10.140000	0.200	-0.957323
10.143333	0.200	-0.957867
10.146667	0.200	-0.957676
10.150000	0.200	-0.955761
10.153333	0.200	-0.952293
10.156667	0.200	-0.948378
10.160000	0.200	-0.945346
10.163333	0.200	-0.944127
10.166667	0.200	-0.945054
10.170000	0.200	-0.948015
10.173333	0.200	-0.952510
10.176667	0.200	-0.957863
10.180000	0.200	-0.963445
10.183333	0.200	-0.968157
10.186667	0.200	-0.970103
10.190000	0.200	-0.967775
10.193333	0.200	-0.961515
10.196667	0.200	-0.953385
10.200000	0.200	-0.945746
10.203333	0.200	-0.940137
10.206667	0.200	-0.936835
10.210000	0.200	-0.934765
10.213333	0.200	-0.932489
10.216667	0.200	-0.929614
10.220000	0.200	-0.926514
10.223333	0.200	-0.923197
10.226667	0.200	-0.919505
10.230000	0.200	-0.915861
10.233333	0.200	-0.912958
10.236667	0.200	-0.911104
10.240000	0.200	-0.910234
10.243333	0.200	-0.910180
10.246667	0.200	-0.910739
10.250000	0.200	-0.911728
10.253333	0.200	-0.912974
10.256667	0.200	-0.914411
10.260000	0.200	-0.916334
10.263333	0.200	-0.919052
10.266667	0.200	-0.922272
10.270000	0.200	-0.925396
10.273333	0.200	-0.928117
10.276667	0.200	-0.930122
10.280000	0.200	-0.930791
10.283333	0.200	-0.929797
10.286667	0.200	-0.927826
10.290000	0.200	-0.926256
10.293333	0.200	-0.926023
10.296667	0.200	-0.927159
10.300000	0.200	-0.929014
10.303333	0.200	-0.930339
10.306667	0.200	-0.929968
10.310000	0.200	-0.927946
10.313333	0.200	-0.925442
10.316667	0.200	-0.923604
10.320000	0.200	-0.922907
10.323333	0.200	-0.923351
10.326667	0.200	-0.925032
10.330000	0.200	-0.928343
10.333333	0.200	-0.933203
10.336667	0.200	-0.938403
10.340000	0.200	-0.942231
10.343333	0.200	-0.943620
10.346667	0.200	-0.942620
10.350000	0.200	-0.939979
10.353333	0.200	-0.936465
10.356667	0.200	-0.932438
10.360000	0.200	-0.928012
10.363333	0.200	-0.923845
10.366667	0.200	-0.921280
10.370000	0.200	-0.921383
10.373333	0.200	-0.924179
10.376667	0.200	-0.928535
10.380000	0.200	-0.932379
10.383333	0.200	-0.933599
10.386667	0.200	-0.931322
10.390000	0.200	-0.926374
10.393333	0.200	-0.920637
10.396667	0.200	-0.915854
10.400000	0.200	-0.912585
10.403333	0.200	-0.910295
10.406667	0.200	-0.908723
10.410000	0.200	-0.908699
10.413333	0.200	-0.911189
10.416667	0.200	-0.915922
10.420000	0.200	-0.921311
10.423333	0.200	-0.925562
10.426667	0.200	-0.927605
10.430000	0.200	-0.927137
10.433333	0.200	-0.924533
10.436667	0.200	-0.920942
10.440000	0.200	-0.917800
10.443333	0.200	-0.916029
10.446667	0.200	-0.915958
10.450000	0.200	-0.917596
10.453333	0.200	-0.920204
10.456667	0.200	-0.922061
10.460000	0.200	-0.921687
10.463333	0.200	-0.919120
10.466667	0.200	-0.915558
10.470000	0.200	-0.912353
10.473333	0.200	-0.910393
10.476667	0.200	-0.909887
10.480000	0.200	-0.910436
10.483333	0.200	-0.910875
10.486667	0.200	-0.909403
10.490000	0.200	-0.904495
10.493333	0.200	-0.894311
10.496667	0.200	-0.874650
10.500000	0.200	-0.840826
10.503333	0.200	-0.793192
10.506667	0.200	-0.738738
10.510000	0.200	-0.687047
10.513333	0.200	-0.645518
10.516667	0.200	-0.617220
10.520000	0.200	-0.601543
10.523333	0.200	-0.595948
10.526667	0.200	-0.597250
10.530000	0.200	-0.602178
10.533333	0.200	-0.607600
10.536667	0.200	-0.611021
10.540000	0.200	-0.611362
10.543333	0.200	-0.609277
10.546667	0.200	-0.606303
10.550000	0.200	-0.603635
10.553333	0.200	-0.602058
10.556667	0.200	-0.602418
10.560000	0.200	-0.605007
10.563333	0.200	-0.608645
10.566667	0.200	-0.611295
10.570000	0.200	-0.611764
10.573333	0.200	-0.610393
10.576667	0.200	-0.608150
10.580000	0.200	-0.605807
10.583333	0.200	-0.603967
10.586667	0.200	-0.603016
10.590000	0.200	-0.602735
10.593333	0.200	-0.602087
10.596667	0.200	-0.599611
10.600000	0.200	-0.594608
10.603333	0.200	-0.588041
10.606667	0.200	-0.581844
10.610000	0.200	-0.577164
10.613333	0.200	-0.573512
10.616667	0.200	-0.569817
10.620000	0.200	-0.565608
10.623333	0.200	-0.560859
10.626667	0.200	-0.555668
10.630000	0.200	-0.550331
10.633333	0.200	-0.545034
10.636667	0.200	-0.539466
10.640000	0.200	-0.533084
10.643333	0.200	-0.525692
10.646667	0.200	-0.517697
10.650000	0.200	-0.509969
10.653333	0.200	-0.503435
10.656667	0.200	-0.498569
10.660000	0.200	-0.494839
10.663333	0.200	-0.490573
10.666667	0.200	-0.483784
10.670000	0.200	-0.473420
10.673333	0.200	-0.459909
10.676667	0.200	-0.444549
10.680000	0.200	-0.428117
10.683333	0.200	-0.410210
10.686667	0.200	-0.390390
10.690000	0.200	-0.369432
10.693333	0.200	-0.349052
10.696667	0.200	-0.330651
10.700000	0.200	-0.314364
10.703333	0.200	-0.299513
10.706667	0.200	-0.285664
10.710000	0.200	-0.272732
10.713333	0.200	-0.260832
10.716667	0.200	-0.250554
10.720000	0.200	-0.242569
10.723333	0.200	-0.236807
10.726667	0.200	-0.232615
10.730000	0.200	-0.229356
10.733333	0.200	-0.226534
10.736667	0.200	-0.223827
10.740000	0.200	-0.221033
10.743333	0.200	-0.217955
10.746667	0.200	-0.214541
10.750000	0.200	-0.210995
10.753333	0.200	-0.207432
10.756667	0.200	-0.203552
10.760000	0.200	-0.199156
10.763333	0.200	-0.195073
10.766667	0.200	-0.192562
10.770000	0.200	-0.191487
10.773333	0.200	-0.190289
10.776667	0.200	-0.187843
10.780000	0.200	-0.184296
10.783333	0.200	-0.180335
10.786667	0.200	-0.176672
10.790000	0.200	-0.174085
10.793333	0.200	-0.172994
10.796667	0.200	-0.172823
10.800000	0.200	-0.172510
10.803333	0.200	-0.171596
10.806667	0.200	-0.170063
10.810000	0.200	-0.167597
10.813333	0.200	-0.163823
10.816667	0.200	-0.158936
10.820000	0.200	-0.153637
10.823333	0.200	-0.148646
10.826667	0.200	-0.144538
10.830000	0.200	-0.141686
10.833333	0.200	-0.140103
10.836667	0.200	-0.139469
10.840000	0.200	-0.139493
10.843333	0.200	-0.140289
10.846667	0.200	-0.142057
10.850000	0.200	-0.144128
10.853333	0.200	-0.144816
10.856667	0.200	-0.142744
10.860000	0.200	-0.137912
10.863333	0.200	-0.131420
10.866667	0.200	-0.124953
10.870000	0.200	-0.120272
10.873333	0.200	-0.118295
10.876667	0.200	-0.118404
10.880000	0.200	-0.118785
10.883333	0.200	-0.117776
10.886667	0.200	-0.114979
10.890000	0.200	-0.110863
10.893333	0.200	-0.105934
10.896667	0.200	-0.100781
10.900000	0.200	-0.096115
10.903333	0.200	-0.092299
10.906667	0.200	-0.089192
10.910000	0.200	-0.086456
10.913333	0.200	-0.083830
10.916667	0.200	-0.081263
10.920000	0.200	-0.078754
10.923333	0.200	-0.076037
10.926667	0.200	-0.072723
10.930000	0.200	-0.068642
10.933333	0.200	-0.063943
10.936667	0.200	-0.059037
10.940000	0.200	-0.054368
10.943333	0.200	-0.050211
10.946667	0.200	-0.046600
10.950000	0.200	-0.043282
10.953333	0.200	-0.039809
10.956667	0.200	-0.035751
10.960000	0.200	-0.031052
10.963333	0.200	-0.026209
10.966667	0.200	-0.021642
10.970000	0.200	-0.017159
10.973333	0.200	-0.012592
10.976667	0.200	-0.008179
10.980000	0.200	-0.004024
10.983333	0.200	0.000047
10.986667	0.200	0.003974
10.990000	0.200	0.007127
10.993333	0.200	0.008728
10.996667	0.200	0.008649
11.000000	0.200	0.007807
