File Path	chrom://nnfcb-l0286/ChromeleonLocal/metk/20171013_HMP_C61_metk.seq/539.smp/UV_VIS_2.channel/UV_VIS_2.chm
Channel	UV_VIS_2

Injection Information:
Data Vault	ChromeleonLocal
Injection	1000 ug/ml HIGH
Injection Number	94
Position	RB4
Comment	
Processing Method	HMP New ProcMethod
Instrument Method	HM_metode_ZorBax_0,02%_Acetic_acid_ver6
Type	Calibration Standard
Status	Finished
Injection Date	10/14/2017
Injection Time	8:28:33 AM
Injection Volume (µl)	1.000
Dilution Factor	1.0000
Weight	1.0000

Raw Data Information:
Time Min. (min)	0.000000
Time Max. (min)	11.000000
Data Points	3301
Detector	UV
Exporting Data System	Chromeleon 7.1.3.2425
Operator	
Signal Quantity	Absorbance
Signal Unit	mAU
Signal Min.	-0.921364
Signal Max.	368.979905
Channel	UV_VIS_2
Driver Name	DAD3000.dll
Channel Type	Evaluation
Min. Step (s)	0.200
Max. Step (s)	0.200
Average Step (s)	0.200

Signal Parameter Information:
Signal Info	WVL:280 nm

Raw Data:
Time (min)	Step (s)	Value (mAU)
0.000000	0.000	0.000000
0.003333	0.200	-0.001995
0.006667	0.200	-0.014332
0.010000	0.200	-0.047821
0.013333	0.200	-0.100227
0.016667	0.200	-0.151290
0.020000	0.200	-0.178761
0.023333	0.200	-0.174373
0.026667	0.200	-0.145213
0.030000	0.200	-0.106364
0.033333	0.200	-0.072100
0.036667	0.200	-0.050043
0.040000	0.200	-0.041090
0.043333	0.200	-0.042653
0.046667	0.200	-0.051096
0.050000	0.200	-0.062958
0.053333	0.200	-0.075950
0.056667	0.200	-0.089290
0.060000	0.200	-0.103025
0.063333	0.200	-0.117201
0.066667	0.200	-0.131663
0.070000	0.200	-0.146220
0.073333	0.200	-0.160731
0.076667	0.200	-0.174864
0.080000	0.200	-0.187883
0.083333	0.200	-0.199154
0.086667	0.200	-0.208653
0.090000	0.200	-0.216642
0.093333	0.200	-0.223392
0.096667	0.200	-0.229549
0.100000	0.200	-0.236185
0.103333	0.200	-0.244035
0.106667	0.200	-0.252791
0.110000	0.200	-0.261369
0.113333	0.200	-0.268922
0.116667	0.200	-0.275523
0.120000	0.200	-0.282126
0.123333	0.200	-0.290017
0.126667	0.200	-0.299999
0.130000	0.200	-0.311706
0.133333	0.200	-0.323578
0.136667	0.200	-0.333913
0.140000	0.200	-0.342173
0.143333	0.200	-0.348971
0.146667	0.200	-0.355152
0.150000	0.200	-0.361310
0.153333	0.200	-0.367799
0.156667	0.200	-0.374808
0.160000	0.200	-0.382352
0.163333	0.200	-0.390357
0.166667	0.200	-0.398747
0.170000	0.200	-0.407271
0.173333	0.200	-0.415636
0.176667	0.200	-0.424005
0.180000	0.200	-0.432507
0.183333	0.200	-0.440344
0.186667	0.200	-0.446376
0.190000	0.200	-0.450181
0.193333	0.200	-0.451937
0.196667	0.200	-0.452137
0.200000	0.200	-0.451841
0.203333	0.200	-0.452648
0.206667	0.200	-0.456055
0.210000	0.200	-0.462603
0.213333	0.200	-0.471410
0.216667	0.200	-0.480578
0.220000	0.200	-0.488186
0.223333	0.200	-0.493413
0.226667	0.200	-0.497085
0.230000	0.200	-0.500673
0.233333	0.200	-0.504744
0.236667	0.200	-0.508947
0.240000	0.200	-0.513051
0.243333	0.200	-0.517277
0.246667	0.200	-0.521813
0.250000	0.200	-0.526400
0.253333	0.200	-0.530592
0.256667	0.200	-0.534490
0.260000	0.200	-0.538759
0.263333	0.200	-0.543656
0.266667	0.200	-0.548706
0.270000	0.200	-0.553541
0.273333	0.200	-0.558243
0.276667	0.200	-0.562732
0.280000	0.200	-0.566620
0.283333	0.200	-0.569911
0.286667	0.200	-0.573282
0.290000	0.200	-0.577382
0.293333	0.200	-0.582160
0.296667	0.200	-0.586996
0.300000	0.200	-0.591336
0.303333	0.200	-0.595164
0.306667	0.200	-0.598695
0.310000	0.200	-0.601864
0.313333	0.200	-0.604542
0.316667	0.200	-0.606934
0.320000	0.200	-0.609569
0.323333	0.200	-0.613181
0.326667	0.200	-0.618174
0.330000	0.200	-0.623928
0.333333	0.200	-0.629200
0.336667	0.200	-0.633290
0.340000	0.200	-0.636457
0.343333	0.200	-0.639534
0.346667	0.200	-0.643497
0.350000	0.200	-0.648935
0.353333	0.200	-0.655544
0.356667	0.200	-0.662420
0.360000	0.200	-0.668691
0.363333	0.200	-0.673659
0.366667	0.200	-0.676908
0.370000	0.200	-0.678596
0.373333	0.200	-0.679346
0.376667	0.200	-0.679663
0.380000	0.200	-0.679774
0.383333	0.200	-0.680131
0.386667	0.200	-0.681168
0.390000	0.200	-0.682587
0.393333	0.200	-0.683778
0.396667	0.200	-0.684683
0.400000	0.200	-0.685890
0.403333	0.200	-0.688038
0.406667	0.200	-0.691123
0.410000	0.200	-0.694549
0.413333	0.200	-0.697616
0.416667	0.200	-0.699741
0.420000	0.200	-0.700838
0.423333	0.200	-0.701667
0.426667	0.200	-0.703297
0.430000	0.200	-0.706289
0.433333	0.200	-0.710593
0.436667	0.200	-0.715593
0.440000	0.200	-0.720391
0.443333	0.200	-0.724585
0.446667	0.200	-0.728316
0.450000	0.200	-0.731451
0.453333	0.200	-0.733617
0.456667	0.200	-0.734947
0.460000	0.200	-0.735945
0.463333	0.200	-0.736878
0.466667	0.200	-0.737760
0.470000	0.200	-0.738643
0.473333	0.200	-0.739834
0.476667	0.200	-0.741802
0.480000	0.200	-0.744599
0.483333	0.200	-0.747478
0.486667	0.200	-0.749453
0.490000	0.200	-0.750225
0.493333	0.200	-0.750433
0.496667	0.200	-0.751068
0.500000	0.200	-0.752789
0.503333	0.200	-0.755649
0.506667	0.200	-0.759198
0.510000	0.200	-0.762903
0.513333	0.200	-0.766465
0.516667	0.200	-0.769574
0.520000	0.200	-0.771703
0.523333	0.200	-0.772600
0.526667	0.200	-0.772685
0.530000	0.200	-0.772640
0.533333	0.200	-0.772659
0.536667	0.200	-0.772351
0.540000	0.200	-0.771677
0.543333	0.200	-0.771504
0.546667	0.200	-0.772653
0.550000	0.200	-0.774846
0.553333	0.200	-0.777172
0.556667	0.200	-0.779376
0.560000	0.200	-0.782105
0.563333	0.200	-0.786055
0.566667	0.200	-0.791308
0.570000	0.200	-0.797185
0.573333	0.200	-0.802545
0.576667	0.200	-0.806561
0.580000	0.200	-0.809273
0.583333	0.200	-0.810981
0.586667	0.200	-0.811580
0.590000	0.200	-0.810942
0.593333	0.200	-0.809366
0.596667	0.200	-0.807486
0.600000	0.200	-0.806030
0.603333	0.200	-0.805432
0.606667	0.200	-0.805661
0.610000	0.200	-0.806549
0.613333	0.200	-0.808077
0.616667	0.200	-0.810069
0.620000	0.200	-0.811860
0.623333	0.200	-0.812785
0.626667	0.200	-0.812809
0.630000	0.200	-0.812377
0.633333	0.200	-0.812052
0.636667	0.200	-0.812276
0.640000	0.200	-0.813090
0.643333	0.200	-0.814162
0.646667	0.200	-0.815243
0.650000	0.200	-0.816473
0.653333	0.200	-0.818139
0.656667	0.200	-0.820275
0.660000	0.200	-0.822577
0.663333	0.200	-0.824626
0.666667	0.200	-0.826086
0.670000	0.200	-0.826617
0.673333	0.200	-0.825919
0.676667	0.200	-0.824160
0.680000	0.200	-0.822199
0.683333	0.200	-0.821040
0.686667	0.200	-0.821229
0.690000	0.200	-0.822908
0.693333	0.200	-0.825844
0.696667	0.200	-0.829244
0.700000	0.200	-0.832100
0.703333	0.200	-0.833937
0.706667	0.200	-0.835165
0.710000	0.200	-0.836489
0.713333	0.200	-0.838065
0.716667	0.200	-0.839636
0.720000	0.200	-0.841108
0.723333	0.200	-0.842381
0.726667	0.200	-0.842985
0.730000	0.200	-0.842611
0.733333	0.200	-0.841769
0.736667	0.200	-0.841192
0.740000	0.200	-0.840899
0.743333	0.200	-0.840558
0.746667	0.200	-0.840331
0.750000	0.200	-0.840765
0.753333	0.200	-0.842232
0.756667	0.200	-0.844713
0.760000	0.200	-0.847814
0.763333	0.200	-0.850772
0.766667	0.200	-0.853058
0.770000	0.200	-0.855038
0.773333	0.200	-0.857308
0.776667	0.200	-0.859799
0.780000	0.200	-0.862034
0.783333	0.200	-0.863721
0.786667	0.200	-0.864855
0.790000	0.200	-0.865643
0.793333	0.200	-0.866578
0.796667	0.200	-0.868330
0.800000	0.200	-0.871230
0.803333	0.200	-0.874776
0.806667	0.200	-0.877887
0.810000	0.200	-0.880018
0.813333	0.200	-0.881647
0.816667	0.200	-0.883448
0.820000	0.200	-0.885734
0.823333	0.200	-0.888557
0.826667	0.200	-0.891627
0.830000	0.200	-0.894585
0.833333	0.200	-0.897478
0.836667	0.200	-0.900495
0.840000	0.200	-0.903604
0.843333	0.200	-0.906821
0.846667	0.200	-0.910274
0.850000	0.200	-0.913847
0.853333	0.200	-0.917231
0.856667	0.200	-0.920026
0.860000	0.200	-0.921364
0.863333	0.200	-0.919929
0.866667	0.200	-0.914739
0.870000	0.200	-0.905625
0.873333	0.200	-0.892507
0.876667	0.200	-0.873280
0.880000	0.200	-0.841286
0.883333	0.200	-0.785262
0.886667	0.200	-0.694340
0.890000	0.200	-0.565101
0.893333	0.200	-0.404291
0.896667	0.200	-0.225483
0.900000	0.200	-0.043321
0.903333	0.200	0.130555
0.906667	0.200	0.287873
0.910000	0.200	0.422024
0.913333	0.200	0.527594
0.916667	0.200	0.601311
0.920000	0.200	0.641754
0.923333	0.200	0.647373
0.926667	0.200	0.615750
0.930000	0.200	0.546209
0.933333	0.200	0.443599
0.936667	0.200	0.319559
0.940000	0.200	0.190579
0.943333	0.200	0.074455
0.946667	0.200	-0.013511
0.950000	0.200	-0.063401
0.953333	0.200	-0.072192
0.956667	0.200	-0.044267
0.960000	0.200	0.009070
0.963333	0.200	0.071810
0.966667	0.200	0.127574
0.970000	0.200	0.164566
0.973333	0.200	0.179838
0.976667	0.200	0.184862
0.980000	0.200	0.214595
0.983333	0.200	0.334347
0.986667	0.200	0.628891
0.990000	0.200	1.162583
0.993333	0.200	1.924333
0.996667	0.200	2.796017
1.000000	0.200	3.578458
1.003333	0.200	4.070229
1.006667	0.200	4.152824
1.010000	0.200	3.831441
1.013333	0.200	3.215537
1.016667	0.200	2.461799
1.020000	0.200	1.715505
1.023333	0.200	1.074960
1.026667	0.200	0.583456
1.030000	0.200	0.239661
1.033333	0.200	0.015506
1.036667	0.200	-0.125767
1.040000	0.200	-0.216433
1.043333	0.200	-0.278722
1.046667	0.200	-0.325206
1.050000	0.200	-0.361046
1.053333	0.200	-0.385915
1.056667	0.200	-0.395606
1.060000	0.200	-0.382954
1.063333	0.200	-0.336588
1.066667	0.200	-0.236347
1.070000	0.200	-0.045518
1.073333	0.200	0.300200
1.076667	0.200	0.907965
1.080000	0.200	1.943381
1.083333	0.200	3.632913
1.086667	0.200	6.234040
1.090000	0.200	9.960617
1.093333	0.200	14.874206
1.096667	0.200	20.782643
1.100000	0.200	27.201626
1.103333	0.200	33.418696
1.106667	0.200	38.654057
1.110000	0.200	42.260914
1.113333	0.200	43.884867
1.116667	0.200	43.524891
1.120000	0.200	41.486405
1.123333	0.200	38.259172
1.126667	0.200	34.374455
1.130000	0.200	30.290802
1.133333	0.200	26.332852
1.136667	0.200	22.682390
1.140000	0.200	19.406044
1.143333	0.200	16.498554
1.146667	0.200	13.923185
1.150000	0.200	11.639499
1.153333	0.200	9.617763
1.156667	0.200	7.842844
1.160000	0.200	6.310422
1.163333	0.200	5.019181
1.166667	0.200	3.962999
1.170000	0.200	3.125995
1.173333	0.200	2.481925
1.176667	0.200	1.997555
1.180000	0.200	1.637967
1.183333	0.200	1.372566
1.186667	0.200	1.181036
1.190000	0.200	1.056471
1.193333	0.200	1.002889
1.196667	0.200	1.027942
1.200000	0.200	1.134399
1.203333	0.200	1.314098
1.206667	0.200	1.546557
1.210000	0.200	1.802239
1.213333	0.200	2.049272
1.216667	0.200	2.260510
1.220000	0.200	2.416909
1.223333	0.200	2.506676
1.226667	0.200	2.522677
1.230000	0.200	2.460380
1.233333	0.200	2.318126
1.236667	0.200	2.099528
1.240000	0.200	1.815687
1.243333	0.200	1.485608
1.246667	0.200	1.134051
1.250000	0.200	0.787039
1.253333	0.200	0.466869
1.256667	0.200	0.188727
1.260000	0.200	-0.040239
1.263333	0.200	-0.219766
1.266667	0.200	-0.354559
1.270000	0.200	-0.452241
1.273333	0.200	-0.520878
1.276667	0.200	-0.566594
1.280000	0.200	-0.592425
1.283333	0.200	-0.598806
1.286667	0.200	-0.584803
1.290000	0.200	-0.549190
1.293333	0.200	-0.492140
1.296667	0.200	-0.417429
1.300000	0.200	-0.333109
1.303333	0.200	-0.250328
1.306667	0.200	-0.181314
1.310000	0.200	-0.136809
1.313333	0.200	-0.122841
1.316667	0.200	-0.137982
1.320000	0.200	-0.173361
1.323333	0.200	-0.215666
1.326667	0.200	-0.251129
1.330000	0.200	-0.268825
1.333333	0.200	-0.262745
1.336667	0.200	-0.232775
1.340000	0.200	-0.184297
1.343333	0.200	-0.126248
1.346667	0.200	-0.068413
1.350000	0.200	-0.018841
1.353333	0.200	0.017747
1.356667	0.200	0.040131
1.360000	0.200	0.049550
1.363333	0.200	0.048444
1.366667	0.200	0.040126
1.370000	0.200	0.028847
1.373333	0.200	0.018826
1.376667	0.200	0.012671
1.380000	0.200	0.010633
1.383333	0.200	0.010883
1.386667	0.200	0.010411
1.390000	0.200	0.006395
1.393333	0.200	-0.002941
1.396667	0.200	-0.018565
1.400000	0.200	-0.040915
1.403333	0.200	-0.069602
1.406667	0.200	-0.103415
1.410000	0.200	-0.141143
1.413333	0.200	-0.182028
1.416667	0.200	-0.225114
1.420000	0.200	-0.268871
1.423333	0.200	-0.311671
1.426667	0.200	-0.352146
1.430000	0.200	-0.389306
1.433333	0.200	-0.422736
1.436667	0.200	-0.452889
1.440000	0.200	-0.481233
1.443333	0.200	-0.509511
1.446667	0.200	-0.538681
1.450000	0.200	-0.568557
1.453333	0.200	-0.598060
1.456667	0.200	-0.625926
1.460000	0.200	-0.651393
1.463333	0.200	-0.674152
1.466667	0.200	-0.693848
1.470000	0.200	-0.709897
1.473333	0.200	-0.721826
1.476667	0.200	-0.729595
1.480000	0.200	-0.733740
1.483333	0.200	-0.735386
1.486667	0.200	-0.735920
1.490000	0.200	-0.736678
1.493333	0.200	-0.738638
1.496667	0.200	-0.742024
1.500000	0.200	-0.746479
1.503333	0.200	-0.751488
1.506667	0.200	-0.756314
1.510000	0.200	-0.760025
1.513333	0.200	-0.761844
1.516667	0.200	-0.761326
1.520000	0.200	-0.758594
1.523333	0.200	-0.754350
1.526667	0.200	-0.749289
1.530000	0.200	-0.743703
1.533333	0.200	-0.737576
1.536667	0.200	-0.730626
1.540000	0.200	-0.720884
1.543333	0.200	-0.692836
1.546667	0.200	-0.574167
1.550000	0.200	-0.144732
1.553333	0.200	1.089605
1.556667	0.200	3.979114
1.560000	0.200	9.595356
1.563333	0.200	18.769835
1.566667	0.200	31.520726
1.570000	0.200	46.807777
1.573333	0.200	62.838913
1.576667	0.200	77.726385
1.580000	0.200	90.089992
1.583333	0.200	99.333029
1.586667	0.200	105.570730
1.590000	0.200	109.359303
1.593333	0.200	111.398058
1.596667	0.200	112.314067
1.600000	0.200	112.561457
1.603333	0.200	112.413832
1.606667	0.200	112.007399
1.610000	0.200	111.396946
1.613333	0.200	110.601836
1.616667	0.200	109.634228
1.620000	0.200	108.511130
1.623333	0.200	107.255379
1.626667	0.200	105.891886
1.630000	0.200	104.443660
1.633333	0.200	102.929452
1.636667	0.200	101.363739
1.640000	0.200	99.757923
1.643333	0.200	98.121030
1.646667	0.200	96.459981
1.650000	0.200	94.780412
1.653333	0.200	93.087740
1.656667	0.200	91.387310
1.660000	0.200	89.683952
1.663333	0.200	87.981920
1.666667	0.200	86.285098
1.670000	0.200	84.597107
1.673333	0.200	82.921059
1.676667	0.200	81.259056
1.680000	0.200	79.612173
1.683333	0.200	77.981382
1.686667	0.200	76.368248
1.690000	0.200	74.774258
1.693333	0.200	73.200110
1.696667	0.200	71.646188
1.700000	0.200	70.112905
1.703333	0.200	68.600235
1.706667	0.200	67.107752
1.710000	0.200	65.635077
1.713333	0.200	64.181377
1.716667	0.200	62.744809
1.720000	0.200	61.323311
1.723333	0.200	59.915683
1.726667	0.200	58.521819
1.730000	0.200	57.142386
1.733333	0.200	55.778073
1.736667	0.200	54.428299
1.740000	0.200	53.091152
1.743333	0.200	51.765307
1.746667	0.200	50.451202
1.750000	0.200	49.150227
1.753333	0.200	47.863827
1.756667	0.200	46.592985
1.760000	0.200	45.337615
1.763333	0.200	44.096794
1.766667	0.200	42.869670
1.770000	0.200	41.655446
1.773333	0.200	40.452914
1.776667	0.200	39.260915
1.780000	0.200	38.079056
1.783333	0.200	36.907812
1.786667	0.200	35.748218
1.790000	0.200	34.601168
1.793333	0.200	33.466606
1.796667	0.200	32.343655
1.800000	0.200	31.231591
1.803333	0.200	30.130420
1.806667	0.200	29.040629
1.810000	0.200	27.962527
1.813333	0.200	26.895981
1.816667	0.200	25.841126
1.820000	0.200	24.798893
1.823333	0.200	23.770206
1.826667	0.200	22.755292
1.830000	0.200	21.754270
1.833333	0.200	20.767736
1.836667	0.200	19.796489
1.840000	0.200	18.841025
1.843333	0.200	17.901267
1.846667	0.200	16.977053
1.850000	0.200	16.068932
1.853333	0.200	15.178230
1.856667	0.200	14.306636
1.860000	0.200	13.455684
1.863333	0.200	12.626251
1.866667	0.200	11.818831
1.870000	0.200	11.034403
1.873333	0.200	10.274749
1.876667	0.200	9.541904
1.880000	0.200	8.837220
1.883333	0.200	8.160934
1.886667	0.200	7.512970
1.890000	0.200	6.893740
1.893333	0.200	6.303767
1.896667	0.200	5.743101
1.900000	0.200	5.211061
1.903333	0.200	4.706174
1.906667	0.200	4.226932
1.910000	0.200	3.772730
1.913333	0.200	3.343694
1.916667	0.200	2.940123
1.920000	0.200	2.562641
1.923333	0.200	2.212418
1.926667	0.200	1.890781
1.930000	0.200	1.598440
1.933333	0.200	1.334856
1.936667	0.200	1.098448
1.940000	0.200	0.887494
1.943333	0.200	0.700536
1.946667	0.200	0.536115
1.950000	0.200	0.392865
1.953333	0.200	0.270453
1.956667	0.200	0.171313
1.960000	0.200	0.102961
1.963333	0.200	0.081230
1.966667	0.200	0.136160
1.970000	0.200	0.322076
1.973333	0.200	0.732252
1.976667	0.200	1.518295
1.980000	0.200	2.913750
1.983333	0.200	5.258190
1.986667	0.200	9.012530
1.990000	0.200	14.753592
1.993333	0.200	23.136981
1.996667	0.200	34.820273
2.000000	0.200	50.347913
2.003333	0.200	70.012723
2.006667	0.200	93.720557
2.010000	0.200	120.893535
2.013333	0.200	150.445582
2.016667	0.200	180.850108
2.020000	0.200	210.298749
2.023333	0.200	236.923345
2.026667	0.200	259.034429
2.030000	0.200	275.329037
2.033333	0.200	285.030128
2.036667	0.200	287.936050
2.040000	0.200	284.380418
2.043333	0.200	275.122270
2.046667	0.200	261.198620
2.050000	0.200	243.773750
2.053333	0.200	224.010812
2.056667	0.200	202.978441
2.060000	0.200	181.594357
2.063333	0.200	160.599902
2.066667	0.200	140.556226
2.070000	0.200	121.855464
2.073333	0.200	104.742545
2.076667	0.200	89.342085
2.080000	0.200	75.684571
2.083333	0.200	63.729232
2.086667	0.200	53.383827
2.090000	0.200	44.521562
2.093333	0.200	36.995288
2.096667	0.200	30.649463
2.100000	0.200	25.329896
2.103333	0.200	20.890739
2.106667	0.200	17.198552
2.110000	0.200	14.134519
2.113333	0.200	11.595507
2.116667	0.200	9.493800
2.120000	0.200	7.755975
2.123333	0.200	6.320904
2.126667	0.200	5.137097
2.130000	0.200	4.160969
2.133333	0.200	3.356010
2.136667	0.200	2.692081
2.140000	0.200	2.144864
2.143333	0.200	1.694736
2.146667	0.200	1.325143
2.150000	0.200	1.021838
2.153333	0.200	0.772738
2.156667	0.200	0.567852
2.160000	0.200	0.399323
2.163333	0.200	0.260942
2.166667	0.200	0.147164
2.170000	0.200	0.052859
2.173333	0.200	-0.026315
2.176667	0.200	-0.093695
2.180000	0.200	-0.151597
2.183333	0.200	-0.201658
2.186667	0.200	-0.245130
2.190000	0.200	-0.282752
2.193333	0.200	-0.314995
2.196667	0.200	-0.342633
2.200000	0.200	-0.366669
2.203333	0.200	-0.388028
2.206667	0.200	-0.407550
2.210000	0.200	-0.426012
2.213333	0.200	-0.444082
2.216667	0.200	-0.462036
2.220000	0.200	-0.479517
2.223333	0.200	-0.495832
2.226667	0.200	-0.510502
2.230000	0.200	-0.523583
2.233333	0.200	-0.535605
2.236667	0.200	-0.547245
2.240000	0.200	-0.558871
2.243333	0.200	-0.570310
2.246667	0.200	-0.581126
2.250000	0.200	-0.590930
2.253333	0.200	-0.599396
2.256667	0.200	-0.606283
2.260000	0.200	-0.611481
2.263333	0.200	-0.615030
2.266667	0.200	-0.617211
2.270000	0.200	-0.618544
2.273333	0.200	-0.619574
2.276667	0.200	-0.620699
2.280000	0.200	-0.622239
2.283333	0.200	-0.624557
2.286667	0.200	-0.627863
2.290000	0.200	-0.631672
2.293333	0.200	-0.634940
2.296667	0.200	-0.637268
2.300000	0.200	-0.639241
2.303333	0.200	-0.641325
2.306667	0.200	-0.643552
2.310000	0.200	-0.646258
2.313333	0.200	-0.650031
2.316667	0.200	-0.655154
2.320000	0.200	-0.661710
2.323333	0.200	-0.669437
2.326667	0.200	-0.677272
2.330000	0.200	-0.683944
2.333333	0.200	-0.688964
2.336667	0.200	-0.692509
2.340000	0.200	-0.694771
2.343333	0.200	-0.695855
2.346667	0.200	-0.696041
2.350000	0.200	-0.695634
2.353333	0.200	-0.694571
2.356667	0.200	-0.692449
2.360000	0.200	-0.688738
2.363333	0.200	-0.682792
2.366667	0.200	-0.674264
2.370000	0.200	-0.663733
2.373333	0.200	-0.652538
2.376667	0.200	-0.642044
2.380000	0.200	-0.633283
2.383333	0.200	-0.626829
2.386667	0.200	-0.622704
2.390000	0.200	-0.620552
2.393333	0.200	-0.620183
2.396667	0.200	-0.622111
2.400000	0.200	-0.627273
2.403333	0.200	-0.636066
2.406667	0.200	-0.647900
2.410000	0.200	-0.661418
2.413333	0.200	-0.675095
2.416667	0.200	-0.688024
2.420000	0.200	-0.700238
2.423333	0.200	-0.712076
2.426667	0.200	-0.723439
2.430000	0.200	-0.733938
2.433333	0.200	-0.743382
2.436667	0.200	-0.751795
2.440000	0.200	-0.759103
2.443333	0.200	-0.764944
2.446667	0.200	-0.769151
2.450000	0.200	-0.772455
2.453333	0.200	-0.775979
2.456667	0.200	-0.779799
2.460000	0.200	-0.782546
2.463333	0.200	-0.782542
2.466667	0.200	-0.779061
2.470000	0.200	-0.772677
2.473333	0.200	-0.764678
2.476667	0.200	-0.756151
2.480000	0.200	-0.747417
2.483333	0.200	-0.737938
2.486667	0.200	-0.726600
2.490000	0.200	-0.712320
2.493333	0.200	-0.694533
2.496667	0.200	-0.673446
2.500000	0.200	-0.650152
2.503333	0.200	-0.626535
2.506667	0.200	-0.604846
2.510000	0.200	-0.587114
2.513333	0.200	-0.574579
2.516667	0.200	-0.567215
2.520000	0.200	-0.563921
2.523333	0.200	-0.563701
2.526667	0.200	-0.566402
2.530000	0.200	-0.571867
2.533333	0.200	-0.578765
2.536667	0.200	-0.584678
2.540000	0.200	-0.587136
2.543333	0.200	-0.584595
2.546667	0.200	-0.576422
2.550000	0.200	-0.561872
2.553333	0.200	-0.539852
2.556667	0.200	-0.510175
2.560000	0.200	-0.474108
2.563333	0.200	-0.433204
2.566667	0.200	-0.388526
2.570000	0.200	-0.341247
2.573333	0.200	-0.293374
2.576667	0.200	-0.248025
2.580000	0.200	-0.209080
2.583333	0.200	-0.180022
2.586667	0.200	-0.162974
2.590000	0.200	-0.158857
2.593333	0.200	-0.167964
2.596667	0.200	-0.189873
2.600000	0.200	-0.222748
2.603333	0.200	-0.263380
2.606667	0.200	-0.308463
2.610000	0.200	-0.355526
2.613333	0.200	-0.402526
2.616667	0.200	-0.447063
2.620000	0.200	-0.486670
2.623333	0.200	-0.520017
2.626667	0.200	-0.547317
2.630000	0.200	-0.569566
2.633333	0.200	-0.587922
2.636667	0.200	-0.603623
2.640000	0.200	-0.617914
2.643333	0.200	-0.631748
2.646667	0.200	-0.645305
2.650000	0.200	-0.657996
2.653333	0.200	-0.669271
2.656667	0.200	-0.679102
2.660000	0.200	-0.687592
2.663333	0.200	-0.694463
2.666667	0.200	-0.699200
2.670000	0.200	-0.701792
2.673333	0.200	-0.703044
2.676667	0.200	-0.703864
2.680000	0.200	-0.704521
2.683333	0.200	-0.704843
2.686667	0.200	-0.704741
2.690000	0.200	-0.704332
2.693333	0.200	-0.703696
2.696667	0.200	-0.702675
2.700000	0.200	-0.701019
2.703333	0.200	-0.698714
2.706667	0.200	-0.696131
2.710000	0.200	-0.693934
2.713333	0.200	-0.692628
2.716667	0.200	-0.692208
2.720000	0.200	-0.692516
2.723333	0.200	-0.693756
2.726667	0.200	-0.696438
2.730000	0.200	-0.700948
2.733333	0.200	-0.707064
2.736667	0.200	-0.713676
2.740000	0.200	-0.719131
2.743333	0.200	-0.722280
2.746667	0.200	-0.723299
2.750000	0.200	-0.723171
2.753333	0.200	-0.722523
2.756667	0.200	-0.721469
2.760000	0.200	-0.720202
2.763333	0.200	-0.719032
2.766667	0.200	-0.717831
2.770000	0.200	-0.715994
2.773333	0.200	-0.713205
2.776667	0.200	-0.709829
2.780000	0.200	-0.706379
2.783333	0.200	-0.703079
2.786667	0.200	-0.700126
2.790000	0.200	-0.698058
2.793333	0.200	-0.697646
2.796667	0.200	-0.699420
2.800000	0.200	-0.703189
2.803333	0.200	-0.707943
2.806667	0.200	-0.712327
2.810000	0.200	-0.715479
2.813333	0.200	-0.717439
2.816667	0.200	-0.718788
2.820000	0.200	-0.720120
2.823333	0.200	-0.721778
2.826667	0.200	-0.723848
2.830000	0.200	-0.726293
2.833333	0.200	-0.728933
2.836667	0.200	-0.731345
2.840000	0.200	-0.733101
2.843333	0.200	-0.734119
2.846667	0.200	-0.734643
2.850000	0.200	-0.735055
2.853333	0.200	-0.735925
2.856667	0.200	-0.737872
2.860000	0.200	-0.740745
2.863333	0.200	-0.743181
2.866667	0.200	-0.743690
2.870000	0.200	-0.741918
2.873333	0.200	-0.738557
2.876667	0.200	-0.734665
2.880000	0.200	-0.731216
2.883333	0.200	-0.728789
2.886667	0.200	-0.727318
2.890000	0.200	-0.726184
2.893333	0.200	-0.724783
2.896667	0.200	-0.723019
2.900000	0.200	-0.721317
2.903333	0.200	-0.720428
2.906667	0.200	-0.721063
2.910000	0.200	-0.723295
2.913333	0.200	-0.726306
2.916667	0.200	-0.728769
2.920000	0.200	-0.729787
2.923333	0.200	-0.729756
2.926667	0.200	-0.729910
2.930000	0.200	-0.730918
2.933333	0.200	-0.732170
2.936667	0.200	-0.732075
2.940000	0.200	-0.728810
2.943333	0.200	-0.720792
2.946667	0.200	-0.706761
2.950000	0.200	-0.685383
2.953333	0.200	-0.654401
2.956667	0.200	-0.610830
2.960000	0.200	-0.552707
2.963333	0.200	-0.480379
2.966667	0.200	-0.396628
2.970000	0.200	-0.306490
2.973333	0.200	-0.217085
2.976667	0.200	-0.137248
2.980000	0.200	-0.076190
2.983333	0.200	-0.041493
2.986667	0.200	-0.037505
2.990000	0.200	-0.064176
2.993333	0.200	-0.117010
2.996667	0.200	-0.188436
3.000000	0.200	-0.269148
3.003333	0.200	-0.349707
3.006667	0.200	-0.423094
3.010000	0.200	-0.486193
3.013333	0.200	-0.538689
3.016667	0.200	-0.581096
3.020000	0.200	-0.613884
3.023333	0.200	-0.637775
3.026667	0.200	-0.654129
3.030000	0.200	-0.664784
3.033333	0.200	-0.671759
3.036667	0.200	-0.677021
3.040000	0.200	-0.681954
3.043333	0.200	-0.686886
3.046667	0.200	-0.691490
3.050000	0.200	-0.695389
3.053333	0.200	-0.698071
3.056667	0.200	-0.699086
3.060000	0.200	-0.698622
3.063333	0.200	-0.697258
3.066667	0.200	-0.695630
3.070000	0.200	-0.694679
3.073333	0.200	-0.695461
3.076667	0.200	-0.698177
3.080000	0.200	-0.701854
3.083333	0.200	-0.705361
3.086667	0.200	-0.708165
3.090000	0.200	-0.710008
3.093333	0.200	-0.710714
3.096667	0.200	-0.710398
3.100000	0.200	-0.709467
3.103333	0.200	-0.708406
3.106667	0.200	-0.707596
3.110000	0.200	-0.707114
3.113333	0.200	-0.706501
3.116667	0.200	-0.705082
3.120000	0.200	-0.702697
3.123333	0.200	-0.699695
3.126667	0.200	-0.696294
3.130000	0.200	-0.692446
3.133333	0.200	-0.687989
3.136667	0.200	-0.682717
3.140000	0.200	-0.676933
3.143333	0.200	-0.671716
3.146667	0.200	-0.668092
3.150000	0.200	-0.666368
3.153333	0.200	-0.666213
3.156667	0.200	-0.666986
3.160000	0.200	-0.668233
3.163333	0.200	-0.670083
3.166667	0.200	-0.672992
3.170000	0.200	-0.676951
3.173333	0.200	-0.681179
3.176667	0.200	-0.684638
3.180000	0.200	-0.686590
3.183333	0.200	-0.687023
3.186667	0.200	-0.686902
3.190000	0.200	-0.687493
3.193333	0.200	-0.689140
3.196667	0.200	-0.691093
3.200000	0.200	-0.692530
3.203333	0.200	-0.693255
3.206667	0.200	-0.693383
3.210000	0.200	-0.692802
3.213333	0.200	-0.691232
3.216667	0.200	-0.688523
3.220000	0.200	-0.684723
3.223333	0.200	-0.680158
3.226667	0.200	-0.675257
3.230000	0.200	-0.670130
3.233333	0.200	-0.664744
3.236667	0.200	-0.659392
3.240000	0.200	-0.654451
3.243333	0.200	-0.649959
3.246667	0.200	-0.645876
3.250000	0.200	-0.642583
3.253333	0.200	-0.640923
3.256667	0.200	-0.641620
3.260000	0.200	-0.644773
3.263333	0.200	-0.649836
3.266667	0.200	-0.655656
3.270000	0.200	-0.660775
3.273333	0.200	-0.664020
3.276667	0.200	-0.665002
3.280000	0.200	-0.664286
3.283333	0.200	-0.662777
3.286667	0.200	-0.661001
3.290000	0.200	-0.659342
3.293333	0.200	-0.658332
3.296667	0.200	-0.658223
3.300000	0.200	-0.658760
3.303333	0.200	-0.659592
3.306667	0.200	-0.660275
3.310000	0.200	-0.659967
3.313333	0.200	-0.658234
3.316667	0.200	-0.656082
3.320000	0.200	-0.655264
3.323333	0.200	-0.656788
3.326667	0.200	-0.660369
3.330000	0.200	-0.664782
3.333333	0.200	-0.668720
3.336667	0.200	-0.671362
3.340000	0.200	-0.672210
3.343333	0.200	-0.671015
3.346667	0.200	-0.667063
3.350000	0.200	-0.656291
3.353333	0.200	-0.625343
3.356667	0.200	-0.537902
3.360000	0.200	-0.303241
3.363333	0.200	0.282851
3.366667	0.200	1.626693
3.370000	0.200	4.438742
3.373333	0.200	9.803717
3.376667	0.200	19.149292
3.380000	0.200	34.054240
3.383333	0.200	55.894421
3.386667	0.200	85.405200
3.390000	0.200	122.295048
3.393333	0.200	165.044932
3.396667	0.200	210.974672
3.400000	0.200	256.579930
3.403333	0.200	298.072235
3.406667	0.200	332.000042
3.410000	0.200	355.798731
3.413333	0.200	368.134914
3.416667	0.200	368.979905
3.420000	0.200	359.432262
3.423333	0.200	341.372723
3.426667	0.200	317.060872
3.430000	0.200	288.771334
3.433333	0.200	258.532447
3.436667	0.200	227.987978
3.440000	0.200	198.364843
3.443333	0.200	170.509501
3.446667	0.200	144.954740
3.450000	0.200	121.989755
3.453333	0.200	101.721155
3.456667	0.200	84.122148
3.460000	0.200	69.070452
3.463333	0.200	56.377190
3.466667	0.200	45.809262
3.470000	0.200	37.108456
3.473333	0.200	30.009594
3.476667	0.200	24.256149
3.480000	0.200	19.611826
3.483333	0.200	15.868551
3.486667	0.200	12.850324
3.490000	0.200	10.412852
3.493333	0.200	8.440346
3.496667	0.200	6.840931
3.500000	0.200	5.541979
3.503333	0.200	4.486103
3.506667	0.200	3.627818
3.510000	0.200	2.930651
3.513333	0.200	2.364793
3.516667	0.200	1.905788
3.520000	0.200	1.533803
3.523333	0.200	1.232570
3.526667	0.200	0.988683
3.530000	0.200	0.791413
3.533333	0.200	0.632050
3.536667	0.200	0.503041
3.540000	0.200	0.397797
3.543333	0.200	0.310809
3.546667	0.200	0.237681
3.550000	0.200	0.175117
3.553333	0.200	0.120690
3.556667	0.200	0.072594
3.560000	0.200	0.029722
3.563333	0.200	-0.008330
3.566667	0.200	-0.041792
3.570000	0.200	-0.071384
3.573333	0.200	-0.098217
3.576667	0.200	-0.123100
3.580000	0.200	-0.146273
3.583333	0.200	-0.167883
3.586667	0.200	-0.188316
3.590000	0.200	-0.207952
3.593333	0.200	-0.226985
3.596667	0.200	-0.245455
3.600000	0.200	-0.263178
3.603333	0.200	-0.279911
3.606667	0.200	-0.295754
3.610000	0.200	-0.311303
3.613333	0.200	-0.327175
3.616667	0.200	-0.343426
3.620000	0.200	-0.359762
3.623333	0.200	-0.376037
3.626667	0.200	-0.392065
3.630000	0.200	-0.407270
3.633333	0.200	-0.421010
3.636667	0.200	-0.433099
3.640000	0.200	-0.443703
3.643333	0.200	-0.452828
3.646667	0.200	-0.460252
3.650000	0.200	-0.465999
3.653333	0.200	-0.470607
3.656667	0.200	-0.474948
3.660000	0.200	-0.479699
3.663333	0.200	-0.484567
3.666667	0.200	-0.488367
3.670000	0.200	-0.490092
3.673333	0.200	-0.489484
3.676667	0.200	-0.486894
3.680000	0.200	-0.482991
3.683333	0.200	-0.478447
3.686667	0.200	-0.473700
3.690000	0.200	-0.468921
3.693333	0.200	-0.464325
3.696667	0.200	-0.460509
3.700000	0.200	-0.458317
3.703333	0.200	-0.458394
3.706667	0.200	-0.460843
3.710000	0.200	-0.465256
3.713333	0.200	-0.471301
3.716667	0.200	-0.479005
3.720000	0.200	-0.488128
3.723333	0.200	-0.497915
3.726667	0.200	-0.507708
3.730000	0.200	-0.517251
3.733333	0.200	-0.526451
3.736667	0.200	-0.535078
3.740000	0.200	-0.542869
3.743333	0.200	-0.549812
3.746667	0.200	-0.555781
3.750000	0.200	-0.560183
3.753333	0.200	-0.562598
3.756667	0.200	-0.563461
3.760000	0.200	-0.563658
3.763333	0.200	-0.563754
3.766667	0.200	-0.563993
3.770000	0.200	-0.564584
3.773333	0.200	-0.565374
3.776667	0.200	-0.565867
3.780000	0.200	-0.566026
3.783333	0.200	-0.566350
3.786667	0.200	-0.567271
3.790000	0.200	-0.569011
3.793333	0.200	-0.571681
3.796667	0.200	-0.575173
3.800000	0.200	-0.579061
3.803333	0.200	-0.582724
3.806667	0.200	-0.585667
3.810000	0.200	-0.587715
3.813333	0.200	-0.589178
3.816667	0.200	-0.590916
3.820000	0.200	-0.593705
3.823333	0.200	-0.597236
3.826667	0.200	-0.600116
3.830000	0.200	-0.601208
3.833333	0.200	-0.600506
3.836667	0.200	-0.598502
3.840000	0.200	-0.595536
3.843333	0.200	-0.592067
3.846667	0.200	-0.588720
3.850000	0.200	-0.585872
3.853333	0.200	-0.583869
3.856667	0.200	-0.583364
3.860000	0.200	-0.584710
3.863333	0.200	-0.587259
3.866667	0.200	-0.589762
3.870000	0.200	-0.591305
3.873333	0.200	-0.591695
3.876667	0.200	-0.591206
3.880000	0.200	-0.590194
3.883333	0.200	-0.588958
3.886667	0.200	-0.587747
3.890000	0.200	-0.586691
3.893333	0.200	-0.585688
3.896667	0.200	-0.584461
3.900000	0.200	-0.582957
3.903333	0.200	-0.581534
3.906667	0.200	-0.580484
3.910000	0.200	-0.579645
3.913333	0.200	-0.578779
3.916667	0.200	-0.577896
3.920000	0.200	-0.577008
3.923333	0.200	-0.576258
3.926667	0.200	-0.576339
3.930000	0.200	-0.578084
3.933333	0.200	-0.581602
3.936667	0.200	-0.586064
3.940000	0.200	-0.590373
3.943333	0.200	-0.593884
3.946667	0.200	-0.596346
3.950000	0.200	-0.597550
3.953333	0.200	-0.597438
3.956667	0.200	-0.596293
3.960000	0.200	-0.594637
3.963333	0.200	-0.592946
3.966667	0.200	-0.591368
3.970000	0.200	-0.589689
3.973333	0.200	-0.587664
3.976667	0.200	-0.585330
3.980000	0.200	-0.582814
3.983333	0.200	-0.579824
3.986667	0.200	-0.575516
3.990000	0.200	-0.568955
3.993333	0.200	-0.559661
3.996667	0.200	-0.547724
4.000000	0.200	-0.533595
4.003333	0.200	-0.517860
4.006667	0.200	-0.501212
4.010000	0.200	-0.484543
4.013333	0.200	-0.468760
4.016667	0.200	-0.454383
4.020000	0.200	-0.441702
4.023333	0.200	-0.431646
4.026667	0.200	-0.425856
4.030000	0.200	-0.425511
4.033333	0.200	-0.430401
4.036667	0.200	-0.439058
4.040000	0.200	-0.449785
4.043333	0.200	-0.461681
4.046667	0.200	-0.474570
4.050000	0.200	-0.488536
4.053333	0.200	-0.503740
4.056667	0.200	-0.520018
4.060000	0.200	-0.536681
4.063333	0.200	-0.552854
4.066667	0.200	-0.567809
4.070000	0.200	-0.581182
4.073333	0.200	-0.592931
4.076667	0.200	-0.603014
4.080000	0.200	-0.611161
4.083333	0.200	-0.617000
4.086667	0.200	-0.620586
4.090000	0.200	-0.622642
4.093333	0.200	-0.624166
4.096667	0.200	-0.625946
4.100000	0.200	-0.628072
4.103333	0.200	-0.629985
4.106667	0.200	-0.631235
4.110000	0.200	-0.631969
4.113333	0.200	-0.632780
4.116667	0.200	-0.634310
4.120000	0.200	-0.636807
4.123333	0.200	-0.639827
4.126667	0.200	-0.642366
4.130000	0.200	-0.643498
4.133333	0.200	-0.643013
4.136667	0.200	-0.641434
4.140000	0.200	-0.639551
4.143333	0.200	-0.637935
4.146667	0.200	-0.636718
4.150000	0.200	-0.635684
4.153333	0.200	-0.634448
4.156667	0.200	-0.632836
4.160000	0.200	-0.631320
4.163333	0.200	-0.630444
4.166667	0.200	-0.630083
4.170000	0.200	-0.630176
4.173333	0.200	-0.631103
4.176667	0.200	-0.632405
4.180000	0.200	-0.632656
4.183333	0.200	-0.631286
4.186667	0.200	-0.629333
4.190000	0.200	-0.628009
4.193333	0.200	-0.627352
4.196667	0.200	-0.626664
4.200000	0.200	-0.625839
4.203333	0.200	-0.625717
4.206667	0.200	-0.626981
4.210000	0.200	-0.629157
4.213333	0.200	-0.630826
4.216667	0.200	-0.630672
4.220000	0.200	-0.628547
4.223333	0.200	-0.625524
4.226667	0.200	-0.622899
4.230000	0.200	-0.621471
4.233333	0.200	-0.621646
4.236667	0.200	-0.623610
4.240000	0.200	-0.627223
4.243333	0.200	-0.632139
4.246667	0.200	-0.637980
4.250000	0.200	-0.644100
4.253333	0.200	-0.649501
4.256667	0.200	-0.653262
4.260000	0.200	-0.654960
4.263333	0.200	-0.654924
4.266667	0.200	-0.654125
4.270000	0.200	-0.653364
4.273333	0.200	-0.652599
4.276667	0.200	-0.651448
4.280000	0.200	-0.649991
4.283333	0.200	-0.648514
4.286667	0.200	-0.646996
4.290000	0.200	-0.645454
4.293333	0.200	-0.644316
4.296667	0.200	-0.644215
4.300000	0.200	-0.645551
4.303333	0.200	-0.648092
4.306667	0.200	-0.650853
4.310000	0.200	-0.652526
4.313333	0.200	-0.652282
4.316667	0.200	-0.650197
4.320000	0.200	-0.647033
4.323333	0.200	-0.643761
4.326667	0.200	-0.641000
4.330000	0.200	-0.638848
4.333333	0.200	-0.637357
4.336667	0.200	-0.636804
4.340000	0.200	-0.637303
4.343333	0.200	-0.638503
4.346667	0.200	-0.639779
4.350000	0.200	-0.640511
4.353333	0.200	-0.640327
4.356667	0.200	-0.639312
4.360000	0.200	-0.637927
4.363333	0.200	-0.636534
4.366667	0.200	-0.635055
4.370000	0.200	-0.633296
4.373333	0.200	-0.631420
4.376667	0.200	-0.629789
4.380000	0.200	-0.628592
4.383333	0.200	-0.627767
4.386667	0.200	-0.627054
4.390000	0.200	-0.626255
4.393333	0.200	-0.625549
4.396667	0.200	-0.625210
4.400000	0.200	-0.625078
4.403333	0.200	-0.624746
4.406667	0.200	-0.624193
4.410000	0.200	-0.623812
4.413333	0.200	-0.623894
4.416667	0.200	-0.624412
4.420000	0.200	-0.625292
4.423333	0.200	-0.626422
4.426667	0.200	-0.627328
4.430000	0.200	-0.627191
4.433333	0.200	-0.625375
4.436667	0.200	-0.622097
4.440000	0.200	-0.618506
4.443333	0.200	-0.615831
4.446667	0.200	-0.614449
4.450000	0.200	-0.613804
4.453333	0.200	-0.613024
4.456667	0.200	-0.611650
4.460000	0.200	-0.609954
4.463333	0.200	-0.608607
4.466667	0.200	-0.607957
4.470000	0.200	-0.607592
4.473333	0.200	-0.606759
4.476667	0.200	-0.604940
4.480000	0.200	-0.601829
4.483333	0.200	-0.597629
4.486667	0.200	-0.593447
4.490000	0.200	-0.590578
4.493333	0.200	-0.589648
4.496667	0.200	-0.590801
4.500000	0.200	-0.593858
4.503333	0.200	-0.597905
4.506667	0.200	-0.601552
4.510000	0.200	-0.603837
4.513333	0.200	-0.604675
4.516667	0.200	-0.604673
4.520000	0.200	-0.604470
4.523333	0.200	-0.604176
4.526667	0.200	-0.603478
4.530000	0.200	-0.602111
4.533333	0.200	-0.600194
4.536667	0.200	-0.598130
4.540000	0.200	-0.596098
4.543333	0.200	-0.593940
4.546667	0.200	-0.591804
4.550000	0.200	-0.590377
4.553333	0.200	-0.590119
4.556667	0.200	-0.590706
4.560000	0.200	-0.591269
4.563333	0.200	-0.590855
4.566667	0.200	-0.588935
4.570000	0.200	-0.585707
4.573333	0.200	-0.581672
4.576667	0.200	-0.576974
4.580000	0.200	-0.571366
4.583333	0.200	-0.564908
4.586667	0.200	-0.558453
4.590000	0.200	-0.553209
4.593333	0.200	-0.549933
4.596667	0.200	-0.548480
4.600000	0.200	-0.547791
4.603333	0.200	-0.546395
4.606667	0.200	-0.543456
4.610000	0.200	-0.539432
4.613333	0.200	-0.535661
4.616667	0.200	-0.533504
4.620000	0.200	-0.533457
4.623333	0.200	-0.534701
4.626667	0.200	-0.536024
4.630000	0.200	-0.536959
4.633333	0.200	-0.537529
4.636667	0.200	-0.537592
4.640000	0.200	-0.537006
4.643333	0.200	-0.536153
4.646667	0.200	-0.535675
4.650000	0.200	-0.535641
4.653333	0.200	-0.535532
4.656667	0.200	-0.534659
4.660000	0.200	-0.532490
4.663333	0.200	-0.529302
4.666667	0.200	-0.526297
4.670000	0.200	-0.524585
4.673333	0.200	-0.524319
4.676667	0.200	-0.524673
4.680000	0.200	-0.524499
4.683333	0.200	-0.523369
4.686667	0.200	-0.522085
4.690000	0.200	-0.521987
4.693333	0.200	-0.523686
4.696667	0.200	-0.526538
4.700000	0.200	-0.529330
4.703333	0.200	-0.531280
4.706667	0.200	-0.532229
4.710000	0.200	-0.532096
4.713333	0.200	-0.530816
4.716667	0.200	-0.528869
4.720000	0.200	-0.527124
4.723333	0.200	-0.525906
4.726667	0.200	-0.524665
4.730000	0.200	-0.522860
4.733333	0.200	-0.520778
4.736667	0.200	-0.519146
4.740000	0.200	-0.518322
4.743333	0.200	-0.518006
4.746667	0.200	-0.517429
4.750000	0.200	-0.515723
4.753333	0.200	-0.512520
4.756667	0.200	-0.508350
4.760000	0.200	-0.504184
4.763333	0.200	-0.500671
4.766667	0.200	-0.498042
4.770000	0.200	-0.496448
4.773333	0.200	-0.496040
4.776667	0.200	-0.496588
4.780000	0.200	-0.497243
4.783333	0.200	-0.497086
4.786667	0.200	-0.495895
4.790000	0.200	-0.493883
4.793333	0.200	-0.490904
4.796667	0.200	-0.486583
4.800000	0.200	-0.480921
4.803333	0.200	-0.474346
4.806667	0.200	-0.467387
4.810000	0.200	-0.460350
4.813333	0.200	-0.453151
4.816667	0.200	-0.445543
4.820000	0.200	-0.437413
4.823333	0.200	-0.428634
4.826667	0.200	-0.418973
4.830000	0.200	-0.408637
4.833333	0.200	-0.398262
4.836667	0.200	-0.388005
4.840000	0.200	-0.377555
4.843333	0.200	-0.367095
4.846667	0.200	-0.357465
4.850000	0.200	-0.349555
4.853333	0.200	-0.344182
4.856667	0.200	-0.342097
4.860000	0.200	-0.343264
4.863333	0.200	-0.346456
4.866667	0.200	-0.349976
4.870000	0.200	-0.352577
4.873333	0.200	-0.353673
4.876667	0.200	-0.353094
4.880000	0.200	-0.351050
4.883333	0.200	-0.348068
4.886667	0.200	-0.344750
4.890000	0.200	-0.341774
4.893333	0.200	-0.339794
4.896667	0.200	-0.339133
4.900000	0.200	-0.339696
4.903333	0.200	-0.341270
4.906667	0.200	-0.343893
4.910000	0.200	-0.347541
4.913333	0.200	-0.351403
4.916667	0.200	-0.354090
4.920000	0.200	-0.354884
4.923333	0.200	-0.354457
4.926667	0.200	-0.354250
4.930000	0.200	-0.355537
4.933333	0.200	-0.359071
4.936667	0.200	-0.365113
4.940000	0.200	-0.373390
4.943333	0.200	-0.383094
4.946667	0.200	-0.393037
4.950000	0.200	-0.401810
4.953333	0.200	-0.407960
4.956667	0.200	-0.409981
4.960000	0.200	-0.406520
4.963333	0.200	-0.397275
4.966667	0.200	-0.383360
4.970000	0.200	-0.366292
4.973333	0.200	-0.346923
4.976667	0.200	-0.325554
4.980000	0.200	-0.302897
4.983333	0.200	-0.280456
4.986667	0.200	-0.259433
4.990000	0.200	-0.238861
4.993333	0.200	-0.212982
4.996667	0.200	-0.166981
5.000000	0.200	-0.071261
5.003333	0.200	0.126542
5.006667	0.200	0.514002
5.010000	0.200	1.231229
5.013333	0.200	2.491538
5.016667	0.200	4.601673
5.020000	0.200	7.975056
5.023333	0.200	13.131541
5.026667	0.200	20.678072
5.030000	0.200	31.263549
5.033333	0.200	45.501662
5.036667	0.200	63.863589
5.040000	0.200	86.554828
5.043333	0.200	113.398101
5.046667	0.200	143.748411
5.050000	0.200	176.465958
5.053333	0.200	209.962537
5.056667	0.200	242.323861
5.060000	0.200	271.497588
5.063333	0.200	295.522369
5.066667	0.200	312.761472
5.070000	0.200	322.100887
5.073333	0.200	323.077575
5.076667	0.200	315.916190
5.080000	0.200	301.469695
5.083333	0.200	281.079371
5.086667	0.200	256.384817
5.090000	0.200	229.120272
5.093333	0.200	200.931008
5.096667	0.200	173.232797
5.100000	0.200	147.123984
5.103333	0.200	123.351038
5.106667	0.200	102.322969
5.110000	0.200	84.163050
5.113333	0.200	68.780611
5.116667	0.200	55.945599
5.120000	0.200	45.354402
5.123333	0.200	36.681430
5.126667	0.200	29.614013
5.130000	0.200	23.871473
5.133333	0.200	19.212741
5.136667	0.200	15.437244
5.140000	0.200	12.381595
5.143333	0.200	9.913339
5.146667	0.200	7.924481
5.150000	0.200	6.327001
5.153333	0.200	5.049050
5.156667	0.200	4.030830
5.160000	0.200	3.221753
5.163333	0.200	2.579559
5.166667	0.200	2.070171
5.170000	0.200	1.666886
5.173333	0.200	1.348490
5.176667	0.200	1.097423
5.180000	0.200	0.898957
5.183333	0.200	0.740974
5.186667	0.200	0.613790
5.190000	0.200	0.510228
5.193333	0.200	0.425924
5.196667	0.200	0.359211
5.200000	0.200	0.310084
5.203333	0.200	0.278842
5.206667	0.200	0.265224
5.210000	0.200	0.267970
5.213333	0.200	0.284622
5.216667	0.200	0.311139
5.220000	0.200	0.341078
5.223333	0.200	0.366003
5.226667	0.200	0.377857
5.230000	0.200	0.371355
5.233333	0.200	0.345201
5.236667	0.200	0.302072
5.240000	0.200	0.247525
5.243333	0.200	0.188488
5.246667	0.200	0.131516
5.250000	0.200	0.081127
5.253333	0.200	0.039422
5.256667	0.200	0.006824
5.260000	0.200	-0.017200
5.263333	0.200	-0.033890
5.266667	0.200	-0.045382
5.270000	0.200	-0.054606
5.273333	0.200	-0.064246
5.276667	0.200	-0.075363
5.280000	0.200	-0.087026
5.283333	0.200	-0.097301
5.286667	0.200	-0.104544
5.290000	0.200	-0.108196
5.293333	0.200	-0.108992
5.296667	0.200	-0.108355
5.300000	0.200	-0.107586
5.303333	0.200	-0.107701
5.306667	0.200	-0.109505
5.310000	0.200	-0.113623
5.313333	0.200	-0.120430
5.316667	0.200	-0.129767
5.320000	0.200	-0.141053
5.323333	0.200	-0.153779
5.326667	0.200	-0.167392
5.330000	0.200	-0.180785
5.333333	0.200	-0.192499
5.336667	0.200	-0.201543
5.340000	0.200	-0.207766
5.343333	0.200	-0.211712
5.346667	0.200	-0.214309
5.350000	0.200	-0.216179
5.353333	0.200	-0.217123
5.356667	0.200	-0.216439
5.360000	0.200	-0.213567
5.363333	0.200	-0.208417
5.366667	0.200	-0.201265
5.370000	0.200	-0.192685
5.373333	0.200	-0.183815
5.376667	0.200	-0.176274
5.380000	0.200	-0.171338
5.383333	0.200	-0.169084
5.386667	0.200	-0.168239
5.390000	0.200	-0.166994
5.393333	0.200	-0.164293
5.396667	0.200	-0.160457
5.400000	0.200	-0.156717
5.403333	0.200	-0.154294
5.406667	0.200	-0.153561
5.410000	0.200	-0.153959
5.413333	0.200	-0.154859
5.416667	0.200	-0.156203
5.420000	0.200	-0.158306
5.423333	0.200	-0.161468
5.426667	0.200	-0.165705
5.430000	0.200	-0.170751
5.433333	0.200	-0.176469
5.436667	0.200	-0.182871
5.440000	0.200	-0.189511
5.443333	0.200	-0.195479
5.446667	0.200	-0.200135
5.450000	0.200	-0.203368
5.453333	0.200	-0.205316
5.456667	0.200	-0.206143
5.460000	0.200	-0.206036
5.463333	0.200	-0.205382
5.466667	0.200	-0.204731
5.470000	0.200	-0.204342
5.473333	0.200	-0.204172
5.476667	0.200	-0.204479
5.480000	0.200	-0.205913
5.483333	0.200	-0.208875
5.486667	0.200	-0.212987
5.490000	0.200	-0.217293
5.493333	0.200	-0.220999
5.496667	0.200	-0.223807
5.500000	0.200	-0.225637
5.503333	0.200	-0.226400
5.506667	0.200	-0.226072
5.510000	0.200	-0.224659
5.513333	0.200	-0.222035
5.516667	0.200	-0.217844
5.520000	0.200	-0.211581
5.523333	0.200	-0.202965
5.526667	0.200	-0.192007
5.530000	0.200	-0.178656
5.533333	0.200	-0.162909
5.536667	0.200	-0.145383
5.540000	0.200	-0.127583
5.543333	0.200	-0.111573
5.546667	0.200	-0.099472
5.550000	0.200	-0.092813
5.553333	0.200	-0.091787
5.556667	0.200	-0.095173
5.560000	0.200	-0.101100
5.563333	0.200	-0.107774
5.566667	0.200	-0.113783
5.570000	0.200	-0.118472
5.573333	0.200	-0.122142
5.576667	0.200	-0.125643
5.580000	0.200	-0.129893
5.583333	0.200	-0.135365
5.586667	0.200	-0.141685
5.590000	0.200	-0.148167
5.593333	0.200	-0.154520
5.596667	0.200	-0.160666
5.600000	0.200	-0.166247
5.603333	0.200	-0.170660
5.606667	0.200	-0.173534
5.610000	0.200	-0.174933
5.613333	0.200	-0.175308
5.616667	0.200	-0.175362
5.620000	0.200	-0.175675
5.623333	0.200	-0.176370
5.626667	0.200	-0.177133
5.630000	0.200	-0.177770
5.633333	0.200	-0.178799
5.636667	0.200	-0.181003
5.640000	0.200	-0.184484
5.643333	0.200	-0.188551
5.646667	0.200	-0.192242
5.650000	0.200	-0.194958
5.653333	0.200	-0.196758
5.656667	0.200	-0.197869
5.660000	0.200	-0.198298
5.663333	0.200	-0.198094
5.666667	0.200	-0.197377
5.670000	0.200	-0.196246
5.673333	0.200	-0.194941
5.676667	0.200	-0.193743
5.680000	0.200	-0.192622
5.683333	0.200	-0.191258
5.686667	0.200	-0.189534
5.690000	0.200	-0.187803
5.693333	0.200	-0.186357
5.696667	0.200	-0.185060
5.700000	0.200	-0.184100
5.703333	0.200	-0.184545
5.706667	0.200	-0.187331
5.710000	0.200	-0.192109
5.713333	0.200	-0.197477
5.716667	0.200	-0.201983
5.720000	0.200	-0.204801
5.723333	0.200	-0.205741
5.726667	0.200	-0.205007
5.730000	0.200	-0.202902
5.733333	0.200	-0.199425
5.736667	0.200	-0.194545
5.740000	0.200	-0.188886
5.743333	0.200	-0.183560
5.746667	0.200	-0.179402
5.750000	0.200	-0.176487
5.753333	0.200	-0.174038
5.756667	0.200	-0.171167
5.760000	0.200	-0.168256
5.763333	0.200	-0.166830
5.766667	0.200	-0.167657
5.770000	0.200	-0.170176
5.773333	0.200	-0.173761
5.776667	0.200	-0.178319
5.780000	0.200	-0.183736
5.783333	0.200	-0.189650
5.786667	0.200	-0.195605
5.790000	0.200	-0.200615
5.793333	0.200	-0.202946
5.796667	0.200	-0.201138
5.800000	0.200	-0.194944
5.803333	0.200	-0.184956
5.806667	0.200	-0.171845
5.810000	0.200	-0.156149
5.813333	0.200	-0.138459
5.816667	0.200	-0.119834
5.820000	0.200	-0.102050
5.823333	0.200	-0.087136
5.826667	0.200	-0.076446
5.830000	0.200	-0.070277
5.833333	0.200	-0.068418
5.836667	0.200	-0.070623
5.840000	0.200	-0.076538
5.843333	0.200	-0.085690
5.846667	0.200	-0.097397
5.850000	0.200	-0.110677
5.853333	0.200	-0.124589
5.856667	0.200	-0.138349
5.860000	0.200	-0.151066
5.863333	0.200	-0.161806
5.866667	0.200	-0.169898
5.870000	0.200	-0.175135
5.873333	0.200	-0.177806
5.876667	0.200	-0.178511
5.880000	0.200	-0.178040
5.883333	0.200	-0.177321
5.886667	0.200	-0.176951
5.890000	0.200	-0.176854
5.893333	0.200	-0.176702
5.896667	0.200	-0.176285
5.900000	0.200	-0.175560
5.903333	0.200	-0.174645
5.906667	0.200	-0.173523
5.910000	0.200	-0.171879
5.913333	0.200	-0.169437
5.916667	0.200	-0.166268
5.920000	0.200	-0.162862
5.923333	0.200	-0.160039
5.926667	0.200	-0.158574
5.930000	0.200	-0.158859
5.933333	0.200	-0.161093
5.936667	0.200	-0.165230
5.940000	0.200	-0.170428
5.943333	0.200	-0.175276
5.946667	0.200	-0.178843
5.950000	0.200	-0.180999
5.953333	0.200	-0.181897
5.956667	0.200	-0.181745
5.960000	0.200	-0.180813
5.963333	0.200	-0.178904
5.966667	0.200	-0.174798
5.970000	0.200	-0.166803
5.973333	0.200	-0.154034
5.976667	0.200	-0.137160
5.980000	0.200	-0.118151
5.983333	0.200	-0.099613
5.986667	0.200	-0.084121
5.990000	0.200	-0.073626
5.993333	0.200	-0.069103
5.996667	0.200	-0.070239
6.000000	0.200	-0.075573
6.003333	0.200	-0.083322
6.006667	0.200	-0.091858
6.010000	0.200	-0.099858
6.013333	0.200	-0.106716
6.016667	0.200	-0.112719
6.020000	0.200	-0.118535
6.023333	0.200	-0.124499
6.026667	0.200	-0.130716
6.030000	0.200	-0.137413
6.033333	0.200	-0.144489
6.036667	0.200	-0.151189
6.040000	0.200	-0.156515
6.043333	0.200	-0.159723
6.046667	0.200	-0.160666
6.050000	0.200	-0.159927
6.053333	0.200	-0.158642
6.056667	0.200	-0.158052
6.060000	0.200	-0.158907
6.063333	0.200	-0.160885
6.066667	0.200	-0.162764
6.070000	0.200	-0.163381
6.073333	0.200	-0.162297
6.076667	0.200	-0.159748
6.080000	0.200	-0.156342
6.083333	0.200	-0.152758
6.086667	0.200	-0.149634
6.090000	0.200	-0.147355
6.093333	0.200	-0.145864
6.096667	0.200	-0.144757
6.100000	0.200	-0.143088
6.103333	0.200	-0.139373
6.106667	0.200	-0.132315
6.110000	0.200	-0.121110
6.113333	0.200	-0.105183
6.116667	0.200	-0.084497
6.120000	0.200	-0.060226
6.123333	0.200	-0.034884
6.126667	0.200	-0.011696
6.130000	0.200	0.006221
6.133333	0.200	0.016377
6.136667	0.200	0.017423
6.140000	0.200	0.009725
6.143333	0.200	-0.004638
6.146667	0.200	-0.022788
6.150000	0.200	-0.042189
6.153333	0.200	-0.061047
6.156667	0.200	-0.078086
6.160000	0.200	-0.092269
6.163333	0.200	-0.102659
6.166667	0.200	-0.108846
6.170000	0.200	-0.111596
6.173333	0.200	-0.112607
6.176667	0.200	-0.113686
6.180000	0.200	-0.116093
6.183333	0.200	-0.120131
6.186667	0.200	-0.125242
6.190000	0.200	-0.130580
6.193333	0.200	-0.135392
6.196667	0.200	-0.139150
6.200000	0.200	-0.141801
6.203333	0.200	-0.143769
6.206667	0.200	-0.145672
6.210000	0.200	-0.148194
6.213333	0.200	-0.151783
6.216667	0.200	-0.156017
6.220000	0.200	-0.159677
6.223333	0.200	-0.161782
6.226667	0.200	-0.162107
6.230000	0.200	-0.160898
6.233333	0.200	-0.158642
6.236667	0.200	-0.155971
6.240000	0.200	-0.153659
6.243333	0.200	-0.152554
6.246667	0.200	-0.152980
6.250000	0.200	-0.154407
6.253333	0.200	-0.156093
6.256667	0.200	-0.157463
6.260000	0.200	-0.157663
6.263333	0.200	-0.155510
6.266667	0.200	-0.150001
6.270000	0.200	-0.140550
6.273333	0.200	-0.126918
6.276667	0.200	-0.108989
6.280000	0.200	-0.086571
6.283333	0.200	-0.059699
6.286667	0.200	-0.029630
6.290000	0.200	0.000527
6.293333	0.200	0.026843
6.296667	0.200	0.046270
6.300000	0.200	0.057254
6.303333	0.200	0.059391
6.306667	0.200	0.053001
6.310000	0.200	0.038988
6.313333	0.200	0.018829
6.316667	0.200	-0.005533
6.320000	0.200	-0.031899
6.323333	0.200	-0.058088
6.326667	0.200	-0.082202
6.330000	0.200	-0.102824
6.333333	0.200	-0.118934
6.336667	0.200	-0.129849
6.340000	0.200	-0.135443
6.343333	0.200	-0.136046
6.346667	0.200	-0.132001
6.350000	0.200	-0.123910
6.353333	0.200	-0.113466
6.356667	0.200	-0.103402
6.360000	0.200	-0.096302
6.363333	0.200	-0.093553
6.366667	0.200	-0.095133
6.370000	0.200	-0.099882
6.373333	0.200	-0.106100
6.376667	0.200	-0.112305
6.380000	0.200	-0.117731
6.383333	0.200	-0.122426
6.386667	0.200	-0.126770
6.390000	0.200	-0.130728
6.393333	0.200	-0.134000
6.396667	0.200	-0.136623
6.400000	0.200	-0.138676
6.403333	0.200	-0.140149
6.406667	0.200	-0.141521
6.410000	0.200	-0.143430
6.413333	0.200	-0.145536
6.416667	0.200	-0.146609
6.420000	0.200	-0.145930
6.423333	0.200	-0.144124
6.426667	0.200	-0.142564
6.430000	0.200	-0.142145
6.433333	0.200	-0.142630
6.436667	0.200	-0.143091
6.440000	0.200	-0.142828
6.443333	0.200	-0.141775
6.446667	0.200	-0.140316
6.450000	0.200	-0.139004
6.453333	0.200	-0.138338
6.456667	0.200	-0.138601
6.460000	0.200	-0.139881
6.463333	0.200	-0.141906
6.466667	0.200	-0.143766
6.470000	0.200	-0.144173
6.473333	0.200	-0.142353
6.476667	0.200	-0.139100
6.480000	0.200	-0.136546
6.483333	0.200	-0.136250
6.486667	0.200	-0.137832
6.490000	0.200	-0.139833
6.493333	0.200	-0.141480
6.496667	0.200	-0.142975
6.500000	0.200	-0.144313
6.503333	0.200	-0.145004
6.506667	0.200	-0.144983
6.510000	0.200	-0.144730
6.513333	0.200	-0.144520
6.516667	0.200	-0.144254
6.520000	0.200	-0.143781
6.523333	0.200	-0.142956
6.526667	0.200	-0.141887
6.530000	0.200	-0.141162
6.533333	0.200	-0.141308
6.536667	0.200	-0.142355
6.540000	0.200	-0.144178
6.543333	0.200	-0.146641
6.546667	0.200	-0.149244
6.550000	0.200	-0.151046
6.553333	0.200	-0.151221
6.556667	0.200	-0.149611
6.560000	0.200	-0.146772
6.563333	0.200	-0.143667
6.566667	0.200	-0.141147
6.570000	0.200	-0.139520
6.573333	0.200	-0.138775
6.576667	0.200	-0.138853
6.580000	0.200	-0.139413
6.583333	0.200	-0.139814
6.586667	0.200	-0.139465
6.590000	0.200	-0.138104
6.593333	0.200	-0.136188
6.596667	0.200	-0.134846
6.600000	0.200	-0.134834
6.603333	0.200	-0.135844
6.606667	0.200	-0.137000
6.610000	0.200	-0.137553
6.613333	0.200	-0.137293
6.616667	0.200	-0.136546
6.620000	0.200	-0.135862
6.623333	0.200	-0.135619
6.626667	0.200	-0.135636
6.630000	0.200	-0.135470
6.633333	0.200	-0.135090
6.636667	0.200	-0.134653
6.640000	0.200	-0.134031
6.643333	0.200	-0.133049
6.646667	0.200	-0.131700
6.650000	0.200	-0.129898
6.653333	0.200	-0.127565
6.656667	0.200	-0.124936
6.660000	0.200	-0.122345
6.663333	0.200	-0.119953
6.666667	0.200	-0.117865
6.670000	0.200	-0.116259
6.673333	0.200	-0.115380
6.676667	0.200	-0.115492
6.680000	0.200	-0.116689
6.683333	0.200	-0.118495
6.686667	0.200	-0.119986
6.690000	0.200	-0.120689
6.693333	0.200	-0.120994
6.696667	0.200	-0.121575
6.700000	0.200	-0.122842
6.703333	0.200	-0.124691
6.706667	0.200	-0.126555
6.710000	0.200	-0.128112
6.713333	0.200	-0.129898
6.716667	0.200	-0.132649
6.720000	0.200	-0.136131
6.723333	0.200	-0.139426
6.726667	0.200	-0.141967
6.730000	0.200	-0.143652
6.733333	0.200	-0.144503
6.736667	0.200	-0.144508
6.740000	0.200	-0.143686
6.743333	0.200	-0.142263
6.746667	0.200	-0.140626
6.750000	0.200	-0.139183
6.753333	0.200	-0.138212
6.756667	0.200	-0.137703
6.760000	0.200	-0.137550
6.763333	0.200	-0.137542
6.766667	0.200	-0.137120
6.770000	0.200	-0.135800
6.773333	0.200	-0.133780
6.776667	0.200	-0.131675
6.780000	0.200	-0.129977
6.783333	0.200	-0.128903
6.786667	0.200	-0.128338
6.790000	0.200	-0.128018
6.793333	0.200	-0.127764
6.796667	0.200	-0.127164
6.800000	0.200	-0.125402
6.803333	0.200	-0.121767
6.806667	0.200	-0.115995
6.810000	0.200	-0.107929
6.813333	0.200	-0.097259
6.816667	0.200	-0.083684
6.820000	0.200	-0.067260
6.823333	0.200	-0.048798
6.826667	0.200	-0.029865
6.830000	0.200	-0.011936
6.833333	0.200	0.004405
6.836667	0.200	0.019005
6.840000	0.200	0.031131
6.843333	0.200	0.039572
6.846667	0.200	0.043703
6.850000	0.200	0.043832
6.853333	0.200	0.040585
6.856667	0.200	0.034454
6.860000	0.200	0.025756
6.863333	0.200	0.014824
6.866667	0.200	0.002382
6.870000	0.200	-0.010037
6.873333	0.200	-0.019335
6.876667	0.200	-0.019784
6.880000	0.200	-0.001931
6.883333	0.200	0.049750
6.886667	0.200	0.161543
6.890000	0.200	0.377257
6.893333	0.200	0.767268
6.896667	0.200	1.439946
6.900000	0.200	2.553831
6.903333	0.200	4.328429
6.906667	0.200	7.052185
6.910000	0.200	11.085415
6.913333	0.200	16.852723
6.916667	0.200	24.818522
6.920000	0.200	35.444105
6.923333	0.200	49.129134
6.926667	0.200	66.141501
6.930000	0.200	86.542489
6.933333	0.200	110.118552
6.936667	0.200	136.333423
6.940000	0.200	164.314888
6.943333	0.200	192.886433
6.946667	0.200	220.644508
6.950000	0.200	246.075070
6.953333	0.200	267.697552
6.956667	0.200	284.215683
6.960000	0.200	294.652576
6.963333	0.200	298.453017
6.966667	0.200	295.537941
6.970000	0.200	286.299800
6.973333	0.200	271.540649
6.976667	0.200	252.367728
6.980000	0.200	230.065371
6.983333	0.200	205.961351
6.986667	0.200	181.305189
6.990000	0.200	157.173016
6.993333	0.200	134.407290
6.996667	0.200	113.593126
7.000000	0.200	95.066733
7.003333	0.200	78.947780
7.006667	0.200	65.186421
7.010000	0.200	53.615010
7.013333	0.200	43.996487
7.016667	0.200	36.065207
7.020000	0.200	29.557453
7.023333	0.200	24.230599
7.026667	0.200	19.872619
7.030000	0.200	16.304637
7.033333	0.200	13.379302
7.036667	0.200	10.977361
7.040000	0.200	9.003414
7.043333	0.200	7.381320
7.046667	0.200	6.049801
7.050000	0.200	4.958808
7.053333	0.200	4.067153
7.056667	0.200	3.340839
7.060000	0.200	2.751250
7.063333	0.200	2.273686
7.066667	0.200	1.886842
7.070000	0.200	1.572877
7.073333	0.200	1.317660
7.076667	0.200	1.110633
7.080000	0.200	0.943587
7.083333	0.200	0.809104
7.086667	0.200	0.700275
7.090000	0.200	0.611308
7.093333	0.200	0.537734
7.096667	0.200	0.476224
7.100000	0.200	0.424472
7.103333	0.200	0.381024
7.106667	0.200	0.344821
7.110000	0.200	0.314702
7.113333	0.200	0.289384
7.116667	0.200	0.267771
7.120000	0.200	0.249164
7.123333	0.200	0.233129
7.126667	0.200	0.219213
7.130000	0.200	0.206789
7.133333	0.200	0.194990
7.136667	0.200	0.183028
7.140000	0.200	0.170744
7.143333	0.200	0.158700
7.146667	0.200	0.147736
7.150000	0.200	0.138407
7.153333	0.200	0.130620
7.156667	0.200	0.123667
7.160000	0.200	0.116554
7.163333	0.200	0.108436
7.166667	0.200	0.099095
7.170000	0.200	0.089049
7.173333	0.200	0.079070
7.176667	0.200	0.069699
7.180000	0.200	0.061133
7.183333	0.200	0.053226
7.186667	0.200	0.045579
7.190000	0.200	0.037622
7.193333	0.200	0.028780
7.196667	0.200	0.019135
7.200000	0.200	0.009806
7.203333	0.200	0.001955
7.206667	0.200	-0.004494
7.210000	0.200	-0.010481
7.213333	0.200	-0.016562
7.216667	0.200	-0.022655
7.220000	0.200	-0.028346
7.223333	0.200	-0.033020
7.226667	0.200	-0.036315
7.230000	0.200	-0.038629
7.233333	0.200	-0.041012
7.236667	0.200	-0.044495
7.240000	0.200	-0.049357
7.243333	0.200	-0.055172
7.246667	0.200	-0.061277
7.250000	0.200	-0.066795
7.253333	0.200	-0.070840
7.256667	0.200	-0.073172
7.260000	0.200	-0.074227
7.263333	0.200	-0.074638
7.266667	0.200	-0.075082
7.270000	0.200	-0.076220
7.273333	0.200	-0.078548
7.276667	0.200	-0.082257
7.280000	0.200	-0.086911
7.283333	0.200	-0.091355
7.286667	0.200	-0.094345
7.290000	0.200	-0.095255
7.293333	0.200	-0.094360
7.296667	0.200	-0.092816
7.300000	0.200	-0.092185
7.303333	0.200	-0.093480
7.306667	0.200	-0.096420
7.310000	0.200	-0.099739
7.313333	0.200	-0.102542
7.316667	0.200	-0.105090
7.320000	0.200	-0.108030
7.323333	0.200	-0.111226
7.326667	0.200	-0.113497
7.330000	0.200	-0.113731
7.333333	0.200	-0.112137
7.336667	0.200	-0.109950
7.340000	0.200	-0.108481
7.343333	0.200	-0.108722
7.346667	0.200	-0.110884
7.350000	0.200	-0.114083
7.353333	0.200	-0.117064
7.356667	0.200	-0.119323
7.360000	0.200	-0.121239
7.363333	0.200	-0.123269
7.366667	0.200	-0.125400
7.370000	0.200	-0.127297
7.373333	0.200	-0.128672
7.376667	0.200	-0.129417
7.380000	0.200	-0.129535
7.383333	0.200	-0.128958
7.386667	0.200	-0.127587
7.390000	0.200	-0.125496
7.393333	0.200	-0.122823
7.396667	0.200	-0.119793
7.400000	0.200	-0.117086
7.403333	0.200	-0.115526
7.406667	0.200	-0.115150
7.410000	0.200	-0.115118
7.413333	0.200	-0.114611
7.416667	0.200	-0.113260
7.420000	0.200	-0.110869
7.423333	0.200	-0.107436
7.426667	0.200	-0.103575
7.430000	0.200	-0.100388
7.433333	0.200	-0.098757
7.436667	0.200	-0.098880
7.440000	0.200	-0.100290
7.443333	0.200	-0.102325
7.446667	0.200	-0.104671
7.450000	0.200	-0.107221
7.453333	0.200	-0.109699
7.456667	0.200	-0.111721
7.460000	0.200	-0.112963
7.463333	0.200	-0.113544
7.466667	0.200	-0.114393
7.470000	0.200	-0.116415
7.473333	0.200	-0.119311
7.476667	0.200	-0.121968
7.480000	0.200	-0.123612
7.483333	0.200	-0.124075
7.486667	0.200	-0.123763
7.490000	0.200	-0.123619
7.493333	0.200	-0.124376
7.496667	0.200	-0.125847
7.500000	0.200	-0.127384
7.503333	0.200	-0.128614
7.506667	0.200	-0.129405
7.510000	0.200	-0.129772
7.513333	0.200	-0.129969
7.516667	0.200	-0.130054
7.520000	0.200	-0.129708
7.523333	0.200	-0.128803
7.526667	0.200	-0.127495
7.530000	0.200	-0.125763
7.533333	0.200	-0.123520
7.536667	0.200	-0.121138
7.540000	0.200	-0.119256
7.543333	0.200	-0.118052
7.546667	0.200	-0.117344
7.550000	0.200	-0.117436
7.553333	0.200	-0.119141
7.556667	0.200	-0.122834
7.560000	0.200	-0.127818
7.563333	0.200	-0.132626
7.566667	0.200	-0.136027
7.570000	0.200	-0.137708
7.573333	0.200	-0.138072
7.576667	0.200	-0.137857
7.580000	0.200	-0.137804
7.583333	0.200	-0.138350
7.586667	0.200	-0.139666
7.590000	0.200	-0.141683
7.593333	0.200	-0.143969
7.596667	0.200	-0.145864
7.600000	0.200	-0.147142
7.603333	0.200	-0.148425
7.606667	0.200	-0.150355
7.610000	0.200	-0.152631
7.613333	0.200	-0.154411
7.616667	0.200	-0.155235
7.620000	0.200	-0.155217
7.623333	0.200	-0.154764
7.626667	0.200	-0.154312
7.630000	0.200	-0.154083
7.633333	0.200	-0.154045
7.636667	0.200	-0.153930
7.640000	0.200	-0.153156
7.643333	0.200	-0.151200
7.646667	0.200	-0.148306
7.650000	0.200	-0.145695
7.653333	0.200	-0.144916
7.656667	0.200	-0.146610
7.660000	0.200	-0.150098
7.663333	0.200	-0.154414
7.666667	0.200	-0.159082
7.670000	0.200	-0.163798
7.673333	0.200	-0.168121
7.676667	0.200	-0.171626
7.680000	0.200	-0.173998
7.683333	0.200	-0.175105
7.686667	0.200	-0.175160
7.690000	0.200	-0.174575
7.693333	0.200	-0.173615
7.696667	0.200	-0.172284
7.700000	0.200	-0.170543
7.703333	0.200	-0.168727
7.706667	0.200	-0.167586
7.710000	0.200	-0.167588
7.713333	0.200	-0.168334
7.716667	0.200	-0.168930
7.720000	0.200	-0.168805
7.723333	0.200	-0.167959
7.726667	0.200	-0.166524
7.730000	0.200	-0.164376
7.733333	0.200	-0.161233
7.736667	0.200	-0.157081
7.740000	0.200	-0.152432
7.743333	0.200	-0.148030
7.746667	0.200	-0.144332
7.750000	0.200	-0.141422
7.753333	0.200	-0.139358
7.756667	0.200	-0.138050
7.760000	0.200	-0.136776
7.763333	0.200	-0.134507
7.766667	0.200	-0.130664
7.770000	0.200	-0.125447
7.773333	0.200	-0.119848
7.776667	0.200	-0.115178
7.780000	0.200	-0.112390
7.783333	0.200	-0.111947
7.786667	0.200	-0.113909
7.790000	0.200	-0.117850
7.793333	0.200	-0.122837
7.796667	0.200	-0.127889
7.800000	0.200	-0.132852
7.803333	0.200	-0.138452
7.806667	0.200	-0.145016
7.810000	0.200	-0.151852
7.813333	0.200	-0.158178
7.816667	0.200	-0.163664
7.820000	0.200	-0.167922
7.823333	0.200	-0.170378
7.826667	0.200	-0.170749
7.830000	0.200	-0.168902
7.833333	0.200	-0.164270
7.836667	0.200	-0.156128
7.840000	0.200	-0.144366
7.843333	0.200	-0.129436
7.846667	0.200	-0.111884
7.850000	0.200	-0.092416
7.853333	0.200	-0.072230
7.856667	0.200	-0.053023
7.860000	0.200	-0.036601
7.863333	0.200	-0.024497
7.866667	0.200	-0.017955
7.870000	0.200	-0.017835
7.873333	0.200	-0.023856
7.876667	0.200	-0.034456
7.880000	0.200	-0.048067
7.883333	0.200	-0.063851
7.886667	0.200	-0.080801
7.890000	0.200	-0.097285
7.893333	0.200	-0.111966
7.896667	0.200	-0.124179
7.900000	0.200	-0.133663
7.903333	0.200	-0.140946
7.906667	0.200	-0.147183
7.910000	0.200	-0.153171
7.913333	0.200	-0.159394
7.916667	0.200	-0.166535
7.920000	0.200	-0.174793
7.923333	0.200	-0.183362
7.926667	0.200	-0.191133
7.930000	0.200	-0.197152
7.933333	0.200	-0.200779
7.936667	0.200	-0.202124
7.940000	0.200	-0.201907
7.943333	0.200	-0.200734
7.946667	0.200	-0.198712
7.950000	0.200	-0.195776
7.953333	0.200	-0.192273
7.956667	0.200	-0.188991
7.960000	0.200	-0.186669
7.963333	0.200	-0.185652
7.966667	0.200	-0.185736
7.970000	0.200	-0.186275
7.973333	0.200	-0.186702
7.976667	0.200	-0.186884
7.980000	0.200	-0.186852
7.983333	0.200	-0.186578
7.986667	0.200	-0.186264
7.990000	0.200	-0.186325
7.993333	0.200	-0.186890
7.996667	0.200	-0.187776
8.000000	0.200	-0.189097
8.003333	0.200	-0.191304
8.006667	0.200	-0.194505
8.010000	0.200	-0.198289
8.013333	0.200	-0.202092
8.016667	0.200	-0.205576
8.020000	0.200	-0.208755
8.023333	0.200	-0.211440
8.026667	0.200	-0.212821
8.030000	0.200	-0.212342
8.033333	0.200	-0.210774
8.036667	0.200	-0.209744
8.040000	0.200	-0.210289
8.043333	0.200	-0.212239
8.046667	0.200	-0.214685
8.050000	0.200	-0.216642
8.053333	0.200	-0.217390
8.056667	0.200	-0.216686
8.060000	0.200	-0.214669
8.063333	0.200	-0.210989
8.066667	0.200	-0.204292
8.070000	0.200	-0.193013
8.073333	0.200	-0.176218
8.076667	0.200	-0.153605
8.080000	0.200	-0.125370
8.083333	0.200	-0.092438
8.086667	0.200	-0.056843
8.090000	0.200	-0.021742
8.093333	0.200	0.009141
8.096667	0.200	0.032180
8.100000	0.200	0.044483
8.103333	0.200	0.044507
8.106667	0.200	0.032252
8.110000	0.200	0.009381
8.113333	0.200	-0.020716
8.116667	0.200	-0.053779
8.120000	0.200	-0.085836
8.123333	0.200	-0.113795
8.126667	0.200	-0.136061
8.130000	0.200	-0.152976
8.133333	0.200	-0.166132
8.136667	0.200	-0.176964
8.140000	0.200	-0.185881
8.143333	0.200	-0.192385
8.146667	0.200	-0.195795
8.150000	0.200	-0.196144
8.153333	0.200	-0.194546
8.156667	0.200	-0.192486
8.160000	0.200	-0.190698
8.163333	0.200	-0.188844
8.166667	0.200	-0.186127
8.170000	0.200	-0.181777
8.173333	0.200	-0.174933
8.176667	0.200	-0.164542
8.180000	0.200	-0.149549
8.183333	0.200	-0.129454
8.186667	0.200	-0.104911
8.190000	0.200	-0.077761
8.193333	0.200	-0.050837
8.196667	0.200	-0.027560
8.200000	0.200	-0.011155
8.203333	0.200	-0.004216
8.206667	0.200	-0.008271
8.210000	0.200	-0.022980
8.213333	0.200	-0.046207
8.216667	0.200	-0.074964
8.220000	0.200	-0.105860
8.223333	0.200	-0.135314
8.226667	0.200	-0.160319
8.230000	0.200	-0.179204
8.233333	0.200	-0.191687
8.236667	0.200	-0.198562
8.240000	0.200	-0.201318
8.243333	0.200	-0.201652
8.246667	0.200	-0.200896
8.250000	0.200	-0.199604
8.253333	0.200	-0.197875
8.256667	0.200	-0.196162
8.260000	0.200	-0.195350
8.263333	0.200	-0.196079
8.266667	0.200	-0.198355
8.270000	0.200	-0.201724
8.273333	0.200	-0.205580
8.276667	0.200	-0.209490
8.280000	0.200	-0.213305
8.283333	0.200	-0.216905
8.286667	0.200	-0.220236
8.290000	0.200	-0.223592
8.293333	0.200	-0.227321
8.296667	0.200	-0.231295
8.300000	0.200	-0.234904
8.303333	0.200	-0.237394
8.306667	0.200	-0.238272
8.310000	0.200	-0.237715
8.313333	0.200	-0.236237
8.316667	0.200	-0.234054
8.320000	0.200	-0.231191
8.323333	0.200	-0.227824
8.326667	0.200	-0.224313
8.330000	0.200	-0.221053
8.333333	0.200	-0.218325
8.336667	0.200	-0.216498
8.340000	0.200	-0.216059
8.343333	0.200	-0.217185
8.346667	0.200	-0.219599
8.350000	0.200	-0.222753
8.353333	0.200	-0.226248
8.356667	0.200	-0.230073
8.360000	0.200	-0.234263
8.363333	0.200	-0.238691
8.366667	0.200	-0.243239
8.370000	0.200	-0.247889
8.373333	0.200	-0.252609
8.376667	0.200	-0.257083
8.380000	0.200	-0.260794
8.383333	0.200	-0.263405
8.386667	0.200	-0.264680
8.390000	0.200	-0.264502
8.393333	0.200	-0.262947
8.396667	0.200	-0.260071
8.400000	0.200	-0.256002
8.403333	0.200	-0.251098
8.406667	0.200	-0.245922
8.410000	0.200	-0.241150
8.413333	0.200	-0.237323
8.416667	0.200	-0.234882
8.420000	0.200	-0.234383
8.423333	0.200	-0.236439
8.426667	0.200	-0.241313
8.430000	0.200	-0.248241
8.433333	0.200	-0.255311
8.436667	0.200	-0.260341
8.440000	0.200	-0.262358
8.443333	0.200	-0.262248
8.446667	0.200	-0.261717
8.450000	0.200	-0.261970
8.453333	0.200	-0.263160
8.456667	0.200	-0.264526
8.460000	0.200	-0.265236
8.463333	0.200	-0.265292
8.466667	0.200	-0.265680
8.470000	0.200	-0.267500
8.473333	0.200	-0.270899
8.476667	0.200	-0.274950
8.480000	0.200	-0.278454
8.483333	0.200	-0.280684
8.486667	0.200	-0.281391
8.490000	0.200	-0.280467
8.493333	0.200	-0.277893
8.496667	0.200	-0.273941
8.500000	0.200	-0.269306
8.503333	0.200	-0.265006
8.506667	0.200	-0.262139
8.510000	0.200	-0.261273
8.513333	0.200	-0.261743
8.516667	0.200	-0.262175
8.520000	0.200	-0.261987
8.523333	0.200	-0.261920
8.526667	0.200	-0.263221
8.530000	0.200	-0.266464
8.533333	0.200	-0.270718
8.536667	0.200	-0.274195
8.540000	0.200	-0.275993
8.543333	0.200	-0.276454
8.546667	0.200	-0.276141
8.550000	0.200	-0.275409
8.553333	0.200	-0.274607
8.556667	0.200	-0.274297
8.560000	0.200	-0.275048
8.563333	0.200	-0.276807
8.566667	0.200	-0.278998
8.570000	0.200	-0.281389
8.573333	0.200	-0.284319
8.576667	0.200	-0.288113
8.580000	0.200	-0.292520
8.583333	0.200	-0.296606
8.586667	0.200	-0.299028
8.590000	0.200	-0.298528
8.593333	0.200	-0.294721
8.596667	0.200	-0.288820
8.600000	0.200	-0.283098
8.603333	0.200	-0.279286
8.606667	0.200	-0.277554
8.610000	0.200	-0.277085
8.613333	0.200	-0.277171
8.616667	0.200	-0.277471
8.620000	0.200	-0.277858
8.623333	0.200	-0.278344
8.626667	0.200	-0.278906
8.630000	0.200	-0.279518
8.633333	0.200	-0.280172
8.636667	0.200	-0.280534
8.640000	0.200	-0.280002
8.643333	0.200	-0.278278
8.646667	0.200	-0.275854
8.650000	0.200	-0.273993
8.653333	0.200	-0.273869
8.656667	0.200	-0.275561
8.660000	0.200	-0.278153
8.663333	0.200	-0.280569
8.666667	0.200	-0.281903
8.670000	0.200	-0.281496
8.673333	0.200	-0.279474
8.676667	0.200	-0.276724
8.680000	0.200	-0.274081
8.683333	0.200	-0.272371
8.686667	0.200	-0.272688
8.690000	0.200	-0.275473
8.693333	0.200	-0.279953
8.696667	0.200	-0.285070
8.700000	0.200	-0.290350
8.703333	0.200	-0.295480
8.706667	0.200	-0.299513
8.710000	0.200	-0.301315
8.713333	0.200	-0.300812
8.716667	0.200	-0.299153
8.720000	0.200	-0.297724
8.723333	0.200	-0.297379
8.726667	0.200	-0.298274
8.730000	0.200	-0.300159
8.733333	0.200	-0.302847
8.736667	0.200	-0.306041
8.740000	0.200	-0.308831
8.743333	0.200	-0.310046
8.746667	0.200	-0.309148
8.750000	0.200	-0.306589
8.753333	0.200	-0.303505
8.756667	0.200	-0.301218
8.760000	0.200	-0.300658
8.763333	0.200	-0.301747
8.766667	0.200	-0.303463
8.770000	0.200	-0.304738
8.773333	0.200	-0.305092
8.776667	0.200	-0.304388
8.780000	0.200	-0.302510
8.783333	0.200	-0.299523
8.786667	0.200	-0.295822
8.790000	0.200	-0.292246
8.793333	0.200	-0.289988
8.796667	0.200	-0.289847
8.800000	0.200	-0.291646
8.803333	0.200	-0.294630
8.806667	0.200	-0.298287
8.810000	0.200	-0.302822
8.813333	0.200	-0.308601
8.816667	0.200	-0.315084
8.820000	0.200	-0.320924
8.823333	0.200	-0.325115
8.826667	0.200	-0.327732
8.830000	0.200	-0.329656
8.833333	0.200	-0.331559
8.836667	0.200	-0.333320
8.840000	0.200	-0.334617
8.843333	0.200	-0.335662
8.846667	0.200	-0.337040
8.850000	0.200	-0.339067
8.853333	0.200	-0.341427
8.856667	0.200	-0.343426
8.860000	0.200	-0.344699
8.863333	0.200	-0.345230
8.866667	0.200	-0.344109
8.870000	0.200	-0.338874
8.873333	0.200	-0.326357
8.876667	0.200	-0.303581
8.880000	0.200	-0.268235
8.883333	0.200	-0.219233
8.886667	0.200	-0.157526
8.890000	0.200	-0.086924
8.893333	0.200	-0.014224
8.896667	0.200	0.051798
8.900000	0.200	0.102309
8.903333	0.200	0.130484
8.906667	0.200	0.132793
8.910000	0.200	0.109403
8.913333	0.200	0.064092
8.916667	0.200	0.003441
8.920000	0.200	-0.064700
8.923333	0.200	-0.132948
8.926667	0.200	-0.195665
8.930000	0.200	-0.249272
8.933333	0.200	-0.292211
8.936667	0.200	-0.324939
8.940000	0.200	-0.349153
8.943333	0.200	-0.366771
8.946667	0.200	-0.379758
8.950000	0.200	-0.389981
8.953333	0.200	-0.398607
8.956667	0.200	-0.406091
8.960000	0.200	-0.412592
8.963333	0.200	-0.418150
8.966667	0.200	-0.422733
8.970000	0.200	-0.426336
8.973333	0.200	-0.429068
8.976667	0.200	-0.431232
8.980000	0.200	-0.433053
8.983333	0.200	-0.434303
8.986667	0.200	-0.434605
8.990000	0.200	-0.433886
8.993333	0.200	-0.432326
8.996667	0.200	-0.430238
9.000000	0.200	-0.427529
9.003333	0.200	-0.422613
9.006667	0.200	-0.412379
9.010000	0.200	-0.393941
9.013333	0.200	-0.366366
9.016667	0.200	-0.330869
9.020000	0.200	-0.290114
9.023333	0.200	-0.247731
9.026667	0.200	-0.208320
9.030000	0.200	-0.177200
9.033333	0.200	-0.158956
9.036667	0.200	-0.155685
9.040000	0.200	-0.166852
9.043333	0.200	-0.190455
9.046667	0.200	-0.223641
9.050000	0.200	-0.262513
9.053333	0.200	-0.302513
9.056667	0.200	-0.339482
9.060000	0.200	-0.370463
9.063333	0.200	-0.394089
9.066667	0.200	-0.410589
9.070000	0.200	-0.421297
9.073333	0.200	-0.428021
9.076667	0.200	-0.432671
9.080000	0.200	-0.436980
9.083333	0.200	-0.441999
9.086667	0.200	-0.447569
9.090000	0.200	-0.452542
9.093333	0.200	-0.455809
9.096667	0.200	-0.457182
9.100000	0.200	-0.457201
9.103333	0.200	-0.456250
9.106667	0.200	-0.454511
9.110000	0.200	-0.452638
9.113333	0.200	-0.451610
9.116667	0.200	-0.452311
9.120000	0.200	-0.455443
9.123333	0.200	-0.460933
9.126667	0.200	-0.467733
9.130000	0.200	-0.474635
9.133333	0.200	-0.480368
9.136667	0.200	-0.483163
9.140000	0.200	-0.481770
9.143333	0.200	-0.476916
9.146667	0.200	-0.471079
9.150000	0.200	-0.466693
9.153333	0.200	-0.464646
9.156667	0.200	-0.464522
9.160000	0.200	-0.465635
9.163333	0.200	-0.467322
9.166667	0.200	-0.468940
9.170000	0.200	-0.469988
9.173333	0.200	-0.470178
9.176667	0.200	-0.469663
9.180000	0.200	-0.468988
9.183333	0.200	-0.468567
9.186667	0.200	-0.468609
9.190000	0.200	-0.469306
9.193333	0.200	-0.470560
9.196667	0.200	-0.472002
9.200000	0.200	-0.473447
9.203333	0.200	-0.474933
9.206667	0.200	-0.476361
9.210000	0.200	-0.477169
9.213333	0.200	-0.476433
9.216667	0.200	-0.473535
9.220000	0.200	-0.468857
9.223333	0.200	-0.463726
9.226667	0.200	-0.459967
9.230000	0.200	-0.459172
9.233333	0.200	-0.461489
9.236667	0.200	-0.465482
9.240000	0.200	-0.469524
9.243333	0.200	-0.472499
9.246667	0.200	-0.473570
9.250000	0.200	-0.472457
9.253333	0.200	-0.469879
9.256667	0.200	-0.467103
9.260000	0.200	-0.464855
9.263333	0.200	-0.462743
9.266667	0.200	-0.459839
9.270000	0.200	-0.455997
9.273333	0.200	-0.452623
9.276667	0.200	-0.451641
9.280000	0.200	-0.453610
9.283333	0.200	-0.457464
9.286667	0.200	-0.461746
9.290000	0.200	-0.465326
9.293333	0.200	-0.467484
9.296667	0.200	-0.468094
9.300000	0.200	-0.467695
9.303333	0.200	-0.467250
9.306667	0.200	-0.467588
9.310000	0.200	-0.468773
9.313333	0.200	-0.470200
9.316667	0.200	-0.471295
9.320000	0.200	-0.471679
9.323333	0.200	-0.470919
9.326667	0.200	-0.468793
9.330000	0.200	-0.465666
9.333333	0.200	-0.462200
9.336667	0.200	-0.458771
9.340000	0.200	-0.455351
9.343333	0.200	-0.451970
9.346667	0.200	-0.449173
9.350000	0.200	-0.448058
9.353333	0.200	-0.449764
9.356667	0.200	-0.454556
9.360000	0.200	-0.461351
9.363333	0.200	-0.468204
9.366667	0.200	-0.473044
9.370000	0.200	-0.474214
9.373333	0.200	-0.471246
9.376667	0.200	-0.465380
9.380000	0.200	-0.459047
9.383333	0.200	-0.454730
9.386667	0.200	-0.453928
9.390000	0.200	-0.456546
9.393333	0.200	-0.461046
9.396667	0.200	-0.465219
9.400000	0.200	-0.466982
9.403333	0.200	-0.465156
9.406667	0.200	-0.460130
9.410000	0.200	-0.453656
9.413333	0.200	-0.447558
9.416667	0.200	-0.442669
9.420000	0.200	-0.439142
9.423333	0.200	-0.437331
9.426667	0.200	-0.437704
9.430000	0.200	-0.440172
9.433333	0.200	-0.444314
9.436667	0.200	-0.450020
9.440000	0.200	-0.457101
9.443333	0.200	-0.464384
9.446667	0.200	-0.469835
9.450000	0.200	-0.471872
9.453333	0.200	-0.470435
9.456667	0.200	-0.466642
9.460000	0.200	-0.461923
9.463333	0.200	-0.457699
9.466667	0.200	-0.455023
9.470000	0.200	-0.454234
9.473333	0.200	-0.454963
9.476667	0.200	-0.455791
9.480000	0.200	-0.454390
9.483333	0.200	-0.449465
9.486667	0.200	-0.442254
9.490000	0.200	-0.435331
9.493333	0.200	-0.430762
9.496667	0.200	-0.429610
9.500000	0.200	-0.431781
9.503333	0.200	-0.436054
9.506667	0.200	-0.441245
9.510000	0.200	-0.447092
9.513333	0.200	-0.453460
9.516667	0.200	-0.459706
9.520000	0.200	-0.465236
9.523333	0.200	-0.469737
9.526667	0.200	-0.472794
9.530000	0.200	-0.473833
9.533333	0.200	-0.472408
9.536667	0.200	-0.468822
9.540000	0.200	-0.464582
9.543333	0.200	-0.461631
9.546667	0.200	-0.461017
9.550000	0.200	-0.462457
9.553333	0.200	-0.464398
9.556667	0.200	-0.464289
9.560000	0.200	-0.459995
9.563333	0.200	-0.451566
9.566667	0.200	-0.441352
9.570000	0.200	-0.432415
9.573333	0.200	-0.426847
9.576667	0.200	-0.425295
9.580000	0.200	-0.427393
9.583333	0.200	-0.432147
9.586667	0.200	-0.438469
9.590000	0.200	-0.445982
9.593333	0.200	-0.454806
9.596667	0.200	-0.464329
9.600000	0.200	-0.472985
9.603333	0.200	-0.479361
9.606667	0.200	-0.482965
9.610000	0.200	-0.484222
9.613333	0.200	-0.484278
9.616667	0.200	-0.484211
9.620000	0.200	-0.484264
9.623333	0.200	-0.484201
9.626667	0.200	-0.484021
9.630000	0.200	-0.483853
9.633333	0.200	-0.483027
9.636667	0.200	-0.479898
9.640000	0.200	-0.473533
9.643333	0.200	-0.465101
9.646667	0.200	-0.457156
9.650000	0.200	-0.451859
9.653333	0.200	-0.449807
9.656667	0.200	-0.450341
9.660000	0.200	-0.452769
9.663333	0.200	-0.456832
9.666667	0.200	-0.462331
9.670000	0.200	-0.469076
9.673333	0.200	-0.476998
9.676667	0.200	-0.485729
9.680000	0.200	-0.494301
9.683333	0.200	-0.501327
9.686667	0.200	-0.505264
9.690000	0.200	-0.505163
9.693333	0.200	-0.501564
9.696667	0.200	-0.496308
9.700000	0.200	-0.491552
9.703333	0.200	-0.488795
9.706667	0.200	-0.488162
9.710000	0.200	-0.488315
9.713333	0.200	-0.487059
9.716667	0.200	-0.482627
9.720000	0.200	-0.475111
9.723333	0.200	-0.466520
9.726667	0.200	-0.459203
9.730000	0.200	-0.454592
9.733333	0.200	-0.453215
9.736667	0.200	-0.455063
9.740000	0.200	-0.459536
9.743333	0.200	-0.465463
9.746667	0.200	-0.471691
9.750000	0.200	-0.477684
9.753333	0.200	-0.483415
9.756667	0.200	-0.488651
9.760000	0.200	-0.492600
9.763333	0.200	-0.494779
9.766667	0.200	-0.495971
9.770000	0.200	-0.497353
9.773333	0.200	-0.499083
9.776667	0.200	-0.500678
9.780000	0.200	-0.501967
9.783333	0.200	-0.502970
9.786667	0.200	-0.503539
9.790000	0.200	-0.503497
9.793333	0.200	-0.502776
9.796667	0.200	-0.501176
9.800000	0.200	-0.498359
9.803333	0.200	-0.494464
9.806667	0.200	-0.490411
9.810000	0.200	-0.487446
9.813333	0.200	-0.486493
9.816667	0.200	-0.487625
9.820000	0.200	-0.490055
9.823333	0.200	-0.492889
9.826667	0.200	-0.495888
9.830000	0.200	-0.499266
9.833333	0.200	-0.502935
9.836667	0.200	-0.506401
9.840000	0.200	-0.509184
9.843333	0.200	-0.511006
9.846667	0.200	-0.511912
9.850000	0.200	-0.512357
9.853333	0.200	-0.512739
9.856667	0.200	-0.513027
9.860000	0.200	-0.513151
9.863333	0.200	-0.513243
9.866667	0.200	-0.513538
9.870000	0.200	-0.514361
9.873333	0.200	-0.515607
9.876667	0.200	-0.516319
9.880000	0.200	-0.515486
9.883333	0.200	-0.512986
9.886667	0.200	-0.509270
9.890000	0.200	-0.504692
9.893333	0.200	-0.499701
9.896667	0.200	-0.495107
9.900000	0.200	-0.491776
9.903333	0.200	-0.490314
9.906667	0.200	-0.490866
9.910000	0.200	-0.493024
9.913333	0.200	-0.495950
9.916667	0.200	-0.498639
9.920000	0.200	-0.500253
9.923333	0.200	-0.500658
9.926667	0.200	-0.500611
9.930000	0.200	-0.500780
9.933333	0.200	-0.500806
9.936667	0.200	-0.500183
9.940000	0.200	-0.499597
9.943333	0.200	-0.500451
9.946667	0.200	-0.503470
9.950000	0.200	-0.508324
9.953333	0.200	-0.513862
9.956667	0.200	-0.518233
9.960000	0.200	-0.519718
9.963333	0.200	-0.518029
9.966667	0.200	-0.514286
9.970000	0.200	-0.509712
9.973333	0.200	-0.505055
9.976667	0.200	-0.500953
9.980000	0.200	-0.498048
9.983333	0.200	-0.496785
9.986667	0.200	-0.497061
9.990000	0.200	-0.497840
9.993333	0.200	-0.497563
9.996667	0.200	-0.495364
10.000000	0.200	-0.491704
10.003333	0.200	-0.487906
10.006667	0.200	-0.485377
10.010000	0.200	-0.484981
10.013333	0.200	-0.486541
10.016667	0.200	-0.488905
10.020000	0.200	-0.490998
10.023333	0.200	-0.492955
10.026667	0.200	-0.495732
10.030000	0.200	-0.499641
10.033333	0.200	-0.503719
10.036667	0.200	-0.506292
10.040000	0.200	-0.506137
10.043333	0.200	-0.503351
10.046667	0.200	-0.499111
10.050000	0.200	-0.494866
10.053333	0.200	-0.491673
10.056667	0.200	-0.489966
10.060000	0.200	-0.490155
10.063333	0.200	-0.492769
10.066667	0.200	-0.497113
10.070000	0.200	-0.500675
10.073333	0.200	-0.500889
10.076667	0.200	-0.496989
10.080000	0.200	-0.490227
10.083333	0.200	-0.483356
10.086667	0.200	-0.479260
10.090000	0.200	-0.479046
10.093333	0.200	-0.481687
10.096667	0.200	-0.485233
10.100000	0.200	-0.488152
10.103333	0.200	-0.490166
10.106667	0.200	-0.491967
10.110000	0.200	-0.493926
10.113333	0.200	-0.495234
10.116667	0.200	-0.494551
10.120000	0.200	-0.491442
10.123333	0.200	-0.486898
10.126667	0.200	-0.482539
10.130000	0.200	-0.479559
10.133333	0.200	-0.478383
10.136667	0.200	-0.478931
10.140000	0.200	-0.480738
10.143333	0.200	-0.482970
10.146667	0.200	-0.484678
10.150000	0.200	-0.485048
10.153333	0.200	-0.483564
10.156667	0.200	-0.480515
10.160000	0.200	-0.477297
10.163333	0.200	-0.475526
10.166667	0.200	-0.475590
10.170000	0.200	-0.476446
10.173333	0.200	-0.476712
10.176667	0.200	-0.475693
10.180000	0.200	-0.473901
10.183333	0.200	-0.472677
10.186667	0.200	-0.472773
10.190000	0.200	-0.473606
10.193333	0.200	-0.474129
10.196667	0.200	-0.473720
10.200000	0.200	-0.472061
10.203333	0.200	-0.469042
10.206667	0.200	-0.465072
10.210000	0.200	-0.461000
10.213333	0.200	-0.457590
10.216667	0.200	-0.455037
10.220000	0.200	-0.452900
10.223333	0.200	-0.450417
10.226667	0.200	-0.446836
10.230000	0.200	-0.441711
10.233333	0.200	-0.435439
10.236667	0.200	-0.429705
10.240000	0.200	-0.426859
10.243333	0.200	-0.428213
10.246667	0.200	-0.432991
10.250000	0.200	-0.438984
10.253333	0.200	-0.443897
10.256667	0.200	-0.446491
10.260000	0.200	-0.447357
10.263333	0.200	-0.448428
10.266667	0.200	-0.451213
10.270000	0.200	-0.455505
10.273333	0.200	-0.459677
10.276667	0.200	-0.462164
10.280000	0.200	-0.462470
10.283333	0.200	-0.460855
10.286667	0.200	-0.457937
10.290000	0.200	-0.454843
10.293333	0.200	-0.453058
10.296667	0.200	-0.453570
10.300000	0.200	-0.456310
10.303333	0.200	-0.460353
10.306667	0.200	-0.464175
10.310000	0.200	-0.466180
10.313333	0.200	-0.465852
10.316667	0.200	-0.464319
10.320000	0.200	-0.463654
10.323333	0.200	-0.465451
10.326667	0.200	-0.469563
10.330000	0.200	-0.474497
10.333333	0.200	-0.478996
10.336667	0.200	-0.482447
10.340000	0.200	-0.484437
10.343333	0.200	-0.485004
10.346667	0.200	-0.484741
10.350000	0.200	-0.484379
10.353333	0.200	-0.484568
10.356667	0.200	-0.485739
10.360000	0.200	-0.487936
10.363333	0.200	-0.490816
10.366667	0.200	-0.493976
10.370000	0.200	-0.497300
10.373333	0.200	-0.500748
10.376667	0.200	-0.504008
10.380000	0.200	-0.506594
10.383333	0.200	-0.507807
10.386667	0.200	-0.506838
10.390000	0.200	-0.503703
10.393333	0.200	-0.499800
10.396667	0.200	-0.497114
10.400000	0.200	-0.496888
10.403333	0.200	-0.498977
10.406667	0.200	-0.502322
10.410000	0.200	-0.505911
10.413333	0.200	-0.509463
10.416667	0.200	-0.513148
10.420000	0.200	-0.516482
10.423333	0.200	-0.518152
10.426667	0.200	-0.517333
10.430000	0.200	-0.514693
10.433333	0.200	-0.511845
10.436667	0.200	-0.510211
10.440000	0.200	-0.510672
10.443333	0.200	-0.513675
10.446667	0.200	-0.519028
10.450000	0.200	-0.525600
10.453333	0.200	-0.531660
10.456667	0.200	-0.535819
10.460000	0.200	-0.537425
10.463333	0.200	-0.536327
10.466667	0.200	-0.532935
10.470000	0.200	-0.528366
10.473333	0.200	-0.524190
10.476667	0.200	-0.521967
10.480000	0.200	-0.522800
10.483333	0.200	-0.526965
10.486667	0.200	-0.533602
10.490000	0.200	-0.540897
10.493333	0.200	-0.547092
10.496667	0.200	-0.551472
10.500000	0.200	-0.554166
10.503333	0.200	-0.555413
10.506667	0.200	-0.555500
10.510000	0.200	-0.554920
10.513333	0.200	-0.554029
10.516667	0.200	-0.552760
10.520000	0.200	-0.551016
10.523333	0.200	-0.549005
10.526667	0.200	-0.546850
10.530000	0.200	-0.544539
10.533333	0.200	-0.542443
10.536667	0.200	-0.540977
10.540000	0.200	-0.539543
10.543333	0.200	-0.536838
10.546667	0.200	-0.532344
10.550000	0.200	-0.526822
10.553333	0.200	-0.521812
10.556667	0.200	-0.518850
10.560000	0.200	-0.518473
10.563333	0.200	-0.520136
10.566667	0.200	-0.522956
10.570000	0.200	-0.526064
10.573333	0.200	-0.528680
10.576667	0.200	-0.529980
10.580000	0.200	-0.529012
10.583333	0.200	-0.525436
10.586667	0.200	-0.520096
10.590000	0.200	-0.514229
10.593333	0.200	-0.508490
10.596667	0.200	-0.503086
10.600000	0.200	-0.498447
10.603333	0.200	-0.495238
10.606667	0.200	-0.493656
10.610000	0.200	-0.493084
10.613333	0.200	-0.492382
10.616667	0.200	-0.490521
10.620000	0.200	-0.487192
10.623333	0.200	-0.482603
10.626667	0.200	-0.476873
10.630000	0.200	-0.470193
10.633333	0.200	-0.463221
10.636667	0.200	-0.456699
10.640000	0.200	-0.450827
10.643333	0.200	-0.445350
10.646667	0.200	-0.440053
10.650000	0.200	-0.434818
10.653333	0.200	-0.429360
10.656667	0.200	-0.423381
10.660000	0.200	-0.416768
10.663333	0.200	-0.409036
10.666667	0.200	-0.399059
10.670000	0.200	-0.386147
10.673333	0.200	-0.370823
10.676667	0.200	-0.353934
10.680000	0.200	-0.335619
10.683333	0.200	-0.315861
10.686667	0.200	-0.295435
10.690000	0.200	-0.275474
10.693333	0.200	-0.256473
10.696667	0.200	-0.238277
10.700000	0.200	-0.220820
10.703333	0.200	-0.204401
10.706667	0.200	-0.189414
10.710000	0.200	-0.176376
10.713333	0.200	-0.165977
10.716667	0.200	-0.158643
10.720000	0.200	-0.154204
10.723333	0.200	-0.151804
10.726667	0.200	-0.150017
10.730000	0.200	-0.147654
10.733333	0.200	-0.144518
10.736667	0.200	-0.140820
10.740000	0.200	-0.136436
10.743333	0.200	-0.131168
10.746667	0.200	-0.125152
10.750000	0.200	-0.119140
10.753333	0.200	-0.114459
10.756667	0.200	-0.112073
10.760000	0.200	-0.111749
10.763333	0.200	-0.112375
10.766667	0.200	-0.112900
10.770000	0.200	-0.112671
10.773333	0.200	-0.111127
10.776667	0.200	-0.108053
10.780000	0.200	-0.104036
10.783333	0.200	-0.100017
10.786667	0.200	-0.096755
10.790000	0.200	-0.094764
10.793333	0.200	-0.093997
10.796667	0.200	-0.093646
10.800000	0.200	-0.092745
10.803333	0.200	-0.090786
10.806667	0.200	-0.087602
10.810000	0.200	-0.083195
10.813333	0.200	-0.078109
10.816667	0.200	-0.073511
10.820000	0.200	-0.070353
10.823333	0.200	-0.068636
10.826667	0.200	-0.067565
10.830000	0.200	-0.066335
10.833333	0.200	-0.064937
10.836667	0.200	-0.064118
10.840000	0.200	-0.064452
10.843333	0.200	-0.065546
10.846667	0.200	-0.066062
10.850000	0.200	-0.064725
10.853333	0.200	-0.061571
10.856667	0.200	-0.057795
10.860000	0.200	-0.054506
10.863333	0.200	-0.052153
10.866667	0.200	-0.050523
10.870000	0.200	-0.048749
10.873333	0.200	-0.045949
10.876667	0.200	-0.042149
10.880000	0.200	-0.038105
10.883333	0.200	-0.034433
10.886667	0.200	-0.031296
10.890000	0.200	-0.028549
10.893333	0.200	-0.025874
10.896667	0.200	-0.023038
10.900000	0.200	-0.020013
10.903333	0.200	-0.016723
10.906667	0.200	-0.012899
10.910000	0.200	-0.008413
10.913333	0.200	-0.003554
10.916667	0.200	0.001115
10.920000	0.200	0.005059
10.923333	0.200	0.007906
10.926667	0.200	0.009524
10.930000	0.200	0.010131
10.933333	0.200	0.010316
10.936667	0.200	0.010819
10.940000	0.200	0.012168
10.943333	0.200	0.014507
10.946667	0.200	0.017530
10.950000	0.200	0.020541
10.953333	0.200	0.023126
10.956667	0.200	0.025702
10.960000	0.200	0.028875
10.963333	0.200	0.032560
10.966667	0.200	0.036274
10.970000	0.200	0.039901
10.973333	0.200	0.043616
10.976667	0.200	0.047410
10.980000	0.200	0.051005
10.983333	0.200	0.054152
10.986667	0.200	0.057051
10.990000	0.200	0.060401
10.993333	0.200	0.064819
10.996667	0.200	0.070232
11.000000	0.200	0.075987
