File Path	chrom://nnfcb-l0286/ChromeleonLocal/metk/20171013_HMP_C61_metk.seq/500.smp/UV_VIS_2.channel/UV_VIS_2.chm
Channel	UV_VIS_2

Injection Information:
Data Vault	ChromeleonLocal
Injection	100 ug/ml ISO
Injection Number	90
Position	RC9
Comment	
Processing Method	HMP New ProcMethod
Instrument Method	HM_metode_ZorBax_0,02%_Acetic_acid_ver6
Type	Calibration Standard
Status	Finished
Injection Date	10/14/2017
Injection Time	7:41:54 AM
Injection Volume (µl)	1.000
Dilution Factor	1.0000
Weight	1.0000

Raw Data Information:
Time Min. (min)	0.000000
Time Max. (min)	11.000000
Data Points	3301
Detector	UV
Exporting Data System	Chromeleon 7.1.3.2425
Operator	
Signal Quantity	Absorbance
Signal Unit	mAU
Signal Min.	-1.004446
Signal Max.	38.084154
Channel	UV_VIS_2
Driver Name	DAD3000.dll
Channel Type	Evaluation
Min. Step (s)	0.200
Max. Step (s)	0.200
Average Step (s)	0.200

Signal Parameter Information:
Signal Info	WVL:280 nm

Raw Data:
Time (min)	Step (s)	Value (mAU)
0.000000	0.000	0.000000
0.003333	0.200	-0.001912
0.006667	0.200	-0.014126
0.010000	0.200	-0.048443
0.013333	0.200	-0.104283
0.016667	0.200	-0.161782
0.020000	0.200	-0.197310
0.023333	0.200	-0.200835
0.026667	0.200	-0.177948
0.030000	0.200	-0.142400
0.033333	0.200	-0.107745
0.036667	0.200	-0.081892
0.040000	0.200	-0.066821
0.043333	0.200	-0.061687
0.046667	0.200	-0.065030
0.050000	0.200	-0.074962
0.053333	0.200	-0.089016
0.056667	0.200	-0.104707
0.060000	0.200	-0.120560
0.063333	0.200	-0.136230
0.066667	0.200	-0.151496
0.070000	0.200	-0.165827
0.073333	0.200	-0.178690
0.076667	0.200	-0.189851
0.080000	0.200	-0.199605
0.083333	0.200	-0.208460
0.086667	0.200	-0.216793
0.090000	0.200	-0.225239
0.093333	0.200	-0.234499
0.096667	0.200	-0.244369
0.100000	0.200	-0.253938
0.103333	0.200	-0.262701
0.106667	0.200	-0.270854
0.110000	0.200	-0.278964
0.113333	0.200	-0.287703
0.116667	0.200	-0.297428
0.120000	0.200	-0.307919
0.123333	0.200	-0.318550
0.126667	0.200	-0.328699
0.130000	0.200	-0.338097
0.133333	0.200	-0.346693
0.136667	0.200	-0.354273
0.140000	0.200	-0.360550
0.143333	0.200	-0.365478
0.146667	0.200	-0.369539
0.150000	0.200	-0.373841
0.153333	0.200	-0.379506
0.156667	0.200	-0.387007
0.160000	0.200	-0.396216
0.163333	0.200	-0.406460
0.166667	0.200	-0.416448
0.170000	0.200	-0.424797
0.173333	0.200	-0.431128
0.176667	0.200	-0.436404
0.180000	0.200	-0.441979
0.183333	0.200	-0.448459
0.186667	0.200	-0.455430
0.190000	0.200	-0.462022
0.193333	0.200	-0.467442
0.196667	0.200	-0.471193
0.200000	0.200	-0.473426
0.203333	0.200	-0.475127
0.206667	0.200	-0.477664
0.210000	0.200	-0.481897
0.213333	0.200	-0.487705
0.216667	0.200	-0.494555
0.220000	0.200	-0.502166
0.223333	0.200	-0.510200
0.226667	0.200	-0.517879
0.230000	0.200	-0.524628
0.233333	0.200	-0.530570
0.236667	0.200	-0.535998
0.240000	0.200	-0.540882
0.243333	0.200	-0.545018
0.246667	0.200	-0.548502
0.250000	0.200	-0.552091
0.253333	0.200	-0.556595
0.256667	0.200	-0.562000
0.260000	0.200	-0.567819
0.263333	0.200	-0.573740
0.266667	0.200	-0.579353
0.270000	0.200	-0.583918
0.273333	0.200	-0.587243
0.276667	0.200	-0.590408
0.280000	0.200	-0.594663
0.283333	0.200	-0.600048
0.286667	0.200	-0.605695
0.290000	0.200	-0.610769
0.293333	0.200	-0.614906
0.296667	0.200	-0.618101
0.300000	0.200	-0.620278
0.303333	0.200	-0.621383
0.306667	0.200	-0.621941
0.310000	0.200	-0.622982
0.313333	0.200	-0.625317
0.316667	0.200	-0.628981
0.320000	0.200	-0.633219
0.323333	0.200	-0.637140
0.326667	0.200	-0.640652
0.330000	0.200	-0.644428
0.333333	0.200	-0.648999
0.336667	0.200	-0.654329
0.340000	0.200	-0.659912
0.343333	0.200	-0.665134
0.346667	0.200	-0.669780
0.350000	0.200	-0.673938
0.353333	0.200	-0.677510
0.356667	0.200	-0.680250
0.360000	0.200	-0.682066
0.363333	0.200	-0.683057
0.366667	0.200	-0.683513
0.370000	0.200	-0.683722
0.373333	0.200	-0.683781
0.376667	0.200	-0.683904
0.380000	0.200	-0.684627
0.383333	0.200	-0.686517
0.386667	0.200	-0.689940
0.390000	0.200	-0.694819
0.393333	0.200	-0.700291
0.396667	0.200	-0.705036
0.400000	0.200	-0.708243
0.403333	0.200	-0.710201
0.406667	0.200	-0.711989
0.410000	0.200	-0.714716
0.413333	0.200	-0.718672
0.416667	0.200	-0.722890
0.420000	0.200	-0.725944
0.423333	0.200	-0.727387
0.426667	0.200	-0.728062
0.430000	0.200	-0.728950
0.433333	0.200	-0.730266
0.436667	0.200	-0.731915
0.440000	0.200	-0.734064
0.443333	0.200	-0.736856
0.446667	0.200	-0.740022
0.450000	0.200	-0.743045
0.453333	0.200	-0.745513
0.456667	0.200	-0.747242
0.460000	0.200	-0.748361
0.463333	0.200	-0.749329
0.466667	0.200	-0.750649
0.470000	0.200	-0.752635
0.473333	0.200	-0.755403
0.476667	0.200	-0.758727
0.480000	0.200	-0.762136
0.483333	0.200	-0.765385
0.486667	0.200	-0.768397
0.490000	0.200	-0.770981
0.493333	0.200	-0.773034
0.496667	0.200	-0.774561
0.500000	0.200	-0.775466
0.503333	0.200	-0.775957
0.506667	0.200	-0.776912
0.510000	0.200	-0.779345
0.513333	0.200	-0.783377
0.516667	0.200	-0.787874
0.520000	0.200	-0.791306
0.523333	0.200	-0.792865
0.526667	0.200	-0.792779
0.530000	0.200	-0.791771
0.533333	0.200	-0.790496
0.536667	0.200	-0.789496
0.540000	0.200	-0.789249
0.543333	0.200	-0.790033
0.546667	0.200	-0.791755
0.550000	0.200	-0.793889
0.553333	0.200	-0.795746
0.556667	0.200	-0.797028
0.560000	0.200	-0.798085
0.563333	0.200	-0.799505
0.566667	0.200	-0.801621
0.570000	0.200	-0.804328
0.573333	0.200	-0.807027
0.576667	0.200	-0.809001
0.580000	0.200	-0.810055
0.583333	0.200	-0.810506
0.586667	0.200	-0.810680
0.590000	0.200	-0.810989
0.593333	0.200	-0.812169
0.596667	0.200	-0.814501
0.600000	0.200	-0.817277
0.603333	0.200	-0.819749
0.606667	0.200	-0.821969
0.610000	0.200	-0.824495
0.613333	0.200	-0.827677
0.616667	0.200	-0.831123
0.620000	0.200	-0.833954
0.623333	0.200	-0.835640
0.626667	0.200	-0.836472
0.630000	0.200	-0.837352
0.633333	0.200	-0.839009
0.636667	0.200	-0.841261
0.640000	0.200	-0.843193
0.643333	0.200	-0.844079
0.646667	0.200	-0.843999
0.650000	0.200	-0.843700
0.653333	0.200	-0.844021
0.656667	0.200	-0.845331
0.660000	0.200	-0.847154
0.663333	0.200	-0.848361
0.666667	0.200	-0.848135
0.670000	0.200	-0.846856
0.673333	0.200	-0.845729
0.676667	0.200	-0.845679
0.680000	0.200	-0.847128
0.683333	0.200	-0.850272
0.686667	0.200	-0.854584
0.690000	0.200	-0.858580
0.693333	0.200	-0.860896
0.696667	0.200	-0.861454
0.700000	0.200	-0.861148
0.703333	0.200	-0.860687
0.706667	0.200	-0.860219
0.710000	0.200	-0.859654
0.713333	0.200	-0.859113
0.716667	0.200	-0.859445
0.720000	0.200	-0.861711
0.723333	0.200	-0.865728
0.726667	0.200	-0.869825
0.730000	0.200	-0.872252
0.733333	0.200	-0.872246
0.736667	0.200	-0.870179
0.740000	0.200	-0.867515
0.743333	0.200	-0.866243
0.746667	0.200	-0.867542
0.750000	0.200	-0.871026
0.753333	0.200	-0.875460
0.756667	0.200	-0.879820
0.760000	0.200	-0.883589
0.763333	0.200	-0.886756
0.766667	0.200	-0.889560
0.770000	0.200	-0.891933
0.773333	0.200	-0.893489
0.776667	0.200	-0.893961
0.780000	0.200	-0.893475
0.783333	0.200	-0.892494
0.786667	0.200	-0.891340
0.790000	0.200	-0.889952
0.793333	0.200	-0.888342
0.796667	0.200	-0.887035
0.800000	0.200	-0.886712
0.803333	0.200	-0.887578
0.806667	0.200	-0.889447
0.810000	0.200	-0.892125
0.813333	0.200	-0.895234
0.816667	0.200	-0.898214
0.820000	0.200	-0.900931
0.823333	0.200	-0.903793
0.826667	0.200	-0.907022
0.830000	0.200	-0.910063
0.833333	0.200	-0.911954
0.836667	0.200	-0.912355
0.840000	0.200	-0.912017
0.843333	0.200	-0.912234
0.846667	0.200	-0.914137
0.850000	0.200	-0.918108
0.853333	0.200	-0.923465
0.856667	0.200	-0.929011
0.860000	0.200	-0.933709
0.863333	0.200	-0.936678
0.866667	0.200	-0.937359
0.870000	0.200	-0.935747
0.873333	0.200	-0.931459
0.876667	0.200	-0.921864
0.880000	0.200	-0.900719
0.883333	0.200	-0.859063
0.886667	0.200	-0.789253
0.890000	0.200	-0.690139
0.893333	0.200	-0.568999
0.896667	0.200	-0.438528
0.900000	0.200	-0.312043
0.903333	0.200	-0.200413
0.906667	0.200	-0.111125
0.910000	0.200	-0.048104
0.913333	0.200	-0.011620
0.916667	0.200	0.001112
0.920000	0.200	-0.005483
0.923333	0.200	-0.026545
0.926667	0.200	-0.057573
0.930000	0.200	-0.095042
0.933333	0.200	-0.136278
0.936667	0.200	-0.178870
0.940000	0.200	-0.220341
0.943333	0.200	-0.257412
0.946667	0.200	-0.285020
0.950000	0.200	-0.297157
0.953333	0.200	-0.289872
0.956667	0.200	-0.263772
0.960000	0.200	-0.224072
0.963333	0.200	-0.179259
0.966667	0.200	-0.139325
0.970000	0.200	-0.113317
0.973333	0.200	-0.106265
0.976667	0.200	-0.116625
0.980000	0.200	-0.136097
0.983333	0.200	-0.152632
0.986667	0.200	-0.155721
0.990000	0.200	-0.142025
0.993333	0.200	-0.118306
0.996667	0.200	-0.099029
1.000000	0.200	-0.099513
1.003333	0.200	-0.128986
1.006667	0.200	-0.187417
1.010000	0.200	-0.266753
1.013333	0.200	-0.354790
1.016667	0.200	-0.439613
1.020000	0.200	-0.512935
1.023333	0.200	-0.571157
1.026667	0.200	-0.614614
1.030000	0.200	-0.646074
1.033333	0.200	-0.669228
1.036667	0.200	-0.687427
1.040000	0.200	-0.702758
1.043333	0.200	-0.716012
1.046667	0.200	-0.727145
1.050000	0.200	-0.735223
1.053333	0.200	-0.738531
1.056667	0.200	-0.735491
1.060000	0.200	-0.725032
1.063333	0.200	-0.705296
1.066667	0.200	-0.671549
1.070000	0.200	-0.614089
1.073333	0.200	-0.514614
1.076667	0.200	-0.339839
1.080000	0.200	-0.033668
1.083333	0.200	0.490101
1.086667	0.200	1.351467
1.090000	0.200	2.697390
1.093333	0.200	4.676321
1.096667	0.200	7.392338
1.100000	0.200	10.849487
1.103333	0.200	14.908007
1.106667	0.200	19.276544
1.110000	0.200	23.552965
1.113333	0.200	27.304906
1.116667	0.200	30.162274
1.120000	0.200	31.888903
1.123333	0.200	32.412951
1.126667	0.200	31.814905
1.130000	0.200	30.285542
1.133333	0.200	28.071819
1.136667	0.200	25.427543
1.140000	0.200	22.578855
1.143333	0.200	19.706196
1.146667	0.200	16.939454
1.150000	0.200	14.362173
1.153333	0.200	12.020862
1.156667	0.200	9.935225
1.160000	0.200	8.106573
1.163333	0.200	6.524599
1.166667	0.200	5.173030
1.170000	0.200	4.033048
1.173333	0.200	3.084247
1.176667	0.200	2.304819
1.180000	0.200	1.671947
1.183333	0.200	1.162669
1.186667	0.200	0.755158
1.190000	0.200	0.429966
1.193333	0.200	0.171501
1.196667	0.200	-0.030763
1.200000	0.200	-0.181989
1.203333	0.200	-0.282014
1.206667	0.200	-0.326505
1.210000	0.200	-0.310661
1.213333	0.200	-0.234067
1.216667	0.200	-0.104360
1.220000	0.200	0.060826
1.223333	0.200	0.233915
1.226667	0.200	0.381479
1.230000	0.200	0.472838
1.233333	0.200	0.489029
1.236667	0.200	0.427458
1.240000	0.200	0.301113
1.243333	0.200	0.133387
1.246667	0.200	-0.049538
1.250000	0.200	-0.225400
1.253333	0.200	-0.379086
1.256667	0.200	-0.502908
1.260000	0.200	-0.595286
1.263333	0.200	-0.658045
1.266667	0.200	-0.692807
1.270000	0.200	-0.697708
1.273333	0.200	-0.665737
1.276667	0.200	-0.585667
1.280000	0.200	-0.446646
1.283333	0.200	-0.246926
1.286667	0.200	-0.003489
1.290000	0.200	0.244878
1.293333	0.200	0.446570
1.296667	0.200	0.555343
1.300000	0.200	0.548034
1.303333	0.200	0.432333
1.306667	0.200	0.241227
1.310000	0.200	0.018640
1.313333	0.200	-0.195356
1.316667	0.200	-0.374033
1.320000	0.200	-0.506710
1.323333	0.200	-0.595874
1.326667	0.200	-0.651242
1.330000	0.200	-0.683843
1.333333	0.200	-0.702719
1.336667	0.200	-0.714348
1.340000	0.200	-0.722816
1.343333	0.200	-0.729903
1.346667	0.200	-0.735664
1.350000	0.200	-0.739590
1.353333	0.200	-0.741481
1.356667	0.200	-0.741559
1.360000	0.200	-0.740470
1.363333	0.200	-0.739557
1.366667	0.200	-0.740444
1.370000	0.200	-0.743898
1.373333	0.200	-0.749323
1.376667	0.200	-0.755348
1.380000	0.200	-0.760925
1.383333	0.200	-0.766102
1.386667	0.200	-0.771718
1.390000	0.200	-0.778476
1.393333	0.200	-0.786389
1.396667	0.200	-0.794964
1.400000	0.200	-0.803864
1.403333	0.200	-0.813187
1.406667	0.200	-0.822933
1.410000	0.200	-0.832606
1.413333	0.200	-0.841780
1.416667	0.200	-0.850679
1.420000	0.200	-0.859794
1.423333	0.200	-0.869160
1.426667	0.200	-0.878288
1.430000	0.200	-0.886749
1.433333	0.200	-0.894571
1.436667	0.200	-0.902059
1.440000	0.200	-0.909648
1.443333	0.200	-0.917882
1.446667	0.200	-0.926889
1.450000	0.200	-0.936071
1.453333	0.200	-0.944603
1.456667	0.200	-0.951806
1.460000	0.200	-0.957024
1.463333	0.200	-0.959754
1.466667	0.200	-0.959896
1.470000	0.200	-0.957622
1.473333	0.200	-0.953388
1.476667	0.200	-0.948269
1.480000	0.200	-0.943595
1.483333	0.200	-0.940051
1.486667	0.200	-0.937292
1.490000	0.200	-0.934349
1.493333	0.200	-0.930696
1.496667	0.200	-0.926904
1.500000	0.200	-0.923999
1.503333	0.200	-0.922413
1.506667	0.200	-0.921632
1.510000	0.200	-0.920580
1.513333	0.200	-0.918244
1.516667	0.200	-0.914077
1.520000	0.200	-0.908217
1.523333	0.200	-0.901652
1.526667	0.200	-0.895824
1.530000	0.200	-0.891742
1.533333	0.200	-0.889661
1.536667	0.200	-0.889480
1.540000	0.200	-0.890912
1.543333	0.200	-0.893240
1.546667	0.200	-0.895427
1.550000	0.200	-0.896771
1.553333	0.200	-0.897254
1.556667	0.200	-0.897158
1.560000	0.200	-0.896571
1.563333	0.200	-0.895435
1.566667	0.200	-0.894114
1.570000	0.200	-0.893565
1.573333	0.200	-0.894495
1.576667	0.200	-0.896668
1.580000	0.200	-0.899370
1.583333	0.200	-0.902200
1.586667	0.200	-0.905239
1.590000	0.200	-0.908825
1.593333	0.200	-0.913103
1.596667	0.200	-0.917449
1.600000	0.200	-0.920856
1.603333	0.200	-0.923129
1.606667	0.200	-0.924904
1.610000	0.200	-0.926616
1.613333	0.200	-0.928301
1.616667	0.200	-0.930002
1.620000	0.200	-0.931735
1.623333	0.200	-0.933495
1.626667	0.200	-0.935361
1.630000	0.200	-0.937160
1.633333	0.200	-0.938499
1.636667	0.200	-0.939309
1.640000	0.200	-0.939886
1.643333	0.200	-0.940337
1.646667	0.200	-0.940244
1.650000	0.200	-0.939133
1.653333	0.200	-0.937141
1.656667	0.200	-0.934904
1.660000	0.200	-0.932904
1.663333	0.200	-0.931150
1.666667	0.200	-0.929571
1.670000	0.200	-0.928546
1.673333	0.200	-0.928725
1.676667	0.200	-0.930245
1.680000	0.200	-0.932275
1.683333	0.200	-0.933672
1.686667	0.200	-0.934062
1.690000	0.200	-0.933845
1.693333	0.200	-0.933219
1.696667	0.200	-0.931648
1.700000	0.200	-0.928382
1.703333	0.200	-0.923456
1.706667	0.200	-0.917926
1.710000	0.200	-0.913006
1.713333	0.200	-0.909430
1.716667	0.200	-0.907563
1.720000	0.200	-0.907469
1.723333	0.200	-0.908744
1.726667	0.200	-0.910523
1.730000	0.200	-0.911939
1.733333	0.200	-0.912466
1.736667	0.200	-0.910642
1.740000	0.200	-0.898921
1.743333	0.200	-0.849171
1.746667	0.200	-0.684260
1.750000	0.200	-0.250158
1.753333	0.200	0.672668
1.756667	0.200	2.291823
1.760000	0.200	4.688925
1.763333	0.200	7.742054
1.766667	0.200	11.139009
1.770000	0.200	14.474352
1.773333	0.200	17.374888
1.776667	0.200	19.594464
1.780000	0.200	21.048502
1.783333	0.200	21.792121
1.786667	0.200	21.965740
1.790000	0.200	21.736372
1.793333	0.200	21.254253
1.796667	0.200	20.631024
1.800000	0.200	19.936720
1.803333	0.200	19.208681
1.806667	0.200	18.463759
1.810000	0.200	17.708283
1.813333	0.200	16.944797
1.816667	0.200	16.175620
1.820000	0.200	15.403724
1.823333	0.200	14.632757
1.826667	0.200	13.867106
1.830000	0.200	13.111204
1.833333	0.200	12.368470
1.836667	0.200	11.641061
1.840000	0.200	10.930375
1.843333	0.200	10.237667
1.846667	0.200	9.564119
1.850000	0.200	8.910266
1.853333	0.200	8.275695
1.856667	0.200	7.659734
1.860000	0.200	7.062399
1.863333	0.200	6.484296
1.866667	0.200	5.925966
1.870000	0.200	5.387882
1.873333	0.200	4.870735
1.876667	0.200	4.375125
1.880000	0.200	3.901222
1.883333	0.200	3.449373
1.886667	0.200	3.020564
1.890000	0.200	2.615697
1.893333	0.200	2.235060
1.896667	0.200	1.878730
1.900000	0.200	1.546979
1.903333	0.200	1.240127
1.906667	0.200	0.958470
1.910000	0.200	0.702627
1.913333	0.200	0.473466
1.916667	0.200	0.271461
1.920000	0.200	0.096113
1.923333	0.200	-0.054564
1.926667	0.200	-0.184006
1.930000	0.200	-0.295929
1.933333	0.200	-0.393051
1.936667	0.200	-0.476815
1.940000	0.200	-0.547869
1.943333	0.200	-0.606650
1.946667	0.200	-0.654028
1.950000	0.200	-0.691667
1.953333	0.200	-0.721292
1.956667	0.200	-0.743371
1.960000	0.200	-0.756146
1.963333	0.200	-0.754845
1.966667	0.200	-0.731188
1.970000	0.200	-0.673017
1.973333	0.200	-0.562587
1.976667	0.200	-0.373851
1.980000	0.200	-0.070975
1.983333	0.200	0.391613
1.986667	0.200	1.068202
1.990000	0.200	2.018138
1.993333	0.200	3.298585
1.996667	0.200	4.955231
2.000000	0.200	7.011780
2.003333	0.200	9.458957
2.006667	0.200	12.245308
2.010000	0.200	15.272122
2.013333	0.200	18.394888
2.016667	0.200	21.433273
2.020000	0.200	24.189374
2.023333	0.200	26.471272
2.026667	0.200	28.116973
2.030000	0.200	29.014439
2.033333	0.200	29.114566
2.036667	0.200	28.435172
2.040000	0.200	27.055790
2.043333	0.200	25.104686
2.046667	0.200	22.741028
2.050000	0.200	20.135216
2.053333	0.200	17.449859
2.056667	0.200	14.824204
2.060000	0.200	12.364684
2.063333	0.200	10.142157
2.066667	0.200	8.193992
2.070000	0.200	6.529427
2.073333	0.200	5.136800
2.076667	0.200	3.990597
2.080000	0.200	3.057796
2.083333	0.200	2.303662
2.086667	0.200	1.695733
2.090000	0.200	1.205523
2.093333	0.200	0.809202
2.096667	0.200	0.487657
2.100000	0.200	0.225884
2.103333	0.200	0.012259
2.106667	0.200	-0.162301
2.110000	0.200	-0.304930
2.113333	0.200	-0.421029
2.116667	0.200	-0.514953
2.120000	0.200	-0.590915
2.123333	0.200	-0.652887
2.126667	0.200	-0.703748
2.130000	0.200	-0.745036
2.133333	0.200	-0.777995
2.136667	0.200	-0.804537
2.140000	0.200	-0.826517
2.143333	0.200	-0.844569
2.146667	0.200	-0.858673
2.150000	0.200	-0.869440
2.153333	0.200	-0.877996
2.156667	0.200	-0.885077
2.160000	0.200	-0.890925
2.163333	0.200	-0.895725
2.166667	0.200	-0.899805
2.170000	0.200	-0.903581
2.173333	0.200	-0.907433
2.176667	0.200	-0.911399
2.180000	0.200	-0.915064
2.183333	0.200	-0.918064
2.186667	0.200	-0.920343
2.190000	0.200	-0.921765
2.193333	0.200	-0.922083
2.196667	0.200	-0.921384
2.200000	0.200	-0.920129
2.203333	0.200	-0.918847
2.206667	0.200	-0.918007
2.210000	0.200	-0.917904
2.213333	0.200	-0.918403
2.216667	0.200	-0.919023
2.220000	0.200	-0.919307
2.223333	0.200	-0.918933
2.226667	0.200	-0.917707
2.230000	0.200	-0.915495
2.233333	0.200	-0.911995
2.236667	0.200	-0.906881
2.240000	0.200	-0.900136
2.243333	0.200	-0.891429
2.246667	0.200	-0.879191
2.250000	0.200	-0.860829
2.253333	0.200	-0.834004
2.256667	0.200	-0.797947
2.260000	0.200	-0.754581
2.263333	0.200	-0.709682
2.266667	0.200	-0.672949
2.270000	0.200	-0.655309
2.273333	0.200	-0.664342
2.276667	0.200	-0.701000
2.280000	0.200	-0.759366
2.283333	0.200	-0.828530
2.286667	0.200	-0.895745
2.290000	0.200	-0.950351
2.293333	0.200	-0.986492
2.296667	0.200	-1.003433
2.300000	0.200	-1.004446
2.303333	0.200	-0.995006
2.306667	0.200	-0.980630
2.310000	0.200	-0.965202
2.313333	0.200	-0.950635
2.316667	0.200	-0.937694
2.320000	0.200	-0.926760
2.323333	0.200	-0.917962
2.326667	0.200	-0.911152
2.330000	0.200	-0.906030
2.333333	0.200	-0.902190
2.336667	0.200	-0.898919
2.340000	0.200	-0.895349
2.343333	0.200	-0.890985
2.346667	0.200	-0.885807
2.350000	0.200	-0.880159
2.353333	0.200	-0.874575
2.356667	0.200	-0.869419
2.360000	0.200	-0.864970
2.363333	0.200	-0.861682
2.366667	0.200	-0.859819
2.370000	0.200	-0.859116
2.373333	0.200	-0.859147
2.376667	0.200	-0.859593
2.380000	0.200	-0.859985
2.383333	0.200	-0.859748
2.386667	0.200	-0.858800
2.390000	0.200	-0.857792
2.393333	0.200	-0.857421
2.396667	0.200	-0.857831
2.400000	0.200	-0.858929
2.403333	0.200	-0.860731
2.406667	0.200	-0.863167
2.410000	0.200	-0.865862
2.413333	0.200	-0.868258
2.416667	0.200	-0.869968
2.420000	0.200	-0.871038
2.423333	0.200	-0.871938
2.426667	0.200	-0.873352
2.430000	0.200	-0.875743
2.433333	0.200	-0.878975
2.436667	0.200	-0.882330
2.440000	0.200	-0.884862
2.443333	0.200	-0.885920
2.446667	0.200	-0.885600
2.450000	0.200	-0.884731
2.453333	0.200	-0.884262
2.456667	0.200	-0.884626
2.460000	0.200	-0.885743
2.463333	0.200	-0.887277
2.466667	0.200	-0.888653
2.470000	0.200	-0.889236
2.473333	0.200	-0.888740
2.476667	0.200	-0.887443
2.480000	0.200	-0.885922
2.483333	0.200	-0.884433
2.486667	0.200	-0.882790
2.490000	0.200	-0.880827
2.493333	0.200	-0.878580
2.496667	0.200	-0.876231
2.500000	0.200	-0.874163
2.503333	0.200	-0.872849
2.506667	0.200	-0.872571
2.510000	0.200	-0.873258
2.513333	0.200	-0.874677
2.516667	0.200	-0.876669
2.520000	0.200	-0.879040
2.523333	0.200	-0.881423
2.526667	0.200	-0.883289
2.530000	0.200	-0.884187
2.533333	0.200	-0.884179
2.536667	0.200	-0.883799
2.540000	0.200	-0.883542
2.543333	0.200	-0.883575
2.546667	0.200	-0.883766
2.550000	0.200	-0.883692
2.553333	0.200	-0.882722
2.556667	0.200	-0.880669
2.560000	0.200	-0.878251
2.563333	0.200	-0.876275
2.566667	0.200	-0.874800
2.570000	0.200	-0.873243
2.573333	0.200	-0.870652
2.576667	0.200	-0.866241
2.580000	0.200	-0.859942
2.583333	0.200	-0.852184
2.586667	0.200	-0.843566
2.590000	0.200	-0.834979
2.593333	0.200	-0.827753
2.596667	0.200	-0.823350
2.600000	0.200	-0.822551
2.603333	0.200	-0.824846
2.606667	0.200	-0.828742
2.610000	0.200	-0.832698
2.613333	0.200	-0.835865
2.616667	0.200	-0.838363
2.620000	0.200	-0.841127
2.623333	0.200	-0.845068
2.626667	0.200	-0.850192
2.630000	0.200	-0.855602
2.633333	0.200	-0.860125
2.636667	0.200	-0.862841
2.640000	0.200	-0.863481
2.643333	0.200	-0.862725
2.646667	0.200	-0.861683
2.650000	0.200	-0.860854
2.653333	0.200	-0.860168
2.656667	0.200	-0.859778
2.660000	0.200	-0.859928
2.663333	0.200	-0.860401
2.666667	0.200	-0.860895
2.670000	0.200	-0.861531
2.673333	0.200	-0.862463
2.676667	0.200	-0.863571
2.680000	0.200	-0.864692
2.683333	0.200	-0.865555
2.686667	0.200	-0.865624
2.690000	0.200	-0.864889
2.693333	0.200	-0.864559
2.696667	0.200	-0.865729
2.700000	0.200	-0.867718
2.703333	0.200	-0.868968
2.706667	0.200	-0.868912
2.710000	0.200	-0.868058
2.713333	0.200	-0.867096
2.716667	0.200	-0.866333
2.720000	0.200	-0.865637
2.723333	0.200	-0.864990
2.726667	0.200	-0.864784
2.730000	0.200	-0.865041
2.733333	0.200	-0.864896
2.736667	0.200	-0.863481
2.740000	0.200	-0.860763
2.743333	0.200	-0.857205
2.746667	0.200	-0.853327
2.750000	0.200	-0.849930
2.753333	0.200	-0.848152
2.756667	0.200	-0.848681
2.760000	0.200	-0.851013
2.763333	0.200	-0.853729
2.766667	0.200	-0.855392
2.770000	0.200	-0.855388
2.773333	0.200	-0.854175
2.776667	0.200	-0.852620
2.780000	0.200	-0.851391
2.783333	0.200	-0.850895
2.786667	0.200	-0.851187
2.790000	0.200	-0.852001
2.793333	0.200	-0.852961
2.796667	0.200	-0.853555
2.800000	0.200	-0.853238
2.803333	0.200	-0.851840
2.806667	0.200	-0.849735
2.810000	0.200	-0.847690
2.813333	0.200	-0.846417
2.816667	0.200	-0.846051
2.820000	0.200	-0.846215
2.823333	0.200	-0.846415
2.826667	0.200	-0.846240
2.830000	0.200	-0.845591
2.833333	0.200	-0.844737
2.836667	0.200	-0.843893
2.840000	0.200	-0.843033
2.843333	0.200	-0.842425
2.846667	0.200	-0.842866
2.850000	0.200	-0.844893
2.853333	0.200	-0.847850
2.856667	0.200	-0.850066
2.860000	0.200	-0.850122
2.863333	0.200	-0.847888
2.866667	0.200	-0.844567
2.870000	0.200	-0.841856
2.873333	0.200	-0.840572
2.876667	0.200	-0.840079
2.880000	0.200	-0.839256
2.883333	0.200	-0.837539
2.886667	0.200	-0.834941
2.890000	0.200	-0.831778
2.893333	0.200	-0.828511
2.896667	0.200	-0.825390
2.900000	0.200	-0.822471
2.903333	0.200	-0.820023
2.906667	0.200	-0.818431
2.910000	0.200	-0.817722
2.913333	0.200	-0.817543
2.916667	0.200	-0.817321
2.920000	0.200	-0.816445
2.923333	0.200	-0.814804
2.926667	0.200	-0.812957
2.930000	0.200	-0.811411
2.933333	0.200	-0.810318
2.936667	0.200	-0.810023
2.940000	0.200	-0.810962
2.943333	0.200	-0.812771
2.946667	0.200	-0.814116
2.950000	0.200	-0.813539
2.953333	0.200	-0.810352
2.956667	0.200	-0.805006
2.960000	0.200	-0.798717
2.963333	0.200	-0.792570
2.966667	0.200	-0.786801
2.970000	0.200	-0.780963
2.973333	0.200	-0.774809
2.976667	0.200	-0.768683
2.980000	0.200	-0.763042
2.983333	0.200	-0.758102
2.986667	0.200	-0.753961
2.990000	0.200	-0.750930
2.993333	0.200	-0.749743
2.996667	0.200	-0.751409
3.000000	0.200	-0.756592
3.003333	0.200	-0.764792
3.006667	0.200	-0.774303
3.010000	0.200	-0.783190
3.013333	0.200	-0.790289
3.016667	0.200	-0.795290
3.020000	0.200	-0.798199
3.023333	0.200	-0.799127
3.026667	0.200	-0.798516
3.030000	0.200	-0.797216
3.033333	0.200	-0.796246
3.036667	0.200	-0.796282
3.040000	0.200	-0.797239
3.043333	0.200	-0.798369
3.046667	0.200	-0.798826
3.050000	0.200	-0.798308
3.053333	0.200	-0.797211
3.056667	0.200	-0.796168
3.060000	0.200	-0.795480
3.063333	0.200	-0.794927
3.066667	0.200	-0.794207
3.070000	0.200	-0.793537
3.073333	0.200	-0.793414
3.076667	0.200	-0.793849
3.080000	0.200	-0.794467
3.083333	0.200	-0.795176
3.086667	0.200	-0.796080
3.090000	0.200	-0.796863
3.093333	0.200	-0.796782
3.096667	0.200	-0.795210
3.100000	0.200	-0.792111
3.103333	0.200	-0.788328
3.106667	0.200	-0.785248
3.110000	0.200	-0.783722
3.113333	0.200	-0.783576
3.116667	0.200	-0.784340
3.120000	0.200	-0.785813
3.123333	0.200	-0.787781
3.126667	0.200	-0.789671
3.130000	0.200	-0.790830
3.133333	0.200	-0.791040
3.136667	0.200	-0.790487
3.140000	0.200	-0.789303
3.143333	0.200	-0.787566
3.146667	0.200	-0.785546
3.150000	0.200	-0.783462
3.153333	0.200	-0.781184
3.156667	0.200	-0.778394
3.160000	0.200	-0.774925
3.163333	0.200	-0.771179
3.166667	0.200	-0.768314
3.170000	0.200	-0.767617
3.173333	0.200	-0.769331
3.176667	0.200	-0.772304
3.180000	0.200	-0.775068
3.183333	0.200	-0.776820
3.186667	0.200	-0.777397
3.190000	0.200	-0.776989
3.193333	0.200	-0.775921
3.196667	0.200	-0.774333
3.200000	0.200	-0.772182
3.203333	0.200	-0.769527
3.206667	0.200	-0.766696
3.210000	0.200	-0.764423
3.213333	0.200	-0.763505
3.216667	0.200	-0.763887
3.220000	0.200	-0.764501
3.223333	0.200	-0.764159
3.226667	0.200	-0.762427
3.230000	0.200	-0.759793
3.233333	0.200	-0.757161
3.236667	0.200	-0.755320
3.240000	0.200	-0.754692
3.243333	0.200	-0.754872
3.246667	0.200	-0.754624
3.250000	0.200	-0.753209
3.253333	0.200	-0.751194
3.256667	0.200	-0.749562
3.260000	0.200	-0.748945
3.263333	0.200	-0.749745
3.266667	0.200	-0.752017
3.270000	0.200	-0.755078
3.273333	0.200	-0.757745
3.276667	0.200	-0.759118
3.280000	0.200	-0.759163
3.283333	0.200	-0.758552
3.286667	0.200	-0.757922
3.290000	0.200	-0.757458
3.293333	0.200	-0.756905
3.296667	0.200	-0.755648
3.300000	0.200	-0.753352
3.303333	0.200	-0.750638
3.306667	0.200	-0.748475
3.310000	0.200	-0.747126
3.313333	0.200	-0.746160
3.316667	0.200	-0.745207
3.320000	0.200	-0.744528
3.323333	0.200	-0.744639
3.326667	0.200	-0.745397
3.330000	0.200	-0.746109
3.333333	0.200	-0.746466
3.336667	0.200	-0.746718
3.340000	0.200	-0.746963
3.343333	0.200	-0.746676
3.346667	0.200	-0.745221
3.350000	0.200	-0.742710
3.353333	0.200	-0.740088
3.356667	0.200	-0.738185
3.360000	0.200	-0.736763
3.363333	0.200	-0.734656
3.366667	0.200	-0.730057
3.370000	0.200	-0.719443
3.373333	0.200	-0.695402
3.376667	0.200	-0.643513
3.380000	0.200	-0.537888
3.383333	0.200	-0.335734
3.386667	0.200	0.027790
3.390000	0.200	0.642760
3.393333	0.200	1.623258
3.396667	0.200	3.097891
3.400000	0.200	5.189056
3.403333	0.200	7.982242
3.406667	0.200	11.492080
3.410000	0.200	15.634495
3.413333	0.200	20.213379
3.416667	0.200	24.928543
3.420000	0.200	29.408009
3.423333	0.200	33.260471
3.426667	0.200	36.136372
3.430000	0.200	37.783312
3.433333	0.200	38.084154
3.436667	0.200	37.070359
3.440000	0.200	34.907952
3.443333	0.200	31.861142
3.446667	0.200	28.244527
3.450000	0.200	24.374689
3.453333	0.200	20.530229
3.456667	0.200	16.926463
3.460000	0.200	13.705465
3.463333	0.200	10.938472
3.466667	0.200	8.636981
3.470000	0.200	6.769140
3.473333	0.200	5.278302
3.476667	0.200	4.099631
3.480000	0.200	3.170849
3.483333	0.200	2.437052
3.486667	0.200	1.852594
3.490000	0.200	1.382031
3.493333	0.200	0.999832
3.496667	0.200	0.688223
3.500000	0.200	0.434232
3.503333	0.200	0.227721
3.506667	0.200	0.060620
3.510000	0.200	-0.073768
3.513333	0.200	-0.181732
3.516667	0.200	-0.269255
3.520000	0.200	-0.340975
3.523333	0.200	-0.399743
3.526667	0.200	-0.447527
3.530000	0.200	-0.486192
3.533333	0.200	-0.517439
3.536667	0.200	-0.542715
3.540000	0.200	-0.563306
3.543333	0.200	-0.580447
3.546667	0.200	-0.595223
3.550000	0.200	-0.608216
3.553333	0.200	-0.619393
3.556667	0.200	-0.628315
3.560000	0.200	-0.634565
3.563333	0.200	-0.638542
3.566667	0.200	-0.641540
3.570000	0.200	-0.644589
3.573333	0.200	-0.647899
3.576667	0.200	-0.651501
3.580000	0.200	-0.655307
3.583333	0.200	-0.658691
3.586667	0.200	-0.661043
3.590000	0.200	-0.662509
3.593333	0.200	-0.663585
3.596667	0.200	-0.664390
3.600000	0.200	-0.664746
3.603333	0.200	-0.664735
3.606667	0.200	-0.665052
3.610000	0.200	-0.666652
3.613333	0.200	-0.669883
3.616667	0.200	-0.673985
3.620000	0.200	-0.677608
3.623333	0.200	-0.680005
3.626667	0.200	-0.681661
3.630000	0.200	-0.683431
3.633333	0.200	-0.685316
3.636667	0.200	-0.686800
3.640000	0.200	-0.687797
3.643333	0.200	-0.688453
3.646667	0.200	-0.688670
3.650000	0.200	-0.688289
3.653333	0.200	-0.687406
3.656667	0.200	-0.686369
3.660000	0.200	-0.685530
3.663333	0.200	-0.685134
3.666667	0.200	-0.685279
3.670000	0.200	-0.685783
3.673333	0.200	-0.686387
3.676667	0.200	-0.687140
3.680000	0.200	-0.688352
3.683333	0.200	-0.690231
3.686667	0.200	-0.692632
3.690000	0.200	-0.695232
3.693333	0.200	-0.697769
3.696667	0.200	-0.699802
3.700000	0.200	-0.700712
3.703333	0.200	-0.700173
3.706667	0.200	-0.698332
3.710000	0.200	-0.695775
3.713333	0.200	-0.693467
3.716667	0.200	-0.692274
3.720000	0.200	-0.692421
3.723333	0.200	-0.693505
3.726667	0.200	-0.695036
3.730000	0.200	-0.696867
3.733333	0.200	-0.698878
3.736667	0.200	-0.700507
3.740000	0.200	-0.701036
3.743333	0.200	-0.700240
3.746667	0.200	-0.698568
3.750000	0.200	-0.696771
3.753333	0.200	-0.695303
3.756667	0.200	-0.694118
3.760000	0.200	-0.692954
3.763333	0.200	-0.691576
3.766667	0.200	-0.690068
3.770000	0.200	-0.688897
3.773333	0.200	-0.688421
3.776667	0.200	-0.688634
3.780000	0.200	-0.689414
3.783333	0.200	-0.690513
3.786667	0.200	-0.691370
3.790000	0.200	-0.691391
3.793333	0.200	-0.690378
3.796667	0.200	-0.688523
3.800000	0.200	-0.686516
3.803333	0.200	-0.685552
3.806667	0.200	-0.686394
3.810000	0.200	-0.688583
3.813333	0.200	-0.690847
3.816667	0.200	-0.692102
3.820000	0.200	-0.692168
3.823333	0.200	-0.691583
3.826667	0.200	-0.690808
3.830000	0.200	-0.689884
3.833333	0.200	-0.688783
3.836667	0.200	-0.687730
3.840000	0.200	-0.686879
3.843333	0.200	-0.685912
3.846667	0.200	-0.684475
3.850000	0.200	-0.682811
3.853333	0.200	-0.681554
3.856667	0.200	-0.681026
3.860000	0.200	-0.681032
3.863333	0.200	-0.681250
3.866667	0.200	-0.681614
3.870000	0.200	-0.682206
3.873333	0.200	-0.682850
3.876667	0.200	-0.683233
3.880000	0.200	-0.683192
3.883333	0.200	-0.682520
3.886667	0.200	-0.681086
3.890000	0.200	-0.679284
3.893333	0.200	-0.678128
3.896667	0.200	-0.678728
3.900000	0.200	-0.681460
3.903333	0.200	-0.685665
3.906667	0.200	-0.690053
3.910000	0.200	-0.693239
3.913333	0.200	-0.694388
3.916667	0.200	-0.693790
3.920000	0.200	-0.692671
3.923333	0.200	-0.692218
3.926667	0.200	-0.692738
3.930000	0.200	-0.693700
3.933333	0.200	-0.694384
3.936667	0.200	-0.694325
3.940000	0.200	-0.693154
3.943333	0.200	-0.690778
3.946667	0.200	-0.688087
3.950000	0.200	-0.686487
3.953333	0.200	-0.686455
3.956667	0.200	-0.687514
3.960000	0.200	-0.689203
3.963333	0.200	-0.691084
3.966667	0.200	-0.692399
3.970000	0.200	-0.692483
3.973333	0.200	-0.691303
3.976667	0.200	-0.689323
3.980000	0.200	-0.686898
3.983333	0.200	-0.684102
3.986667	0.200	-0.681129
3.990000	0.200	-0.678579
3.993333	0.200	-0.677189
3.996667	0.200	-0.677305
4.000000	0.200	-0.678571
4.003333	0.200	-0.680154
4.006667	0.200	-0.681198
4.010000	0.200	-0.680922
4.013333	0.200	-0.678853
4.016667	0.200	-0.675435
4.020000	0.200	-0.672027
4.023333	0.200	-0.670009
4.026667	0.200	-0.669925
4.030000	0.200	-0.671305
4.033333	0.200	-0.673123
4.036667	0.200	-0.674553
4.040000	0.200	-0.675313
4.043333	0.200	-0.675347
4.046667	0.200	-0.674704
4.050000	0.200	-0.673728
4.053333	0.200	-0.672798
4.056667	0.200	-0.671880
4.060000	0.200	-0.670748
4.063333	0.200	-0.669785
4.066667	0.200	-0.670039
4.070000	0.200	-0.672236
4.073333	0.200	-0.676139
4.076667	0.200	-0.680726
4.080000	0.200	-0.684676
4.083333	0.200	-0.687006
4.086667	0.200	-0.687612
4.090000	0.200	-0.687084
4.093333	0.200	-0.685827
4.096667	0.200	-0.683727
4.100000	0.200	-0.680945
4.103333	0.200	-0.678601
4.106667	0.200	-0.678072
4.110000	0.200	-0.679655
4.113333	0.200	-0.682308
4.116667	0.200	-0.684623
4.120000	0.200	-0.685653
4.123333	0.200	-0.685104
4.126667	0.200	-0.683480
4.130000	0.200	-0.681912
4.133333	0.200	-0.681371
4.136667	0.200	-0.681840
4.140000	0.200	-0.682430
4.143333	0.200	-0.682385
4.146667	0.200	-0.681771
4.150000	0.200	-0.681199
4.153333	0.200	-0.681022
4.156667	0.200	-0.681027
4.160000	0.200	-0.681073
4.163333	0.200	-0.681320
4.166667	0.200	-0.681622
4.170000	0.200	-0.681498
4.173333	0.200	-0.680541
4.176667	0.200	-0.678831
4.180000	0.200	-0.677367
4.183333	0.200	-0.677466
4.186667	0.200	-0.679312
4.190000	0.200	-0.681572
4.193333	0.200	-0.682746
4.196667	0.200	-0.682624
4.200000	0.200	-0.681873
4.203333	0.200	-0.680792
4.206667	0.200	-0.679411
4.210000	0.200	-0.677954
4.213333	0.200	-0.676459
4.216667	0.200	-0.674695
4.220000	0.200	-0.672897
4.223333	0.200	-0.671967
4.226667	0.200	-0.672665
4.230000	0.200	-0.674861
4.233333	0.200	-0.677654
4.236667	0.200	-0.679947
4.240000	0.200	-0.680792
4.243333	0.200	-0.679624
4.246667	0.200	-0.676746
4.250000	0.200	-0.673394
4.253333	0.200	-0.670864
4.256667	0.200	-0.669736
4.260000	0.200	-0.669981
4.263333	0.200	-0.671293
4.266667	0.200	-0.673093
4.270000	0.200	-0.674621
4.273333	0.200	-0.675541
4.276667	0.200	-0.676295
4.280000	0.200	-0.677283
4.283333	0.200	-0.678167
4.286667	0.200	-0.678606
4.290000	0.200	-0.678853
4.293333	0.200	-0.678970
4.296667	0.200	-0.678389
4.300000	0.200	-0.676914
4.303333	0.200	-0.675162
4.306667	0.200	-0.673751
4.310000	0.200	-0.672957
4.313333	0.200	-0.672816
4.316667	0.200	-0.672809
4.320000	0.200	-0.671870
4.323333	0.200	-0.669288
4.326667	0.200	-0.665552
4.330000	0.200	-0.662288
4.333333	0.200	-0.661182
4.336667	0.200	-0.662525
4.340000	0.200	-0.664982
4.343333	0.200	-0.666977
4.346667	0.200	-0.667943
4.350000	0.200	-0.668284
4.353333	0.200	-0.668466
4.356667	0.200	-0.668203
4.360000	0.200	-0.666688
4.363333	0.200	-0.663733
4.366667	0.200	-0.660314
4.370000	0.200	-0.657691
4.373333	0.200	-0.656354
4.376667	0.200	-0.655991
4.380000	0.200	-0.655946
4.383333	0.200	-0.655698
4.386667	0.200	-0.655352
4.390000	0.200	-0.655442
4.393333	0.200	-0.656020
4.396667	0.200	-0.656399
4.400000	0.200	-0.655813
4.403333	0.200	-0.653940
4.406667	0.200	-0.650818
4.410000	0.200	-0.646572
4.413333	0.200	-0.641457
4.416667	0.200	-0.635932
4.420000	0.200	-0.630507
4.423333	0.200	-0.625632
4.426667	0.200	-0.621700
4.430000	0.200	-0.618823
4.433333	0.200	-0.616649
4.436667	0.200	-0.614799
4.440000	0.200	-0.613362
4.443333	0.200	-0.612763
4.446667	0.200	-0.613165
4.450000	0.200	-0.614080
4.453333	0.200	-0.614765
4.456667	0.200	-0.614934
4.460000	0.200	-0.614822
4.463333	0.200	-0.614758
4.466667	0.200	-0.614912
4.470000	0.200	-0.615025
4.473333	0.200	-0.614406
4.476667	0.200	-0.612589
4.480000	0.200	-0.609715
4.483333	0.200	-0.606431
4.486667	0.200	-0.603618
4.490000	0.200	-0.601727
4.493333	0.200	-0.600476
4.496667	0.200	-0.599538
4.500000	0.200	-0.599141
4.503333	0.200	-0.599599
4.506667	0.200	-0.600669
4.510000	0.200	-0.601769
4.513333	0.200	-0.602578
4.516667	0.200	-0.603136
4.520000	0.200	-0.603464
4.523333	0.200	-0.603389
4.526667	0.200	-0.602835
4.530000	0.200	-0.602020
4.533333	0.200	-0.601234
4.536667	0.200	-0.600779
4.540000	0.200	-0.601000
4.543333	0.200	-0.601904
4.546667	0.200	-0.602937
4.550000	0.200	-0.603408
4.553333	0.200	-0.603114
4.556667	0.200	-0.602519
4.560000	0.200	-0.602040
4.563333	0.200	-0.601408
4.566667	0.200	-0.600212
4.570000	0.200	-0.598476
4.573333	0.200	-0.596384
4.576667	0.200	-0.594166
4.580000	0.200	-0.592310
4.583333	0.200	-0.591267
4.586667	0.200	-0.591042
4.590000	0.200	-0.591389
4.593333	0.200	-0.591906
4.596667	0.200	-0.591820
4.600000	0.200	-0.590262
4.603333	0.200	-0.586853
4.606667	0.200	-0.582007
4.610000	0.200	-0.576849
4.613333	0.200	-0.572594
4.616667	0.200	-0.569737
4.620000	0.200	-0.567913
4.623333	0.200	-0.566575
4.626667	0.200	-0.565642
4.630000	0.200	-0.565475
4.633333	0.200	-0.566448
4.636667	0.200	-0.568511
4.640000	0.200	-0.571114
4.643333	0.200	-0.573431
4.646667	0.200	-0.574412
4.650000	0.200	-0.573234
4.653333	0.200	-0.570053
4.656667	0.200	-0.565753
4.660000	0.200	-0.561291
4.663333	0.200	-0.557624
4.666667	0.200	-0.555343
4.670000	0.200	-0.554113
4.673333	0.200	-0.553033
4.676667	0.200	-0.551403
4.680000	0.200	-0.549096
4.683333	0.200	-0.546462
4.686667	0.200	-0.543908
4.690000	0.200	-0.541751
4.693333	0.200	-0.540424
4.696667	0.200	-0.540384
4.700000	0.200	-0.541527
4.703333	0.200	-0.543052
4.706667	0.200	-0.544137
4.710000	0.200	-0.544358
4.713333	0.200	-0.543636
4.716667	0.200	-0.542245
4.720000	0.200	-0.540558
4.723333	0.200	-0.538905
4.726667	0.200	-0.537933
4.730000	0.200	-0.538334
4.733333	0.200	-0.539974
4.736667	0.200	-0.542040
4.740000	0.200	-0.543644
4.743333	0.200	-0.543900
4.746667	0.200	-0.542446
4.750000	0.200	-0.539964
4.753333	0.200	-0.537343
4.756667	0.200	-0.534910
4.760000	0.200	-0.532826
4.763333	0.200	-0.531306
4.766667	0.200	-0.530517
4.770000	0.200	-0.530620
4.773333	0.200	-0.531405
4.776667	0.200	-0.532046
4.780000	0.200	-0.531683
4.783333	0.200	-0.530133
4.786667	0.200	-0.527698
4.790000	0.200	-0.524466
4.793333	0.200	-0.520413
4.796667	0.200	-0.516057
4.800000	0.200	-0.512462
4.803333	0.200	-0.510551
4.806667	0.200	-0.510338
4.810000	0.200	-0.510608
4.813333	0.200	-0.509623
4.816667	0.200	-0.506360
4.820000	0.200	-0.500768
4.823333	0.200	-0.493028
4.826667	0.200	-0.483419
4.830000	0.200	-0.472949
4.833333	0.200	-0.463151
4.836667	0.200	-0.454673
4.840000	0.200	-0.446795
4.843333	0.200	-0.438892
4.846667	0.200	-0.431303
4.850000	0.200	-0.424439
4.853333	0.200	-0.418465
4.856667	0.200	-0.413885
4.860000	0.200	-0.411221
4.863333	0.200	-0.410408
4.866667	0.200	-0.410957
4.870000	0.200	-0.412388
4.873333	0.200	-0.414422
4.876667	0.200	-0.417065
4.880000	0.200	-0.420481
4.883333	0.200	-0.424609
4.886667	0.200	-0.429058
4.890000	0.200	-0.433268
4.893333	0.200	-0.436797
4.896667	0.200	-0.439889
4.900000	0.200	-0.443354
4.903333	0.200	-0.447527
4.906667	0.200	-0.451904
4.910000	0.200	-0.455771
4.913333	0.200	-0.458827
4.916667	0.200	-0.461334
4.920000	0.200	-0.463735
4.923333	0.200	-0.466013
4.926667	0.200	-0.467670
4.930000	0.200	-0.468413
4.933333	0.200	-0.468513
4.936667	0.200	-0.468408
4.940000	0.200	-0.468211
4.943333	0.200	-0.467718
4.946667	0.200	-0.466881
4.950000	0.200	-0.466262
4.953333	0.200	-0.466745
4.956667	0.200	-0.468728
4.960000	0.200	-0.471637
4.963333	0.200	-0.474036
4.966667	0.200	-0.474328
4.970000	0.200	-0.471575
4.973333	0.200	-0.465818
4.976667	0.200	-0.458049
4.980000	0.200	-0.450002
4.983333	0.200	-0.443508
4.986667	0.200	-0.439388
4.990000	0.200	-0.436670
4.993333	0.200	-0.432988
4.996667	0.200	-0.425605
5.000000	0.200	-0.411226
5.003333	0.200	-0.383938
5.006667	0.200	-0.333119
5.010000	0.200	-0.242464
5.013333	0.200	-0.088327
5.016667	0.200	0.162856
5.020000	0.200	0.555566
5.023333	0.200	1.143949
5.026667	0.200	1.988688
5.030000	0.200	3.151375
5.033333	0.200	4.685935
5.036667	0.200	6.627694
5.040000	0.200	8.981723
5.043333	0.200	11.713074
5.046667	0.200	14.741020
5.050000	0.200	17.938950
5.053333	0.200	21.141337
5.056667	0.200	24.157828
5.060000	0.200	26.792729
5.063333	0.200	28.866997
5.066667	0.200	30.239697
5.070000	0.200	30.825828
5.073333	0.200	30.606421
5.076667	0.200	29.628023
5.080000	0.200	27.992969
5.083333	0.200	25.843737
5.086667	0.200	23.344216
5.090000	0.200	20.660910
5.093333	0.200	17.946431
5.096667	0.200	15.326516
5.100000	0.200	12.892630
5.103333	0.200	10.701856
5.106667	0.200	8.781709
5.110000	0.200	7.136030
5.113333	0.200	5.751091
5.116667	0.200	4.601959
5.120000	0.200	3.658210
5.123333	0.200	2.888408
5.126667	0.200	2.263184
5.130000	0.200	1.756692
5.133333	0.200	1.346701
5.136667	0.200	1.014489
5.140000	0.200	0.744941
5.143333	0.200	0.526273
5.146667	0.200	0.349388
5.150000	0.200	0.206980
5.153333	0.200	0.092577
5.156667	0.200	0.000238
5.160000	0.200	-0.074773
5.163333	0.200	-0.135340
5.166667	0.200	-0.183136
5.170000	0.200	-0.219823
5.173333	0.200	-0.247456
5.176667	0.200	-0.268352
5.180000	0.200	-0.284726
5.183333	0.200	-0.298326
5.186667	0.200	-0.310326
5.190000	0.200	-0.321072
5.193333	0.200	-0.330078
5.196667	0.200	-0.336747
5.200000	0.200	-0.340900
5.203333	0.200	-0.342730
5.206667	0.200	-0.342740
5.210000	0.200	-0.341542
5.213333	0.200	-0.339549
5.216667	0.200	-0.337059
5.220000	0.200	-0.334342
5.223333	0.200	-0.331381
5.226667	0.200	-0.328262
5.230000	0.200	-0.325981
5.233333	0.200	-0.325846
5.236667	0.200	-0.328259
5.240000	0.200	-0.332495
5.243333	0.200	-0.337257
5.246667	0.200	-0.341626
5.250000	0.200	-0.345329
5.253333	0.200	-0.347978
5.256667	0.200	-0.349098
5.260000	0.200	-0.349003
5.263333	0.200	-0.348520
5.266667	0.200	-0.347888
5.270000	0.200	-0.346687
5.273333	0.200	-0.344632
5.276667	0.200	-0.342103
5.280000	0.200	-0.340038
5.283333	0.200	-0.339123
5.286667	0.200	-0.339049
5.290000	0.200	-0.338857
5.293333	0.200	-0.337903
5.296667	0.200	-0.336393
5.300000	0.200	-0.335084
5.303333	0.200	-0.334554
5.306667	0.200	-0.334951
5.310000	0.200	-0.336265
5.313333	0.200	-0.338350
5.316667	0.200	-0.340793
5.320000	0.200	-0.343041
5.323333	0.200	-0.344787
5.326667	0.200	-0.346237
5.330000	0.200	-0.347673
5.333333	0.200	-0.348887
5.336667	0.200	-0.349518
5.340000	0.200	-0.349564
5.343333	0.200	-0.349211
5.346667	0.200	-0.348671
5.350000	0.200	-0.348115
5.353333	0.200	-0.347396
5.356667	0.200	-0.346110
5.360000	0.200	-0.343999
5.363333	0.200	-0.341033
5.366667	0.200	-0.337347
5.370000	0.200	-0.333476
5.373333	0.200	-0.330299
5.376667	0.200	-0.328507
5.380000	0.200	-0.328331
5.383333	0.200	-0.329419
5.386667	0.200	-0.330661
5.390000	0.200	-0.330923
5.393333	0.200	-0.330309
5.396667	0.200	-0.329942
5.400000	0.200	-0.330398
5.403333	0.200	-0.331043
5.406667	0.200	-0.330816
5.410000	0.200	-0.329362
5.413333	0.200	-0.327412
5.416667	0.200	-0.325884
5.420000	0.200	-0.325046
5.423333	0.200	-0.324835
5.426667	0.200	-0.325242
5.430000	0.200	-0.326175
5.433333	0.200	-0.327312
5.436667	0.200	-0.328143
5.440000	0.200	-0.328277
5.443333	0.200	-0.327779
5.446667	0.200	-0.327041
5.450000	0.200	-0.326452
5.453333	0.200	-0.326184
5.456667	0.200	-0.325960
5.460000	0.200	-0.325291
5.463333	0.200	-0.324045
5.466667	0.200	-0.322451
5.470000	0.200	-0.320912
5.473333	0.200	-0.319950
5.476667	0.200	-0.319785
5.480000	0.200	-0.319990
5.483333	0.200	-0.319892
5.486667	0.200	-0.319246
5.490000	0.200	-0.318187
5.493333	0.200	-0.316745
5.496667	0.200	-0.314809
5.500000	0.200	-0.312461
5.503333	0.200	-0.310102
5.506667	0.200	-0.308214
5.510000	0.200	-0.307033
5.513333	0.200	-0.306350
5.516667	0.200	-0.305823
5.520000	0.200	-0.305583
5.523333	0.200	-0.305923
5.526667	0.200	-0.306474
5.530000	0.200	-0.306429
5.533333	0.200	-0.305197
5.536667	0.200	-0.302353
5.540000	0.200	-0.297898
5.543333	0.200	-0.292807
5.546667	0.200	-0.288436
5.550000	0.200	-0.285498
5.553333	0.200	-0.284082
5.556667	0.200	-0.283963
5.560000	0.200	-0.284517
5.563333	0.200	-0.285073
5.566667	0.200	-0.285415
5.570000	0.200	-0.285554
5.573333	0.200	-0.285415
5.576667	0.200	-0.284847
5.580000	0.200	-0.283955
5.583333	0.200	-0.283346
5.586667	0.200	-0.283525
5.590000	0.200	-0.284435
5.593333	0.200	-0.285817
5.596667	0.200	-0.287279
5.600000	0.200	-0.288106
5.603333	0.200	-0.287740
5.606667	0.200	-0.286365
5.610000	0.200	-0.284577
5.613333	0.200	-0.282600
5.616667	0.200	-0.280312
5.620000	0.200	-0.277833
5.623333	0.200	-0.275614
5.626667	0.200	-0.274090
5.630000	0.200	-0.273265
5.633333	0.200	-0.272632
5.636667	0.200	-0.271806
5.640000	0.200	-0.271160
5.643333	0.200	-0.271321
5.646667	0.200	-0.272240
5.650000	0.200	-0.273251
5.653333	0.200	-0.273766
5.656667	0.200	-0.273550
5.660000	0.200	-0.272539
5.663333	0.200	-0.270822
5.666667	0.200	-0.268788
5.670000	0.200	-0.266970
5.673333	0.200	-0.265808
5.676667	0.200	-0.265572
5.680000	0.200	-0.266185
5.683333	0.200	-0.267252
5.686667	0.200	-0.268434
5.690000	0.200	-0.269288
5.693333	0.200	-0.269065
5.696667	0.200	-0.267505
5.700000	0.200	-0.265397
5.703333	0.200	-0.263923
5.706667	0.200	-0.263879
5.710000	0.200	-0.265103
5.713333	0.200	-0.266314
5.716667	0.200	-0.266096
5.720000	0.200	-0.264199
5.723333	0.200	-0.261609
5.726667	0.200	-0.259524
5.730000	0.200	-0.258391
5.733333	0.200	-0.257983
5.736667	0.200	-0.257949
5.740000	0.200	-0.257810
5.743333	0.200	-0.256879
5.746667	0.200	-0.254836
5.750000	0.200	-0.252223
5.753333	0.200	-0.249910
5.756667	0.200	-0.248366
5.760000	0.200	-0.247541
5.763333	0.200	-0.247057
5.766667	0.200	-0.246621
5.770000	0.200	-0.246202
5.773333	0.200	-0.245640
5.776667	0.200	-0.244463
5.780000	0.200	-0.242368
5.783333	0.200	-0.239874
5.786667	0.200	-0.238010
5.790000	0.200	-0.236977
5.793333	0.200	-0.235792
5.796667	0.200	-0.233534
5.800000	0.200	-0.230130
5.803333	0.200	-0.226038
5.806667	0.200	-0.221963
5.810000	0.200	-0.218522
5.813333	0.200	-0.215841
5.816667	0.200	-0.213572
5.820000	0.200	-0.211116
5.823333	0.200	-0.208092
5.826667	0.200	-0.205027
5.830000	0.200	-0.203281
5.833333	0.200	-0.203944
5.836667	0.200	-0.207040
5.840000	0.200	-0.211583
5.843333	0.200	-0.216015
5.846667	0.200	-0.218965
5.850000	0.200	-0.219941
5.853333	0.200	-0.219489
5.856667	0.200	-0.218724
5.860000	0.200	-0.218452
5.863333	0.200	-0.218703
5.866667	0.200	-0.219184
5.870000	0.200	-0.219700
5.873333	0.200	-0.220031
5.876667	0.200	-0.219866
5.880000	0.200	-0.219030
5.883333	0.200	-0.217819
5.886667	0.200	-0.216883
5.890000	0.200	-0.216667
5.893333	0.200	-0.217251
5.896667	0.200	-0.218589
5.900000	0.200	-0.220395
5.903333	0.200	-0.221902
5.906667	0.200	-0.222179
5.910000	0.200	-0.220700
5.913333	0.200	-0.217552
5.916667	0.200	-0.213495
5.920000	0.200	-0.209680
5.923333	0.200	-0.206786
5.926667	0.200	-0.204550
5.930000	0.200	-0.202191
5.933333	0.200	-0.199233
5.936667	0.200	-0.196277
5.940000	0.200	-0.194609
5.943333	0.200	-0.194968
5.946667	0.200	-0.197202
5.950000	0.200	-0.200598
5.953333	0.200	-0.204065
5.956667	0.200	-0.206505
5.960000	0.200	-0.207460
5.963333	0.200	-0.207307
5.966667	0.200	-0.206811
5.970000	0.200	-0.206534
5.973333	0.200	-0.206628
5.976667	0.200	-0.206936
5.980000	0.200	-0.207079
5.983333	0.200	-0.206574
5.986667	0.200	-0.205128
5.990000	0.200	-0.202850
5.993333	0.200	-0.199999
5.996667	0.200	-0.196783
6.000000	0.200	-0.193622
6.003333	0.200	-0.191305
6.006667	0.200	-0.190588
6.010000	0.200	-0.191682
6.013333	0.200	-0.194096
6.016667	0.200	-0.197077
6.020000	0.200	-0.200339
6.023333	0.200	-0.204141
6.026667	0.200	-0.208464
6.030000	0.200	-0.212322
6.033333	0.200	-0.214119
6.036667	0.200	-0.212858
6.040000	0.200	-0.208976
6.043333	0.200	-0.204053
6.046667	0.200	-0.199903
6.050000	0.200	-0.197480
6.053333	0.200	-0.196388
6.056667	0.200	-0.195816
6.060000	0.200	-0.195507
6.063333	0.200	-0.195613
6.066667	0.200	-0.196181
6.070000	0.200	-0.197055
6.073333	0.200	-0.198009
6.076667	0.200	-0.198767
6.080000	0.200	-0.199107
6.083333	0.200	-0.198898
6.086667	0.200	-0.197921
6.090000	0.200	-0.195918
6.093333	0.200	-0.192887
6.096667	0.200	-0.189333
6.100000	0.200	-0.186185
6.103333	0.200	-0.184136
6.106667	0.200	-0.183137
6.110000	0.200	-0.182526
6.113333	0.200	-0.181364
6.116667	0.200	-0.178861
6.120000	0.200	-0.174999
6.123333	0.200	-0.170801
6.126667	0.200	-0.167667
6.130000	0.200	-0.166169
6.133333	0.200	-0.165609
6.136667	0.200	-0.165044
6.140000	0.200	-0.164377
6.143333	0.200	-0.164063
6.146667	0.200	-0.164401
6.150000	0.200	-0.165372
6.153333	0.200	-0.166654
6.156667	0.200	-0.167969
6.160000	0.200	-0.169546
6.163333	0.200	-0.171727
6.166667	0.200	-0.174237
6.170000	0.200	-0.176240
6.173333	0.200	-0.176968
6.176667	0.200	-0.176289
6.180000	0.200	-0.174796
6.183333	0.200	-0.173221
6.186667	0.200	-0.171936
6.190000	0.200	-0.171196
6.193333	0.200	-0.171293
6.196667	0.200	-0.172218
6.200000	0.200	-0.173792
6.203333	0.200	-0.176042
6.206667	0.200	-0.178879
6.210000	0.200	-0.181643
6.213333	0.200	-0.183520
6.216667	0.200	-0.184180
6.220000	0.200	-0.183538
6.223333	0.200	-0.181373
6.226667	0.200	-0.177766
6.230000	0.200	-0.173477
6.233333	0.200	-0.169675
6.236667	0.200	-0.167422
6.240000	0.200	-0.167030
6.243333	0.200	-0.168022
6.246667	0.200	-0.169811
6.250000	0.200	-0.171724
6.253333	0.200	-0.172748
6.256667	0.200	-0.172311
6.260000	0.200	-0.170792
6.263333	0.200	-0.168783
6.266667	0.200	-0.166570
6.270000	0.200	-0.164428
6.273333	0.200	-0.162775
6.276667	0.200	-0.161716
6.280000	0.200	-0.160699
6.283333	0.200	-0.159200
6.286667	0.200	-0.157569
6.290000	0.200	-0.156472
6.293333	0.200	-0.155775
6.296667	0.200	-0.154718
6.300000	0.200	-0.152941
6.303333	0.200	-0.150711
6.306667	0.200	-0.148412
6.310000	0.200	-0.146377
6.313333	0.200	-0.145122
6.316667	0.200	-0.145154
6.320000	0.200	-0.146560
6.323333	0.200	-0.148956
6.326667	0.200	-0.151663
6.330000	0.200	-0.154194
6.333333	0.200	-0.156567
6.336667	0.200	-0.158813
6.340000	0.200	-0.160704
6.343333	0.200	-0.162128
6.346667	0.200	-0.162992
6.350000	0.200	-0.162761
6.353333	0.200	-0.160790
6.356667	0.200	-0.157285
6.360000	0.200	-0.153370
6.363333	0.200	-0.150031
6.366667	0.200	-0.147489
6.370000	0.200	-0.145687
6.373333	0.200	-0.144840
6.376667	0.200	-0.145221
6.380000	0.200	-0.146636
6.383333	0.200	-0.148418
6.386667	0.200	-0.149804
6.390000	0.200	-0.150298
6.393333	0.200	-0.149878
6.396667	0.200	-0.148925
6.400000	0.200	-0.147977
6.403333	0.200	-0.147573
6.406667	0.200	-0.148091
6.410000	0.200	-0.149533
6.413333	0.200	-0.151459
6.416667	0.200	-0.153174
6.420000	0.200	-0.154073
6.423333	0.200	-0.153896
6.426667	0.200	-0.152773
6.430000	0.200	-0.151110
6.433333	0.200	-0.149373
6.436667	0.200	-0.147834
6.440000	0.200	-0.146550
6.443333	0.200	-0.145564
6.446667	0.200	-0.144802
6.450000	0.200	-0.143884
6.453333	0.200	-0.142385
6.456667	0.200	-0.140218
6.460000	0.200	-0.137746
6.463333	0.200	-0.135468
6.466667	0.200	-0.133550
6.470000	0.200	-0.131944
6.473333	0.200	-0.130788
6.476667	0.200	-0.130203
6.480000	0.200	-0.130024
6.483333	0.200	-0.130121
6.486667	0.200	-0.130630
6.490000	0.200	-0.131732
6.493333	0.200	-0.133463
6.496667	0.200	-0.135503
6.500000	0.200	-0.137279
6.503333	0.200	-0.138517
6.506667	0.200	-0.139336
6.510000	0.200	-0.139873
6.513333	0.200	-0.140136
6.516667	0.200	-0.140062
6.520000	0.200	-0.139680
6.523333	0.200	-0.139190
6.526667	0.200	-0.138756
6.530000	0.200	-0.138341
6.533333	0.200	-0.137881
6.536667	0.200	-0.137407
6.540000	0.200	-0.136858
6.543333	0.200	-0.136039
6.546667	0.200	-0.134878
6.550000	0.200	-0.133785
6.553333	0.200	-0.133557
6.556667	0.200	-0.134619
6.560000	0.200	-0.136654
6.563333	0.200	-0.138919
6.566667	0.200	-0.140468
6.570000	0.200	-0.140607
6.573333	0.200	-0.139536
6.576667	0.200	-0.138009
6.580000	0.200	-0.136577
6.583333	0.200	-0.135656
6.586667	0.200	-0.135616
6.590000	0.200	-0.136376
6.593333	0.200	-0.137344
6.596667	0.200	-0.137800
6.600000	0.200	-0.137361
6.603333	0.200	-0.136143
6.606667	0.200	-0.134448
6.610000	0.200	-0.132510
6.613333	0.200	-0.130587
6.616667	0.200	-0.129062
6.620000	0.200	-0.128420
6.623333	0.200	-0.128934
6.626667	0.200	-0.130339
6.630000	0.200	-0.132157
6.633333	0.200	-0.134107
6.636667	0.200	-0.135939
6.640000	0.200	-0.137153
6.643333	0.200	-0.137287
6.646667	0.200	-0.136465
6.650000	0.200	-0.135257
6.653333	0.200	-0.134169
6.656667	0.200	-0.133456
6.660000	0.200	-0.133091
6.663333	0.200	-0.132864
6.666667	0.200	-0.132355
6.670000	0.200	-0.130833
6.673333	0.200	-0.127972
6.676667	0.200	-0.124701
6.680000	0.200	-0.122584
6.683333	0.200	-0.122337
6.686667	0.200	-0.123359
6.690000	0.200	-0.124600
6.693333	0.200	-0.125486
6.696667	0.200	-0.126134
6.700000	0.200	-0.127016
6.703333	0.200	-0.128430
6.706667	0.200	-0.130200
6.710000	0.200	-0.131665
6.713333	0.200	-0.131905
6.716667	0.200	-0.130405
6.720000	0.200	-0.127734
6.723333	0.200	-0.125264
6.726667	0.200	-0.124086
6.730000	0.200	-0.124351
6.733333	0.200	-0.125558
6.736667	0.200	-0.127061
6.740000	0.200	-0.128260
6.743333	0.200	-0.128772
6.746667	0.200	-0.128737
6.750000	0.200	-0.128747
6.753333	0.200	-0.129137
6.756667	0.200	-0.129531
6.760000	0.200	-0.129482
6.763333	0.200	-0.129227
6.766667	0.200	-0.129150
6.770000	0.200	-0.128876
6.773333	0.200	-0.127748
6.776667	0.200	-0.125805
6.780000	0.200	-0.123625
6.783333	0.200	-0.121598
6.786667	0.200	-0.119772
6.790000	0.200	-0.118201
6.793333	0.200	-0.117140
6.796667	0.200	-0.117007
6.800000	0.200	-0.118018
6.803333	0.200	-0.119553
6.806667	0.200	-0.120321
6.810000	0.200	-0.119670
6.813333	0.200	-0.118216
6.816667	0.200	-0.116808
6.820000	0.200	-0.115570
6.823333	0.200	-0.114256
6.826667	0.200	-0.112902
6.830000	0.200	-0.111788
6.833333	0.200	-0.111065
6.836667	0.200	-0.110511
6.840000	0.200	-0.109507
6.843333	0.200	-0.107649
6.846667	0.200	-0.105281
6.850000	0.200	-0.102946
6.853333	0.200	-0.101022
6.856667	0.200	-0.099911
6.860000	0.200	-0.099782
6.863333	0.200	-0.100625
6.866667	0.200	-0.102491
6.870000	0.200	-0.104899
6.873333	0.200	-0.106783
6.876667	0.200	-0.107537
6.880000	0.200	-0.107229
6.883333	0.200	-0.105339
6.886667	0.200	-0.099623
6.890000	0.200	-0.085954
6.893333	0.200	-0.058261
6.896667	0.200	-0.007799
6.900000	0.200	0.078054
6.903333	0.200	0.216983
6.906667	0.200	0.432877
6.910000	0.200	0.757014
6.913333	0.200	1.228150
6.916667	0.200	1.890221
6.920000	0.200	2.788328
6.923333	0.200	3.964102
6.926667	0.200	5.449816
6.930000	0.200	7.261364
6.933333	0.200	9.392088
6.936667	0.200	11.807536
6.940000	0.200	14.441184
6.943333	0.200	17.193816
6.946667	0.200	19.938729
6.950000	0.200	22.532346
6.953333	0.200	24.827824
6.956667	0.200	26.688987
6.960000	0.200	28.004095
6.963333	0.200	28.698276
6.966667	0.200	28.741295
6.970000	0.200	28.148998
6.973333	0.200	26.979559
6.976667	0.200	25.325855
6.980000	0.200	23.304623
6.983333	0.200	21.043703
6.986667	0.200	18.669641
6.990000	0.200	16.297060
6.993333	0.200	14.020150
6.996667	0.200	11.907773
7.000000	0.200	10.003327
7.003333	0.200	8.327774
7.006667	0.200	6.883644
7.010000	0.200	5.659492
7.013333	0.200	4.634934
7.016667	0.200	3.785386
7.020000	0.200	3.085495
7.023333	0.200	2.511298
7.026667	0.200	2.041321
7.030000	0.200	1.656923
7.033333	0.200	1.342365
7.036667	0.200	1.084602
7.040000	0.200	0.873015
7.043333	0.200	0.699196
7.046667	0.200	0.556490
7.050000	0.200	0.439685
7.053333	0.200	0.344651
7.056667	0.200	0.267390
7.060000	0.200	0.203815
7.063333	0.200	0.150843
7.066667	0.200	0.106863
7.070000	0.200	0.070855
7.073333	0.200	0.041689
7.076667	0.200	0.018232
7.080000	0.200	-0.000530
7.083333	0.200	-0.015548
7.086667	0.200	-0.027477
7.090000	0.200	-0.036526
7.093333	0.200	-0.043111
7.096667	0.200	-0.048358
7.100000	0.200	-0.053337
7.103333	0.200	-0.058391
7.106667	0.200	-0.063621
7.110000	0.200	-0.069132
7.113333	0.200	-0.074491
7.116667	0.200	-0.078671
7.120000	0.200	-0.081014
7.123333	0.200	-0.082004
7.126667	0.200	-0.082663
7.130000	0.200	-0.083365
7.133333	0.200	-0.083841
7.136667	0.200	-0.084041
7.140000	0.200	-0.084282
7.143333	0.200	-0.084802
7.146667	0.200	-0.085659
7.150000	0.200	-0.087066
7.153333	0.200	-0.089368
7.156667	0.200	-0.092522
7.160000	0.200	-0.095934
7.163333	0.200	-0.098757
7.166667	0.200	-0.100295
7.170000	0.200	-0.100562
7.173333	0.200	-0.100351
7.176667	0.200	-0.100499
7.180000	0.200	-0.101407
7.183333	0.200	-0.103157
7.186667	0.200	-0.105649
7.190000	0.200	-0.108427
7.193333	0.200	-0.110536
7.196667	0.200	-0.111085
7.200000	0.200	-0.110082
7.203333	0.200	-0.108403
7.206667	0.200	-0.107111
7.210000	0.200	-0.107073
7.213333	0.200	-0.108679
7.216667	0.200	-0.111506
7.220000	0.200	-0.114494
7.223333	0.200	-0.116466
7.226667	0.200	-0.116849
7.230000	0.200	-0.116185
7.233333	0.200	-0.115533
7.236667	0.200	-0.115467
7.240000	0.200	-0.115826
7.243333	0.200	-0.116139
7.246667	0.200	-0.116212
7.250000	0.200	-0.116302
7.253333	0.200	-0.116811
7.256667	0.200	-0.117865
7.260000	0.200	-0.119116
7.263333	0.200	-0.120099
7.266667	0.200	-0.120814
7.270000	0.200	-0.121580
7.273333	0.200	-0.122434
7.276667	0.200	-0.123114
7.280000	0.200	-0.123488
7.283333	0.200	-0.123661
7.286667	0.200	-0.123637
7.290000	0.200	-0.123333
7.293333	0.200	-0.122987
7.296667	0.200	-0.123001
7.300000	0.200	-0.123592
7.303333	0.200	-0.124892
7.306667	0.200	-0.126771
7.310000	0.200	-0.128769
7.313333	0.200	-0.130742
7.316667	0.200	-0.132914
7.320000	0.200	-0.135109
7.323333	0.200	-0.136722
7.326667	0.200	-0.137202
7.330000	0.200	-0.136260
7.333333	0.200	-0.134269
7.336667	0.200	-0.132423
7.340000	0.200	-0.131925
7.343333	0.200	-0.132878
7.346667	0.200	-0.134039
7.350000	0.200	-0.133780
7.353333	0.200	-0.131516
7.356667	0.200	-0.128317
7.360000	0.200	-0.126073
7.363333	0.200	-0.126151
7.366667	0.200	-0.128802
7.370000	0.200	-0.133307
7.373333	0.200	-0.138216
7.376667	0.200	-0.141812
7.380000	0.200	-0.143186
7.383333	0.200	-0.142934
7.386667	0.200	-0.142362
7.390000	0.200	-0.142334
7.393333	0.200	-0.142947
7.396667	0.200	-0.143841
7.400000	0.200	-0.144715
7.403333	0.200	-0.145571
7.406667	0.200	-0.146387
7.410000	0.200	-0.146781
7.413333	0.200	-0.146414
7.416667	0.200	-0.145768
7.420000	0.200	-0.145829
7.423333	0.200	-0.146758
7.426667	0.200	-0.147686
7.430000	0.200	-0.147859
7.433333	0.200	-0.147254
7.436667	0.200	-0.146259
7.440000	0.200	-0.145209
7.443333	0.200	-0.144325
7.446667	0.200	-0.143912
7.450000	0.200	-0.144252
7.453333	0.200	-0.145392
7.456667	0.200	-0.147174
7.460000	0.200	-0.149209
7.463333	0.200	-0.150899
7.466667	0.200	-0.151769
7.470000	0.200	-0.151615
7.473333	0.200	-0.150370
7.476667	0.200	-0.148121
7.480000	0.200	-0.145330
7.483333	0.200	-0.142645
7.486667	0.200	-0.140496
7.490000	0.200	-0.139282
7.493333	0.200	-0.139590
7.496667	0.200	-0.141809
7.500000	0.200	-0.145654
7.503333	0.200	-0.150195
7.506667	0.200	-0.154391
7.510000	0.200	-0.157459
7.513333	0.200	-0.159039
7.516667	0.200	-0.159420
7.520000	0.200	-0.159199
7.523333	0.200	-0.158507
7.526667	0.200	-0.156976
7.530000	0.200	-0.154501
7.533333	0.200	-0.151533
7.536667	0.200	-0.148630
7.540000	0.200	-0.146301
7.543333	0.200	-0.145221
7.546667	0.200	-0.145942
7.550000	0.200	-0.148342
7.553333	0.200	-0.151518
7.556667	0.200	-0.154395
7.560000	0.200	-0.156473
7.563333	0.200	-0.157832
7.566667	0.200	-0.158739
7.570000	0.200	-0.159494
7.573333	0.200	-0.160259
7.576667	0.200	-0.160943
7.580000	0.200	-0.161402
7.583333	0.200	-0.161575
7.586667	0.200	-0.161376
7.590000	0.200	-0.160865
7.593333	0.200	-0.160542
7.596667	0.200	-0.160998
7.600000	0.200	-0.162227
7.603333	0.200	-0.163674
7.606667	0.200	-0.164796
7.610000	0.200	-0.165215
7.613333	0.200	-0.164771
7.616667	0.200	-0.163933
7.620000	0.200	-0.163541
7.623333	0.200	-0.163846
7.626667	0.200	-0.164472
7.630000	0.200	-0.165244
7.633333	0.200	-0.166142
7.636667	0.200	-0.166664
7.640000	0.200	-0.166158
7.643333	0.200	-0.164661
7.646667	0.200	-0.162928
7.650000	0.200	-0.161601
7.653333	0.200	-0.160515
7.656667	0.200	-0.159113
7.660000	0.200	-0.157376
7.663333	0.200	-0.155980
7.666667	0.200	-0.155650
7.670000	0.200	-0.156445
7.673333	0.200	-0.157753
7.676667	0.200	-0.158835
7.680000	0.200	-0.159073
7.683333	0.200	-0.158230
7.686667	0.200	-0.157021
7.690000	0.200	-0.156723
7.693333	0.200	-0.157689
7.696667	0.200	-0.158863
7.700000	0.200	-0.159095
7.703333	0.200	-0.158345
7.706667	0.200	-0.157386
7.710000	0.200	-0.156966
7.713333	0.200	-0.157424
7.716667	0.200	-0.158559
7.720000	0.200	-0.159577
7.723333	0.200	-0.159520
7.726667	0.200	-0.158152
7.730000	0.200	-0.156288
7.733333	0.200	-0.155038
7.736667	0.200	-0.154972
7.740000	0.200	-0.156042
7.743333	0.200	-0.157901
7.746667	0.200	-0.160071
7.750000	0.200	-0.161876
7.753333	0.200	-0.162760
7.756667	0.200	-0.162837
7.760000	0.200	-0.162627
7.763333	0.200	-0.162365
7.766667	0.200	-0.161858
7.770000	0.200	-0.160736
7.773333	0.200	-0.158946
7.776667	0.200	-0.156942
7.780000	0.200	-0.155222
7.783333	0.200	-0.154066
7.786667	0.200	-0.153794
7.790000	0.200	-0.154792
7.793333	0.200	-0.156979
7.796667	0.200	-0.159535
7.800000	0.200	-0.161623
7.803333	0.200	-0.163245
7.806667	0.200	-0.165024
7.810000	0.200	-0.167266
7.813333	0.200	-0.169604
7.816667	0.200	-0.171377
7.820000	0.200	-0.171993
7.823333	0.200	-0.171315
7.826667	0.200	-0.169791
7.830000	0.200	-0.167978
7.833333	0.200	-0.166203
7.836667	0.200	-0.164661
7.840000	0.200	-0.163589
7.843333	0.200	-0.163269
7.846667	0.200	-0.163645
7.850000	0.200	-0.164115
7.853333	0.200	-0.163924
7.856667	0.200	-0.162585
7.860000	0.200	-0.160174
7.863333	0.200	-0.157342
7.866667	0.200	-0.154791
7.870000	0.200	-0.152972
7.873333	0.200	-0.152169
7.876667	0.200	-0.152625
7.880000	0.200	-0.154675
7.883333	0.200	-0.158473
7.886667	0.200	-0.163464
7.890000	0.200	-0.168461
7.893333	0.200	-0.172455
7.896667	0.200	-0.175155
7.900000	0.200	-0.176774
7.903333	0.200	-0.177588
7.906667	0.200	-0.177769
7.910000	0.200	-0.177424
7.913333	0.200	-0.176817
7.916667	0.200	-0.176520
7.920000	0.200	-0.177163
7.923333	0.200	-0.178956
7.926667	0.200	-0.181599
7.930000	0.200	-0.184590
7.933333	0.200	-0.187210
7.936667	0.200	-0.188507
7.940000	0.200	-0.188147
7.943333	0.200	-0.186913
7.946667	0.200	-0.185764
7.950000	0.200	-0.185172
7.953333	0.200	-0.185373
7.956667	0.200	-0.186362
7.960000	0.200	-0.187836
7.963333	0.200	-0.189406
7.966667	0.200	-0.190608
7.970000	0.200	-0.190788
7.973333	0.200	-0.189563
7.976667	0.200	-0.187619
7.980000	0.200	-0.186199
7.983333	0.200	-0.185719
7.986667	0.200	-0.185705
7.990000	0.200	-0.185755
7.993333	0.200	-0.185913
7.996667	0.200	-0.186344
8.000000	0.200	-0.187041
8.003333	0.200	-0.188006
8.006667	0.200	-0.189127
8.010000	0.200	-0.189731
8.013333	0.200	-0.189172
8.016667	0.200	-0.187792
8.020000	0.200	-0.186715
8.023333	0.200	-0.186984
8.026667	0.200	-0.188991
8.030000	0.200	-0.192556
8.033333	0.200	-0.197202
8.036667	0.200	-0.202121
8.040000	0.200	-0.206367
8.043333	0.200	-0.209484
8.046667	0.200	-0.211547
8.050000	0.200	-0.212450
8.053333	0.200	-0.211981
8.056667	0.200	-0.210477
8.060000	0.200	-0.208621
8.063333	0.200	-0.206940
8.066667	0.200	-0.205614
8.070000	0.200	-0.204464
8.073333	0.200	-0.203194
8.076667	0.200	-0.201661
8.080000	0.200	-0.199938
8.083333	0.200	-0.198251
8.086667	0.200	-0.196730
8.090000	0.200	-0.195162
8.093333	0.200	-0.193251
8.096667	0.200	-0.191142
8.100000	0.200	-0.189334
8.103333	0.200	-0.188426
8.106667	0.200	-0.188978
8.110000	0.200	-0.190974
8.113333	0.200	-0.193728
8.116667	0.200	-0.196683
8.120000	0.200	-0.199811
8.123333	0.200	-0.203231
8.126667	0.200	-0.206695
8.130000	0.200	-0.209368
8.133333	0.200	-0.210326
8.136667	0.200	-0.209729
8.140000	0.200	-0.209161
8.143333	0.200	-0.210193
8.146667	0.200	-0.213034
8.150000	0.200	-0.216713
8.153333	0.200	-0.219863
8.156667	0.200	-0.221417
8.160000	0.200	-0.221176
8.163333	0.200	-0.219735
8.166667	0.200	-0.217997
8.170000	0.200	-0.216809
8.173333	0.200	-0.216360
8.176667	0.200	-0.215837
8.180000	0.200	-0.214283
8.183333	0.200	-0.211723
8.186667	0.200	-0.209057
8.190000	0.200	-0.206921
8.193333	0.200	-0.205073
8.196667	0.200	-0.202957
8.200000	0.200	-0.200386
8.203333	0.200	-0.197685
8.206667	0.200	-0.195569
8.210000	0.200	-0.194907
8.213333	0.200	-0.196242
8.216667	0.200	-0.199541
8.220000	0.200	-0.204407
8.223333	0.200	-0.210190
8.226667	0.200	-0.215929
8.230000	0.200	-0.220412
8.233333	0.200	-0.222718
8.236667	0.200	-0.222916
8.240000	0.200	-0.221807
8.243333	0.200	-0.220164
8.246667	0.200	-0.218615
8.250000	0.200	-0.217717
8.253333	0.200	-0.217725
8.256667	0.200	-0.218358
8.260000	0.200	-0.219010
8.263333	0.200	-0.219615
8.266667	0.200	-0.220922
8.270000	0.200	-0.223241
8.273333	0.200	-0.225324
8.276667	0.200	-0.225270
8.280000	0.200	-0.222488
8.283333	0.200	-0.218327
8.286667	0.200	-0.214849
8.290000	0.200	-0.213452
8.293333	0.200	-0.214375
8.296667	0.200	-0.216813
8.300000	0.200	-0.219508
8.303333	0.200	-0.221569
8.306667	0.200	-0.222865
8.310000	0.200	-0.223700
8.313333	0.200	-0.224367
8.316667	0.200	-0.225055
8.320000	0.200	-0.225688
8.323333	0.200	-0.225869
8.326667	0.200	-0.225513
8.330000	0.200	-0.225153
8.333333	0.200	-0.225211
8.336667	0.200	-0.225686
8.340000	0.200	-0.226663
8.343333	0.200	-0.228244
8.346667	0.200	-0.230171
8.350000	0.200	-0.232121
8.353333	0.200	-0.233891
8.356667	0.200	-0.235113
8.360000	0.200	-0.235297
8.363333	0.200	-0.234290
8.366667	0.200	-0.232530
8.370000	0.200	-0.230838
8.373333	0.200	-0.230031
8.376667	0.200	-0.230491
8.380000	0.200	-0.231751
8.383333	0.200	-0.232928
8.386667	0.200	-0.233810
8.390000	0.200	-0.234917
8.393333	0.200	-0.236606
8.396667	0.200	-0.238648
8.400000	0.200	-0.240419
8.403333	0.200	-0.241504
8.406667	0.200	-0.242059
8.410000	0.200	-0.242216
8.413333	0.200	-0.241765
8.416667	0.200	-0.240780
8.420000	0.200	-0.239984
8.423333	0.200	-0.240196
8.426667	0.200	-0.241508
8.430000	0.200	-0.243295
8.433333	0.200	-0.244901
8.436667	0.200	-0.245913
8.440000	0.200	-0.246099
8.443333	0.200	-0.245485
8.446667	0.200	-0.244392
8.450000	0.200	-0.243202
8.453333	0.200	-0.242116
8.456667	0.200	-0.241388
8.460000	0.200	-0.241559
8.463333	0.200	-0.243025
8.466667	0.200	-0.245561
8.470000	0.200	-0.248399
8.473333	0.200	-0.250710
8.476667	0.200	-0.252152
8.480000	0.200	-0.252877
8.483333	0.200	-0.252822
8.486667	0.200	-0.251747
8.490000	0.200	-0.250210
8.493333	0.200	-0.249577
8.496667	0.200	-0.250771
8.500000	0.200	-0.253411
8.503333	0.200	-0.256110
8.506667	0.200	-0.257558
8.510000	0.200	-0.257337
8.513333	0.200	-0.255489
8.516667	0.200	-0.251955
8.520000	0.200	-0.247348
8.523333	0.200	-0.243539
8.526667	0.200	-0.242380
8.530000	0.200	-0.244205
8.533333	0.200	-0.248111
8.536667	0.200	-0.252915
8.540000	0.200	-0.257205
8.543333	0.200	-0.259345
8.546667	0.200	-0.258351
8.550000	0.200	-0.254729
8.553333	0.200	-0.250281
8.556667	0.200	-0.247006
8.560000	0.200	-0.245927
8.563333	0.200	-0.246749
8.566667	0.200	-0.248391
8.570000	0.200	-0.249763
8.573333	0.200	-0.250319
8.576667	0.200	-0.250257
8.580000	0.200	-0.250284
8.583333	0.200	-0.251029
8.586667	0.200	-0.252392
8.590000	0.200	-0.253510
8.593333	0.200	-0.253615
8.596667	0.200	-0.252794
8.600000	0.200	-0.251970
8.603333	0.200	-0.252413
8.606667	0.200	-0.254785
8.610000	0.200	-0.258441
8.613333	0.200	-0.262026
8.616667	0.200	-0.264437
8.620000	0.200	-0.265106
8.623333	0.200	-0.264147
8.626667	0.200	-0.262408
8.630000	0.200	-0.260793
8.633333	0.200	-0.259460
8.636667	0.200	-0.258172
8.640000	0.200	-0.257105
8.643333	0.200	-0.256616
8.646667	0.200	-0.256690
8.650000	0.200	-0.256984
8.653333	0.200	-0.257161
8.656667	0.200	-0.257099
8.660000	0.200	-0.256897
8.663333	0.200	-0.256799
8.666667	0.200	-0.257070
8.670000	0.200	-0.257706
8.673333	0.200	-0.258193
8.676667	0.200	-0.257716
8.680000	0.200	-0.256137
8.683333	0.200	-0.254442
8.686667	0.200	-0.253766
8.690000	0.200	-0.254883
8.693333	0.200	-0.258324
8.696667	0.200	-0.263553
8.700000	0.200	-0.268841
8.703333	0.200	-0.272655
8.706667	0.200	-0.274477
8.710000	0.200	-0.274628
8.713333	0.200	-0.274038
8.716667	0.200	-0.273737
8.720000	0.200	-0.274073
8.723333	0.200	-0.274575
8.726667	0.200	-0.274711
8.730000	0.200	-0.274544
8.733333	0.200	-0.274711
8.736667	0.200	-0.275944
8.740000	0.200	-0.278309
8.743333	0.200	-0.280808
8.746667	0.200	-0.282068
8.750000	0.200	-0.281545
8.753333	0.200	-0.279822
8.756667	0.200	-0.277877
8.760000	0.200	-0.276386
8.763333	0.200	-0.275534
8.766667	0.200	-0.275118
8.770000	0.200	-0.274801
8.773333	0.200	-0.274270
8.776667	0.200	-0.273373
8.780000	0.200	-0.272336
8.783333	0.200	-0.271690
8.786667	0.200	-0.271906
8.790000	0.200	-0.273206
8.793333	0.200	-0.275429
8.796667	0.200	-0.277986
8.800000	0.200	-0.280196
8.803333	0.200	-0.281666
8.806667	0.200	-0.282356
8.810000	0.200	-0.282669
8.813333	0.200	-0.283362
8.816667	0.200	-0.284966
8.820000	0.200	-0.287297
8.823333	0.200	-0.289558
8.826667	0.200	-0.290925
8.830000	0.200	-0.291284
8.833333	0.200	-0.291292
8.836667	0.200	-0.291443
8.840000	0.200	-0.291601
8.843333	0.200	-0.291742
8.846667	0.200	-0.292473
8.850000	0.200	-0.294540
8.853333	0.200	-0.298251
8.856667	0.200	-0.303275
8.860000	0.200	-0.308776
8.863333	0.200	-0.313798
8.866667	0.200	-0.317520
8.870000	0.200	-0.319548
8.873333	0.200	-0.320227
8.876667	0.200	-0.320114
8.880000	0.200	-0.319113
8.883333	0.200	-0.316772
8.886667	0.200	-0.313159
8.890000	0.200	-0.309090
8.893333	0.200	-0.305798
8.896667	0.200	-0.304499
8.900000	0.200	-0.305771
8.903333	0.200	-0.309105
8.906667	0.200	-0.313430
8.910000	0.200	-0.318113
8.913333	0.200	-0.323192
8.916667	0.200	-0.329113
8.920000	0.200	-0.336477
8.923333	0.200	-0.345489
8.926667	0.200	-0.355421
8.930000	0.200	-0.364933
8.933333	0.200	-0.373122
8.936667	0.200	-0.379977
8.940000	0.200	-0.385993
8.943333	0.200	-0.391644
8.946667	0.200	-0.396911
8.950000	0.200	-0.401258
8.953333	0.200	-0.404137
8.956667	0.200	-0.405613
8.960000	0.200	-0.406509
8.963333	0.200	-0.407660
8.966667	0.200	-0.409213
8.970000	0.200	-0.410863
8.973333	0.200	-0.412243
8.976667	0.200	-0.413018
8.980000	0.200	-0.413104
8.983333	0.200	-0.412852
8.986667	0.200	-0.412666
8.990000	0.200	-0.412742
8.993333	0.200	-0.413240
8.996667	0.200	-0.414118
9.000000	0.200	-0.414910
9.003333	0.200	-0.414984
9.006667	0.200	-0.413899
9.010000	0.200	-0.411784
9.013333	0.200	-0.409274
9.016667	0.200	-0.406688
9.020000	0.200	-0.403469
9.023333	0.200	-0.398686
9.026667	0.200	-0.392191
9.030000	0.200	-0.385181
9.033333	0.200	-0.379612
9.036667	0.200	-0.377121
9.040000	0.200	-0.378371
9.043333	0.200	-0.383174
9.046667	0.200	-0.390724
9.050000	0.200	-0.399635
9.053333	0.200	-0.408333
9.056667	0.200	-0.415491
9.060000	0.200	-0.420158
9.063333	0.200	-0.422153
9.066667	0.200	-0.422451
9.070000	0.200	-0.422531
9.073333	0.200	-0.423226
9.076667	0.200	-0.424442
9.080000	0.200	-0.425683
9.083333	0.200	-0.426499
9.086667	0.200	-0.426886
9.090000	0.200	-0.427356
9.093333	0.200	-0.428174
9.096667	0.200	-0.428895
9.100000	0.200	-0.429035
9.103333	0.200	-0.428744
9.106667	0.200	-0.428488
9.110000	0.200	-0.428484
9.113333	0.200	-0.428932
9.116667	0.200	-0.430228
9.120000	0.200	-0.432358
9.123333	0.200	-0.434652
9.126667	0.200	-0.436510
9.130000	0.200	-0.437842
9.133333	0.200	-0.438570
9.136667	0.200	-0.438177
9.140000	0.200	-0.436064
9.143333	0.200	-0.432482
9.146667	0.200	-0.428939
9.150000	0.200	-0.427227
9.153333	0.200	-0.427923
9.156667	0.200	-0.430020
9.160000	0.200	-0.431936
9.163333	0.200	-0.432756
9.166667	0.200	-0.432851
9.170000	0.200	-0.433499
9.173333	0.200	-0.435617
9.176667	0.200	-0.438868
9.180000	0.200	-0.441974
9.183333	0.200	-0.443639
9.186667	0.200	-0.443255
9.190000	0.200	-0.441101
9.193333	0.200	-0.438044
9.196667	0.200	-0.435191
9.200000	0.200	-0.433574
9.203333	0.200	-0.433533
9.206667	0.200	-0.434599
9.210000	0.200	-0.436015
9.213333	0.200	-0.436604
9.216667	0.200	-0.434942
9.220000	0.200	-0.430876
9.223333	0.200	-0.425927
9.226667	0.200	-0.421872
9.230000	0.200	-0.419786
9.233333	0.200	-0.419813
9.236667	0.200	-0.421158
9.240000	0.200	-0.422667
9.243333	0.200	-0.423423
9.246667	0.200	-0.422957
9.250000	0.200	-0.421321
9.253333	0.200	-0.418849
9.256667	0.200	-0.415679
9.260000	0.200	-0.411966
9.263333	0.200	-0.408825
9.266667	0.200	-0.408004
9.270000	0.200	-0.410163
9.273333	0.200	-0.414282
9.276667	0.200	-0.418734
9.280000	0.200	-0.422636
9.283333	0.200	-0.426102
9.286667	0.200	-0.429032
9.290000	0.200	-0.430435
9.293333	0.200	-0.429507
9.296667	0.200	-0.426596
9.300000	0.200	-0.422960
9.303333	0.200	-0.420135
9.306667	0.200	-0.419394
9.310000	0.200	-0.421203
9.313333	0.200	-0.424820
9.316667	0.200	-0.428372
9.320000	0.200	-0.429563
9.323333	0.200	-0.426954
9.326667	0.200	-0.421066
9.330000	0.200	-0.414017
9.333333	0.200	-0.408070
9.336667	0.200	-0.404703
9.340000	0.200	-0.404366
9.343333	0.200	-0.406495
9.346667	0.200	-0.409950
9.350000	0.200	-0.413552
9.353333	0.200	-0.416502
9.356667	0.200	-0.418853
9.360000	0.200	-0.421366
9.363333	0.200	-0.424595
9.366667	0.200	-0.428167
9.370000	0.200	-0.430925
9.373333	0.200	-0.431796
9.376667	0.200	-0.430726
9.380000	0.200	-0.428815
9.383333	0.200	-0.427363
9.386667	0.200	-0.426990
9.390000	0.200	-0.427915
9.393333	0.200	-0.430259
9.396667	0.200	-0.433175
9.400000	0.200	-0.434413
9.403333	0.200	-0.431767
9.406667	0.200	-0.424886
9.410000	0.200	-0.415648
9.413333	0.200	-0.407147
9.416667	0.200	-0.402082
9.420000	0.200	-0.401334
9.423333	0.200	-0.403842
9.426667	0.200	-0.407739
9.430000	0.200	-0.411560
9.433333	0.200	-0.414875
9.436667	0.200	-0.417911
9.440000	0.200	-0.420753
9.443333	0.200	-0.423202
9.446667	0.200	-0.424943
9.450000	0.200	-0.425454
9.453333	0.200	-0.424375
9.456667	0.200	-0.422321
9.460000	0.200	-0.420922
9.463333	0.200	-0.421667
9.466667	0.200	-0.424793
9.470000	0.200	-0.429452
9.473333	0.200	-0.434086
9.476667	0.200	-0.436341
9.480000	0.200	-0.433876
9.483333	0.200	-0.426270
9.486667	0.200	-0.415882
9.490000	0.200	-0.406511
9.493333	0.200	-0.401284
9.496667	0.200	-0.401254
9.500000	0.200	-0.405093
9.503333	0.200	-0.410360
9.506667	0.200	-0.415478
9.510000	0.200	-0.420102
9.513333	0.200	-0.424164
9.516667	0.200	-0.427513
9.520000	0.200	-0.429986
9.523333	0.200	-0.431375
9.526667	0.200	-0.431532
9.530000	0.200	-0.430425
9.533333	0.200	-0.428154
9.536667	0.200	-0.425277
9.540000	0.200	-0.422965
9.543333	0.200	-0.422312
9.546667	0.200	-0.423558
9.550000	0.200	-0.425799
9.553333	0.200	-0.426725
9.556667	0.200	-0.423253
9.560000	0.200	-0.414098
9.563333	0.200	-0.401768
9.566667	0.200	-0.390805
9.570000	0.200	-0.384299
9.573333	0.200	-0.382806
9.576667	0.200	-0.385260
9.580000	0.200	-0.389874
9.583333	0.200	-0.395150
9.586667	0.200	-0.400722
9.590000	0.200	-0.407134
9.593333	0.200	-0.414838
9.596667	0.200	-0.423481
9.600000	0.200	-0.431993
9.603333	0.200	-0.439217
9.606667	0.200	-0.444414
9.610000	0.200	-0.447421
9.613333	0.200	-0.448665
9.616667	0.200	-0.449118
9.620000	0.200	-0.450046
9.623333	0.200	-0.452481
9.626667	0.200	-0.456232
9.630000	0.200	-0.459074
9.633333	0.200	-0.457474
9.636667	0.200	-0.449139
9.640000	0.200	-0.435235
9.643333	0.200	-0.419798
9.646667	0.200	-0.407208
9.650000	0.200	-0.400405
9.653333	0.200	-0.400418
9.656667	0.200	-0.406397
9.660000	0.200	-0.416130
9.663333	0.200	-0.426977
9.666667	0.200	-0.436720
9.670000	0.200	-0.444226
9.673333	0.200	-0.449739
9.676667	0.200	-0.454146
9.680000	0.200	-0.457734
9.683333	0.200	-0.459840
9.686667	0.200	-0.459749
9.690000	0.200	-0.457837
9.693333	0.200	-0.455473
9.696667	0.200	-0.453765
9.700000	0.200	-0.453126
9.703333	0.200	-0.453937
9.706667	0.200	-0.456552
9.710000	0.200	-0.460282
9.713333	0.200	-0.463183
9.716667	0.200	-0.463387
9.720000	0.200	-0.460386
9.723333	0.200	-0.454920
9.726667	0.200	-0.448139
9.730000	0.200	-0.441209
9.733333	0.200	-0.435555
9.736667	0.200	-0.432980
9.740000	0.200	-0.434832
9.743333	0.200	-0.440955
9.746667	0.200	-0.449912
9.750000	0.200	-0.459843
9.753333	0.200	-0.468936
9.756667	0.200	-0.476048
9.760000	0.200	-0.481246
9.763333	0.200	-0.485300
9.766667	0.200	-0.488550
9.770000	0.200	-0.490577
9.773333	0.200	-0.491221
9.776667	0.200	-0.491447
9.780000	0.200	-0.492653
9.783333	0.200	-0.495384
9.786667	0.200	-0.498899
9.790000	0.200	-0.501612
9.793333	0.200	-0.501914
9.796667	0.200	-0.498875
9.800000	0.200	-0.492814
9.803333	0.200	-0.485689
9.806667	0.200	-0.480209
9.810000	0.200	-0.477880
9.813333	0.200	-0.478347
9.816667	0.200	-0.480568
9.820000	0.200	-0.483687
9.823333	0.200	-0.487000
9.826667	0.200	-0.490064
9.830000	0.200	-0.492902
9.833333	0.200	-0.495702
9.836667	0.200	-0.498213
9.840000	0.200	-0.499749
9.843333	0.200	-0.500007
9.846667	0.200	-0.499450
9.850000	0.200	-0.498826
9.853333	0.200	-0.498714
9.856667	0.200	-0.499414
9.860000	0.200	-0.500856
9.863333	0.200	-0.502670
9.866667	0.200	-0.504502
9.870000	0.200	-0.506153
9.873333	0.200	-0.507410
9.876667	0.200	-0.507811
9.880000	0.200	-0.506736
9.883333	0.200	-0.503908
9.886667	0.200	-0.499739
9.890000	0.200	-0.495080
9.893333	0.200	-0.491072
9.896667	0.200	-0.489043
9.900000	0.200	-0.489613
9.903333	0.200	-0.491942
9.906667	0.200	-0.494465
9.910000	0.200	-0.496211
9.913333	0.200	-0.496931
9.916667	0.200	-0.496409
9.920000	0.200	-0.494527
9.923333	0.200	-0.491674
9.926667	0.200	-0.488812
9.930000	0.200	-0.487229
9.933333	0.200	-0.487705
9.936667	0.200	-0.489984
9.940000	0.200	-0.493317
9.943333	0.200	-0.496802
9.946667	0.200	-0.499293
9.950000	0.200	-0.499965
9.953333	0.200	-0.498915
9.956667	0.200	-0.496875
9.960000	0.200	-0.494650
9.963333	0.200	-0.492688
9.966667	0.200	-0.490912
9.970000	0.200	-0.489045
9.973333	0.200	-0.486967
9.976667	0.200	-0.484924
9.980000	0.200	-0.483803
9.983333	0.200	-0.484701
9.986667	0.200	-0.487703
9.990000	0.200	-0.491471
9.993333	0.200	-0.494143
9.996667	0.200	-0.494432
10.000000	0.200	-0.492172
10.003333	0.200	-0.488267
10.006667	0.200	-0.484212
10.010000	0.200	-0.481549
10.013333	0.200	-0.481462
10.016667	0.200	-0.484169
10.020000	0.200	-0.488544
10.023333	0.200	-0.493069
10.026667	0.200	-0.496840
10.030000	0.200	-0.499155
10.033333	0.200	-0.499281
10.036667	0.200	-0.497255
10.040000	0.200	-0.494033
10.043333	0.200	-0.490816
10.046667	0.200	-0.488571
10.050000	0.200	-0.487479
10.053333	0.200	-0.486852
10.056667	0.200	-0.486185
10.060000	0.200	-0.485629
10.063333	0.200	-0.485331
10.066667	0.200	-0.485144
10.070000	0.200	-0.484759
10.073333	0.200	-0.483699
10.076667	0.200	-0.481713
10.080000	0.200	-0.479299
10.083333	0.200	-0.477356
10.086667	0.200	-0.476527
10.090000	0.200	-0.477019
10.093333	0.200	-0.478614
10.096667	0.200	-0.480713
10.100000	0.200	-0.482718
10.103333	0.200	-0.484643
10.106667	0.200	-0.486998
10.110000	0.200	-0.489636
10.113333	0.200	-0.491168
10.116667	0.200	-0.489996
10.120000	0.200	-0.485874
10.123333	0.200	-0.480130
10.126667	0.200	-0.474419
10.130000	0.200	-0.469635
10.133333	0.200	-0.466016
10.136667	0.200	-0.463948
10.140000	0.200	-0.464080
10.143333	0.200	-0.466354
10.146667	0.200	-0.469258
10.150000	0.200	-0.470447
10.153333	0.200	-0.468291
10.156667	0.200	-0.463048
10.160000	0.200	-0.456769
10.163333	0.200	-0.452026
10.166667	0.200	-0.450533
10.170000	0.200	-0.452574
10.173333	0.200	-0.457091
10.176667	0.200	-0.462273
10.180000	0.200	-0.466454
10.183333	0.200	-0.468809
10.186667	0.200	-0.469494
10.190000	0.200	-0.469163
10.193333	0.200	-0.468312
10.196667	0.200	-0.467051
10.200000	0.200	-0.465151
10.203333	0.200	-0.462194
10.206667	0.200	-0.457975
10.210000	0.200	-0.452884
10.213333	0.200	-0.447865
10.216667	0.200	-0.444001
10.220000	0.200	-0.441685
10.223333	0.200	-0.439871
10.226667	0.200	-0.436613
10.230000	0.200	-0.430704
10.233333	0.200	-0.422842
10.236667	0.200	-0.415083
10.240000	0.200	-0.409176
10.243333	0.200	-0.405859
10.246667	0.200	-0.405336
10.250000	0.200	-0.407232
10.253333	0.200	-0.410459
10.256667	0.200	-0.414232
10.260000	0.200	-0.418450
10.263333	0.200	-0.422578
10.266667	0.200	-0.425452
10.270000	0.200	-0.426410
10.273333	0.200	-0.425917
10.276667	0.200	-0.425333
10.280000	0.200	-0.426205
10.283333	0.200	-0.429213
10.286667	0.200	-0.433733
10.290000	0.200	-0.438598
10.293333	0.200	-0.442916
10.296667	0.200	-0.446178
10.300000	0.200	-0.448109
10.303333	0.200	-0.448428
10.306667	0.200	-0.446740
10.310000	0.200	-0.443073
10.313333	0.200	-0.438295
10.316667	0.200	-0.433757
10.320000	0.200	-0.430826
10.323333	0.200	-0.430463
10.326667	0.200	-0.432623
10.330000	0.200	-0.436364
10.333333	0.200	-0.440635
10.336667	0.200	-0.444763
10.340000	0.200	-0.448509
10.343333	0.200	-0.451782
10.346667	0.200	-0.454390
10.350000	0.200	-0.456238
10.353333	0.200	-0.457294
10.356667	0.200	-0.457359
10.360000	0.200	-0.456517
10.363333	0.200	-0.455514
10.366667	0.200	-0.455192
10.370000	0.200	-0.456012
10.373333	0.200	-0.458291
10.376667	0.200	-0.462190
10.380000	0.200	-0.467172
10.383333	0.200	-0.471850
10.386667	0.200	-0.474874
10.390000	0.200	-0.476114
10.393333	0.200	-0.476769
10.396667	0.200	-0.478397
10.400000	0.200	-0.481940
10.403333	0.200	-0.487216
10.406667	0.200	-0.493088
10.410000	0.200	-0.498414
10.413333	0.200	-0.502825
10.416667	0.200	-0.506417
10.420000	0.200	-0.509241
10.423333	0.200	-0.511259
10.426667	0.200	-0.512344
10.430000	0.200	-0.512269
10.433333	0.200	-0.510851
10.436667	0.200	-0.508176
10.440000	0.200	-0.504737
10.443333	0.200	-0.501413
10.446667	0.200	-0.499255
10.450000	0.200	-0.498840
10.453333	0.200	-0.499533
10.456667	0.200	-0.499868
10.460000	0.200	-0.498881
10.463333	0.200	-0.496806
10.466667	0.200	-0.494650
10.470000	0.200	-0.493400
10.473333	0.200	-0.493457
10.476667	0.200	-0.494643
10.480000	0.200	-0.496675
10.483333	0.200	-0.499523
10.486667	0.200	-0.503083
10.490000	0.200	-0.506749
10.493333	0.200	-0.509723
10.496667	0.200	-0.511570
10.500000	0.200	-0.512329
10.503333	0.200	-0.512279
10.506667	0.200	-0.511514
10.510000	0.200	-0.509884
10.513333	0.200	-0.507484
10.516667	0.200	-0.504932
10.520000	0.200	-0.503012
10.523333	0.200	-0.502128
10.526667	0.200	-0.502010
10.530000	0.200	-0.502039
10.533333	0.200	-0.501845
10.536667	0.200	-0.501370
10.540000	0.200	-0.500523
10.543333	0.200	-0.499115
10.546667	0.200	-0.497071
10.550000	0.200	-0.494710
10.553333	0.200	-0.492769
10.556667	0.200	-0.491803
10.560000	0.200	-0.491941
10.563333	0.200	-0.493389
10.566667	0.200	-0.496366
10.570000	0.200	-0.500308
10.573333	0.200	-0.503639
10.576667	0.200	-0.504812
10.580000	0.200	-0.503402
10.583333	0.200	-0.499680
10.586667	0.200	-0.493904
10.590000	0.200	-0.486749
10.593333	0.200	-0.479507
10.596667	0.200	-0.473294
10.600000	0.200	-0.468478
10.603333	0.200	-0.464917
10.606667	0.200	-0.462341
10.610000	0.200	-0.460375
10.613333	0.200	-0.458484
10.616667	0.200	-0.456106
10.620000	0.200	-0.452800
10.623333	0.200	-0.448273
10.626667	0.200	-0.442334
10.630000	0.200	-0.435131
10.633333	0.200	-0.427514
10.636667	0.200	-0.420456
10.640000	0.200	-0.414135
10.643333	0.200	-0.408240
10.646667	0.200	-0.402832
10.650000	0.200	-0.398126
10.653333	0.200	-0.393666
10.656667	0.200	-0.388246
10.660000	0.200	-0.380730
10.663333	0.200	-0.370882
10.666667	0.200	-0.359302
10.670000	0.200	-0.346742
10.673333	0.200	-0.333579
10.676667	0.200	-0.319537
10.680000	0.200	-0.303731
10.683333	0.200	-0.285343
10.686667	0.200	-0.264544
10.690000	0.200	-0.242646
10.693333	0.200	-0.221257
10.696667	0.200	-0.201213
10.700000	0.200	-0.182380
10.703333	0.200	-0.164685
10.706667	0.200	-0.148989
10.710000	0.200	-0.136568
10.713333	0.200	-0.128033
10.716667	0.200	-0.122835
10.720000	0.200	-0.119799
10.723333	0.200	-0.117865
10.726667	0.200	-0.116162
10.730000	0.200	-0.114045
10.733333	0.200	-0.111296
10.736667	0.200	-0.107926
10.740000	0.200	-0.103972
10.743333	0.200	-0.099664
10.746667	0.200	-0.095351
10.750000	0.200	-0.091070
10.753333	0.200	-0.086629
10.756667	0.200	-0.082305
10.760000	0.200	-0.078930
10.763333	0.200	-0.077051
10.766667	0.200	-0.076402
10.770000	0.200	-0.076250
10.773333	0.200	-0.075896
10.776667	0.200	-0.074872
10.780000	0.200	-0.073133
10.783333	0.200	-0.070999
10.786667	0.200	-0.068563
10.790000	0.200	-0.065467
10.793333	0.200	-0.061648
10.796667	0.200	-0.057859
10.800000	0.200	-0.054995
10.803333	0.200	-0.053177
10.806667	0.200	-0.051806
10.810000	0.200	-0.050212
10.813333	0.200	-0.048006
10.816667	0.200	-0.045075
10.820000	0.200	-0.041563
10.823333	0.200	-0.037893
10.826667	0.200	-0.034374
10.830000	0.200	-0.030832
10.833333	0.200	-0.027231
10.836667	0.200	-0.024224
10.840000	0.200	-0.022424
10.843333	0.200	-0.021640
10.846667	0.200	-0.021227
10.850000	0.200	-0.020704
10.853333	0.200	-0.019750
10.856667	0.200	-0.018133
10.860000	0.200	-0.016020
10.863333	0.200	-0.014045
10.866667	0.200	-0.012762
10.870000	0.200	-0.011978
10.873333	0.200	-0.010860
10.876667	0.200	-0.008730
10.880000	0.200	-0.005504
10.883333	0.200	-0.001572
10.886667	0.200	0.002465
10.890000	0.200	0.006202
10.893333	0.200	0.009685
10.896667	0.200	0.013212
10.900000	0.200	0.016917
10.903333	0.200	0.020581
10.906667	0.200	0.023789
10.910000	0.200	0.026261
10.913333	0.200	0.027967
10.916667	0.200	0.028975
10.920000	0.200	0.029664
10.923333	0.200	0.031067
10.926667	0.200	0.034228
10.930000	0.200	0.039113
10.933333	0.200	0.044699
10.936667	0.200	0.049899
10.940000	0.200	0.054023
10.943333	0.200	0.056870
10.946667	0.200	0.058812
10.950000	0.200	0.060594
10.953333	0.200	0.062853
10.956667	0.200	0.065753
10.960000	0.200	0.068976
10.963333	0.200	0.072141
10.966667	0.200	0.075158
10.970000	0.200	0.077995
10.973333	0.200	0.080520
10.976667	0.200	0.082959
10.980000	0.200	0.085946
10.983333	0.200	0.089921
10.986667	0.200	0.094682
10.990000	0.200	0.099418
10.993333	0.200	0.103333
10.996667	0.200	0.106129
11.000000	0.200	0.107714
