File Path	chrom://nnfcb-l0286/ChromeleonLocal/metk/20171013_HMP_C61_metk.seq/390.smp/UV_VIS_2.channel/UV_VIS_2.chm
Channel	UV_VIS_2

Injection Information:
Data Vault	ChromeleonLocal
Injection	10 ug/ml ISO
Injection Number	87
Position	RC6
Comment	
Processing Method	HMP New ProcMethod
Instrument Method	HM_metode_ZorBax_0,02%_Acetic_acid_ver6
Type	Calibration Standard
Status	Finished
Injection Date	10/14/2017
Injection Time	7:06:56 AM
Injection Volume (µl)	1.000
Dilution Factor	1.0000
Weight	1.0000

Raw Data Information:
Time Min. (min)	0.000000
Time Max. (min)	11.000000
Data Points	3301
Detector	UV
Exporting Data System	Chromeleon 7.1.3.2425
Operator	
Signal Quantity	Absorbance
Signal Unit	mAU
Signal Min.	-1.004634
Signal Max.	33.062744
Channel	UV_VIS_2
Driver Name	DAD3000.dll
Channel Type	Evaluation
Min. Step (s)	0.200
Max. Step (s)	0.200
Average Step (s)	0.200

Signal Parameter Information:
Signal Info	WVL:280 nm

Raw Data:
Time (min)	Step (s)	Value (mAU)
0.000000	0.000	0.000000
0.003333	0.200	-0.002190
0.006667	0.200	-0.015501
0.010000	0.200	-0.051142
0.013333	0.200	-0.106504
0.016667	0.200	-0.160853
0.020000	0.200	-0.192119
0.023333	0.200	-0.192445
0.026667	0.200	-0.168653
0.030000	0.200	-0.134673
0.033333	0.200	-0.103385
0.036667	0.200	-0.081421
0.040000	0.200	-0.069472
0.043333	0.200	-0.065807
0.046667	0.200	-0.068560
0.050000	0.200	-0.076162
0.053333	0.200	-0.087297
0.056667	0.200	-0.100728
0.060000	0.200	-0.115131
0.063333	0.200	-0.129361
0.066667	0.200	-0.142815
0.070000	0.200	-0.155299
0.073333	0.200	-0.166820
0.076667	0.200	-0.177475
0.080000	0.200	-0.187341
0.083333	0.200	-0.196539
0.086667	0.200	-0.205250
0.090000	0.200	-0.213561
0.093333	0.200	-0.221643
0.096667	0.200	-0.229830
0.100000	0.200	-0.238024
0.103333	0.200	-0.245622
0.106667	0.200	-0.252535
0.110000	0.200	-0.259478
0.113333	0.200	-0.266960
0.116667	0.200	-0.274808
0.120000	0.200	-0.282843
0.123333	0.200	-0.291297
0.126667	0.200	-0.300387
0.130000	0.200	-0.309884
0.133333	0.200	-0.319297
0.136667	0.200	-0.328307
0.140000	0.200	-0.336800
0.143333	0.200	-0.344651
0.146667	0.200	-0.351583
0.150000	0.200	-0.357218
0.153333	0.200	-0.361477
0.156667	0.200	-0.365055
0.160000	0.200	-0.369257
0.163333	0.200	-0.375089
0.166667	0.200	-0.382620
0.170000	0.200	-0.391194
0.173333	0.200	-0.399890
0.176667	0.200	-0.407858
0.180000	0.200	-0.414639
0.183333	0.200	-0.420315
0.186667	0.200	-0.425266
0.190000	0.200	-0.429698
0.193333	0.200	-0.433636
0.196667	0.200	-0.437458
0.200000	0.200	-0.442020
0.203333	0.200	-0.447946
0.206667	0.200	-0.455075
0.210000	0.200	-0.462805
0.213333	0.200	-0.470395
0.216667	0.200	-0.476920
0.220000	0.200	-0.481663
0.223333	0.200	-0.484648
0.226667	0.200	-0.486722
0.230000	0.200	-0.489104
0.233333	0.200	-0.492437
0.236667	0.200	-0.496407
0.240000	0.200	-0.500422
0.243333	0.200	-0.503995
0.246667	0.200	-0.506632
0.250000	0.200	-0.508319
0.253333	0.200	-0.509967
0.256667	0.200	-0.512702
0.260000	0.200	-0.516766
0.263333	0.200	-0.521353
0.266667	0.200	-0.525542
0.270000	0.200	-0.529118
0.273333	0.200	-0.532364
0.276667	0.200	-0.535311
0.280000	0.200	-0.537464
0.283333	0.200	-0.537963
0.286667	0.200	-0.535806
0.290000	0.200	-0.530446
0.293333	0.200	-0.522628
0.296667	0.200	-0.514566
0.300000	0.200	-0.508737
0.303333	0.200	-0.506265
0.306667	0.200	-0.506688
0.310000	0.200	-0.508856
0.313333	0.200	-0.511831
0.316667	0.200	-0.515367
0.320000	0.200	-0.519602
0.323333	0.200	-0.524256
0.326667	0.200	-0.528610
0.330000	0.200	-0.532304
0.333333	0.200	-0.535507
0.336667	0.200	-0.538396
0.340000	0.200	-0.540927
0.343333	0.200	-0.542868
0.346667	0.200	-0.543895
0.350000	0.200	-0.544061
0.353333	0.200	-0.544254
0.356667	0.200	-0.545718
0.360000	0.200	-0.549106
0.363333	0.200	-0.554077
0.366667	0.200	-0.559482
0.370000	0.200	-0.563994
0.373333	0.200	-0.566825
0.376667	0.200	-0.568090
0.380000	0.200	-0.568760
0.383333	0.200	-0.570181
0.386667	0.200	-0.573252
0.390000	0.200	-0.577771
0.393333	0.200	-0.582457
0.396667	0.200	-0.585866
0.400000	0.200	-0.587668
0.403333	0.200	-0.589030
0.406667	0.200	-0.591523
0.410000	0.200	-0.595539
0.413333	0.200	-0.599880
0.416667	0.200	-0.603127
0.420000	0.200	-0.605046
0.423333	0.200	-0.606136
0.426667	0.200	-0.606722
0.430000	0.200	-0.607380
0.433333	0.200	-0.609128
0.436667	0.200	-0.612495
0.440000	0.200	-0.617211
0.443333	0.200	-0.622655
0.446667	0.200	-0.627914
0.450000	0.200	-0.631788
0.453333	0.200	-0.633538
0.456667	0.200	-0.633609
0.460000	0.200	-0.633185
0.463333	0.200	-0.633239
0.466667	0.200	-0.634063
0.470000	0.200	-0.635208
0.473333	0.200	-0.636032
0.476667	0.200	-0.636632
0.480000	0.200	-0.637934
0.483333	0.200	-0.640534
0.486667	0.200	-0.643967
0.490000	0.200	-0.647316
0.493333	0.200	-0.649902
0.496667	0.200	-0.651547
0.500000	0.200	-0.652768
0.503333	0.200	-0.654333
0.506667	0.200	-0.656370
0.510000	0.200	-0.658285
0.513333	0.200	-0.659595
0.516667	0.200	-0.660562
0.520000	0.200	-0.661977
0.523333	0.200	-0.664403
0.526667	0.200	-0.667679
0.530000	0.200	-0.671171
0.533333	0.200	-0.674057
0.536667	0.200	-0.675525
0.540000	0.200	-0.675458
0.543333	0.200	-0.674870
0.546667	0.200	-0.675160
0.550000	0.200	-0.676815
0.553333	0.200	-0.679034
0.556667	0.200	-0.680735
0.560000	0.200	-0.681523
0.563333	0.200	-0.681637
0.566667	0.200	-0.681586
0.570000	0.200	-0.681913
0.573333	0.200	-0.682864
0.576667	0.200	-0.684277
0.580000	0.200	-0.685947
0.583333	0.200	-0.688024
0.586667	0.200	-0.690816
0.590000	0.200	-0.694199
0.593333	0.200	-0.697600
0.596667	0.200	-0.700562
0.600000	0.200	-0.702888
0.603333	0.200	-0.704366
0.606667	0.200	-0.704920
0.610000	0.200	-0.704995
0.613333	0.200	-0.705370
0.616667	0.200	-0.706599
0.620000	0.200	-0.708705
0.623333	0.200	-0.711236
0.626667	0.200	-0.713468
0.630000	0.200	-0.714819
0.633333	0.200	-0.715405
0.636667	0.200	-0.715911
0.640000	0.200	-0.716884
0.643333	0.200	-0.718353
0.646667	0.200	-0.719958
0.650000	0.200	-0.721261
0.653333	0.200	-0.721954
0.656667	0.200	-0.721890
0.660000	0.200	-0.721244
0.663333	0.200	-0.720691
0.666667	0.200	-0.721133
0.670000	0.200	-0.722982
0.673333	0.200	-0.725750
0.676667	0.200	-0.728507
0.680000	0.200	-0.730680
0.683333	0.200	-0.732362
0.686667	0.200	-0.733978
0.690000	0.200	-0.735803
0.693333	0.200	-0.737862
0.696667	0.200	-0.739863
0.700000	0.200	-0.741145
0.703333	0.200	-0.741230
0.706667	0.200	-0.740356
0.710000	0.200	-0.739209
0.713333	0.200	-0.738109
0.716667	0.200	-0.736964
0.720000	0.200	-0.736172
0.723333	0.200	-0.736560
0.726667	0.200	-0.738248
0.730000	0.200	-0.740378
0.733333	0.200	-0.742036
0.736667	0.200	-0.743079
0.740000	0.200	-0.743903
0.743333	0.200	-0.744752
0.746667	0.200	-0.745510
0.750000	0.200	-0.746020
0.753333	0.200	-0.746398
0.756667	0.200	-0.746918
0.760000	0.200	-0.747718
0.763333	0.200	-0.748652
0.766667	0.200	-0.749312
0.770000	0.200	-0.749325
0.773333	0.200	-0.748698
0.776667	0.200	-0.747912
0.780000	0.200	-0.747609
0.783333	0.200	-0.748013
0.786667	0.200	-0.748941
0.790000	0.200	-0.750267
0.793333	0.200	-0.751938
0.796667	0.200	-0.753956
0.800000	0.200	-0.756390
0.803333	0.200	-0.758925
0.806667	0.200	-0.760978
0.810000	0.200	-0.762387
0.813333	0.200	-0.763508
0.816667	0.200	-0.764737
0.820000	0.200	-0.766176
0.823333	0.200	-0.767870
0.826667	0.200	-0.770153
0.830000	0.200	-0.773411
0.833333	0.200	-0.777679
0.836667	0.200	-0.782774
0.840000	0.200	-0.788551
0.843333	0.200	-0.794717
0.846667	0.200	-0.800871
0.850000	0.200	-0.806886
0.853333	0.200	-0.812729
0.856667	0.200	-0.817801
0.860000	0.200	-0.820751
0.863333	0.200	-0.820291
0.866667	0.200	-0.816185
0.870000	0.200	-0.808985
0.873333	0.200	-0.798694
0.876667	0.200	-0.783254
0.880000	0.200	-0.757121
0.883333	0.200	-0.711539
0.886667	0.200	-0.638667
0.890000	0.200	-0.537252
0.893333	0.200	-0.414571
0.896667	0.200	-0.283416
0.900000	0.200	-0.157566
0.903333	0.200	-0.048370
0.906667	0.200	0.037120
0.910000	0.200	0.096253
0.913333	0.200	0.129644
0.916667	0.200	0.140258
0.920000	0.200	0.132627
0.923333	0.200	0.111310
0.926667	0.200	0.079800
0.930000	0.200	0.041026
0.933333	0.200	-0.001925
0.936667	0.200	-0.045872
0.940000	0.200	-0.087757
0.943333	0.200	-0.124206
0.946667	0.200	-0.150817
0.950000	0.200	-0.162374
0.953333	0.200	-0.154457
0.956667	0.200	-0.125812
0.960000	0.200	-0.080283
0.963333	0.200	-0.026951
0.966667	0.200	0.021995
0.970000	0.200	0.054957
0.973333	0.200	0.064592
0.976667	0.200	0.049824
0.980000	0.200	0.015327
0.983333	0.200	-0.030984
0.986667	0.200	-0.080604
0.990000	0.200	-0.126560
0.993333	0.200	-0.165266
0.996667	0.200	-0.197297
1.000000	0.200	-0.226274
1.003333	0.200	-0.256562
1.006667	0.200	-0.291206
1.010000	0.200	-0.330700
1.013333	0.200	-0.372886
1.016667	0.200	-0.414318
1.020000	0.200	-0.451974
1.023333	0.200	-0.484136
1.026667	0.200	-0.510417
1.030000	0.200	-0.531346
1.033333	0.200	-0.548075
1.036667	0.200	-0.561959
1.040000	0.200	-0.573609
1.043333	0.200	-0.582530
1.046667	0.200	-0.588012
1.050000	0.200	-0.589742
1.053333	0.200	-0.587654
1.056667	0.200	-0.581709
1.060000	0.200	-0.571289
1.063333	0.200	-0.553935
1.066667	0.200	-0.523946
1.070000	0.200	-0.470677
1.073333	0.200	-0.375532
1.076667	0.200	-0.206451
1.080000	0.200	0.090599
1.083333	0.200	0.600889
1.086667	0.200	1.445715
1.090000	0.200	2.775844
1.093333	0.200	4.745954
1.096667	0.200	7.467459
1.100000	0.200	10.950383
1.103333	0.200	15.057598
1.106667	0.200	19.496427
1.110000	0.200	23.859831
1.113333	0.200	27.707658
1.116667	0.200	30.660110
1.120000	0.200	32.471449
1.123333	0.200	33.062744
1.126667	0.200	32.510654
1.130000	0.200	31.005046
1.133333	0.200	28.794126
1.136667	0.200	26.134158
1.140000	0.200	23.254237
1.143333	0.200	20.337952
1.146667	0.200	17.518519
1.150000	0.200	14.882627
1.153333	0.200	12.479087
1.156667	0.200	10.329350
1.160000	0.200	8.437152
1.163333	0.200	6.795698
1.166667	0.200	5.392316
1.170000	0.200	4.210714
1.173333	0.200	3.231257
1.176667	0.200	2.431101
1.180000	0.200	1.785650
1.183333	0.200	1.270335
1.186667	0.200	0.861942
1.190000	0.200	0.540151
1.193333	0.200	0.288928
1.196667	0.200	0.096979
1.200000	0.200	-0.042228
1.203333	0.200	-0.130364
1.206667	0.200	-0.164932
1.210000	0.200	-0.141840
1.213333	0.200	-0.060001
1.216667	0.200	0.073766
1.220000	0.200	0.242027
1.223333	0.200	0.417175
1.226667	0.200	0.565749
1.230000	0.200	0.656858
1.233333	0.200	0.671404
1.236667	0.200	0.607353
1.240000	0.200	0.478751
1.243333	0.200	0.309568
1.246667	0.200	0.126025
1.250000	0.200	-0.049280
1.253333	0.200	-0.200611
1.256667	0.200	-0.320305
1.260000	0.200	-0.407658
1.263333	0.200	-0.465346
1.266667	0.200	-0.495117
1.270000	0.200	-0.494641
1.273333	0.200	-0.456474
1.276667	0.200	-0.369476
1.280000	0.200	-0.223094
1.283333	0.200	-0.015209
1.286667	0.200	0.238722
1.290000	0.200	0.502314
1.293333	0.200	0.726521
1.296667	0.200	0.867520
1.300000	0.200	0.904799
1.303333	0.200	0.849151
1.306667	0.200	0.736836
1.310000	0.200	0.614174
1.313333	0.200	0.520600
1.316667	0.200	0.477592
1.320000	0.200	0.486498
1.323333	0.200	0.532963
1.326667	0.200	0.594386
1.330000	0.200	0.647836
1.333333	0.200	0.676152
1.336667	0.200	0.670569
1.340000	0.200	0.630396
1.343333	0.200	0.561226
1.346667	0.200	0.472167
1.350000	0.200	0.372619
1.353333	0.200	0.270028
1.356667	0.200	0.169267
1.360000	0.200	0.073002
1.363333	0.200	-0.017678
1.366667	0.200	-0.102471
1.370000	0.200	-0.181036
1.373333	0.200	-0.252638
1.376667	0.200	-0.316467
1.380000	0.200	-0.372245
1.383333	0.200	-0.420571
1.386667	0.200	-0.462526
1.390000	0.200	-0.498926
1.393333	0.200	-0.530139
1.396667	0.200	-0.556619
1.400000	0.200	-0.579312
1.403333	0.200	-0.599187
1.406667	0.200	-0.616531
1.410000	0.200	-0.631226
1.413333	0.200	-0.643700
1.416667	0.200	-0.655117
1.420000	0.200	-0.666452
1.423333	0.200	-0.677701
1.426667	0.200	-0.687966
1.430000	0.200	-0.696059
1.433333	0.200	-0.700499
1.436667	0.200	-0.698597
1.440000	0.200	-0.687134
1.443333	0.200	-0.665343
1.446667	0.200	-0.636352
1.450000	0.200	-0.605303
1.453333	0.200	-0.576460
1.456667	0.200	-0.551793
1.460000	0.200	-0.531752
1.463333	0.200	-0.516502
1.466667	0.200	-0.505984
1.470000	0.200	-0.499970
1.473333	0.200	-0.500492
1.476667	0.200	-0.514891
1.480000	0.200	-0.552376
1.483333	0.200	-0.614483
1.486667	0.200	-0.691189
1.490000	0.200	-0.767003
1.493333	0.200	-0.829213
1.496667	0.200	-0.871973
1.500000	0.200	-0.895969
1.503333	0.200	-0.905678
1.506667	0.200	-0.906396
1.510000	0.200	-0.902611
1.513333	0.200	-0.897523
1.516667	0.200	-0.892789
1.520000	0.200	-0.888793
1.523333	0.200	-0.885485
1.526667	0.200	-0.882924
1.530000	0.200	-0.881168
1.533333	0.200	-0.879759
1.536667	0.200	-0.877693
1.540000	0.200	-0.874312
1.543333	0.200	-0.869831
1.546667	0.200	-0.864857
1.550000	0.200	-0.860099
1.553333	0.200	-0.856538
1.556667	0.200	-0.855015
1.560000	0.200	-0.855651
1.563333	0.200	-0.857951
1.566667	0.200	-0.861090
1.570000	0.200	-0.864249
1.573333	0.200	-0.867202
1.576667	0.200	-0.870578
1.580000	0.200	-0.875369
1.583333	0.200	-0.881900
1.586667	0.200	-0.889382
1.590000	0.200	-0.896783
1.593333	0.200	-0.903543
1.596667	0.200	-0.909347
1.600000	0.200	-0.914032
1.603333	0.200	-0.917651
1.606667	0.200	-0.920403
1.610000	0.200	-0.922582
1.613333	0.200	-0.924406
1.616667	0.200	-0.926064
1.620000	0.200	-0.927787
1.623333	0.200	-0.929491
1.626667	0.200	-0.930820
1.630000	0.200	-0.931840
1.633333	0.200	-0.933094
1.636667	0.200	-0.934748
1.640000	0.200	-0.936433
1.643333	0.200	-0.937842
1.646667	0.200	-0.938798
1.650000	0.200	-0.939145
1.653333	0.200	-0.938870
1.656667	0.200	-0.938074
1.660000	0.200	-0.937011
1.663333	0.200	-0.935832
1.666667	0.200	-0.934219
1.670000	0.200	-0.931864
1.673333	0.200	-0.929070
1.676667	0.200	-0.926438
1.680000	0.200	-0.924215
1.683333	0.200	-0.922088
1.686667	0.200	-0.919528
1.690000	0.200	-0.916346
1.693333	0.200	-0.912862
1.696667	0.200	-0.909250
1.700000	0.200	-0.904961
1.703333	0.200	-0.898682
1.706667	0.200	-0.887091
1.710000	0.200	-0.863167
1.713333	0.200	-0.819444
1.716667	0.200	-0.755664
1.720000	0.200	-0.681180
1.723333	0.200	-0.609187
1.726667	0.200	-0.550129
1.730000	0.200	-0.509072
1.733333	0.200	-0.485962
1.736667	0.200	-0.477098
1.740000	0.200	-0.477090
1.743333	0.200	-0.480831
1.746667	0.200	-0.484738
1.750000	0.200	-0.486847
1.753333	0.200	-0.486554
1.756667	0.200	-0.484366
1.760000	0.200	-0.481111
1.763333	0.200	-0.477292
1.766667	0.200	-0.473292
1.770000	0.200	-0.469778
1.773333	0.200	-0.468123
1.776667	0.200	-0.470208
1.780000	0.200	-0.476609
1.783333	0.200	-0.485273
1.786667	0.200	-0.492639
1.790000	0.200	-0.495260
1.793333	0.200	-0.490423
1.796667	0.200	-0.476210
1.800000	0.200	-0.450807
1.803333	0.200	-0.411249
1.806667	0.200	-0.352625
1.810000	0.200	-0.267836
1.813333	0.200	-0.147765
1.816667	0.200	0.017092
1.820000	0.200	0.232820
1.823333	0.200	0.497192
1.826667	0.200	0.796887
1.830000	0.200	1.109316
1.833333	0.200	1.407735
1.836667	0.200	1.666455
1.840000	0.200	1.864803
1.843333	0.200	1.990452
1.846667	0.200	2.041318
1.850000	0.200	2.024413
1.853333	0.200	1.952748
1.856667	0.200	1.841817
1.860000	0.200	1.706118
1.863333	0.200	1.557511
1.866667	0.200	1.405853
1.870000	0.200	1.259426
1.873333	0.200	1.123951
1.876667	0.200	1.001376
1.880000	0.200	0.890001
1.883333	0.200	0.785617
1.886667	0.200	0.682659
1.890000	0.200	0.576909
1.893333	0.200	0.468733
1.896667	0.200	0.362369
1.900000	0.200	0.262505
1.903333	0.200	0.171882
1.906667	0.200	0.090465
1.910000	0.200	0.016531
1.913333	0.200	-0.051401
1.916667	0.200	-0.114027
1.920000	0.200	-0.171734
1.923333	0.200	-0.224787
1.926667	0.200	-0.273211
1.930000	0.200	-0.316362
1.933333	0.200	-0.352691
1.936667	0.200	-0.380972
1.940000	0.200	-0.402349
1.943333	0.200	-0.422515
1.946667	0.200	-0.452699
1.950000	0.200	-0.504569
1.953333	0.200	-0.580697
1.956667	0.200	-0.671436
1.960000	0.200	-0.761374
1.963333	0.200	-0.837585
1.966667	0.200	-0.893487
1.970000	0.200	-0.928148
1.973333	0.200	-0.943788
1.976667	0.200	-0.943538
1.980000	0.200	-0.930019
1.983333	0.200	-0.904468
1.986667	0.200	-0.866077
1.990000	0.200	-0.811914
1.993333	0.200	-0.737362
1.996667	0.200	-0.636578
2.000000	0.200	-0.503815
2.003333	0.200	-0.335662
2.006667	0.200	-0.132551
2.010000	0.200	0.100981
2.013333	0.200	0.356677
2.016667	0.200	0.623055
2.020000	0.200	0.885706
2.023333	0.200	1.127984
2.026667	0.200	1.332803
2.030000	0.200	1.485039
2.033333	0.200	1.573624
2.036667	0.200	1.592791
2.040000	0.200	1.542540
2.043333	0.200	1.428691
2.046667	0.200	1.262388
2.050000	0.200	1.058497
2.053333	0.200	0.832934
2.056667	0.200	0.600102
2.060000	0.200	0.371794
2.063333	0.200	0.157227
2.066667	0.200	-0.036874
2.070000	0.200	-0.206216
2.073333	0.200	-0.349084
2.076667	0.200	-0.466688
2.080000	0.200	-0.562422
2.083333	0.200	-0.640011
2.086667	0.200	-0.702772
2.090000	0.200	-0.753932
2.093333	0.200	-0.796219
2.096667	0.200	-0.831234
2.100000	0.200	-0.859715
2.103333	0.200	-0.882324
2.106667	0.200	-0.900115
2.110000	0.200	-0.914387
2.113333	0.200	-0.926348
2.116667	0.200	-0.936777
2.120000	0.200	-0.945843
2.123333	0.200	-0.953313
2.126667	0.200	-0.958819
2.130000	0.200	-0.962118
2.133333	0.200	-0.963533
2.136667	0.200	-0.963808
2.140000	0.200	-0.963465
2.143333	0.200	-0.962862
2.146667	0.200	-0.962639
2.150000	0.200	-0.963580
2.153333	0.200	-0.965810
2.156667	0.200	-0.968371
2.160000	0.200	-0.970010
2.163333	0.200	-0.970312
2.166667	0.200	-0.969839
2.170000	0.200	-0.969178
2.173333	0.200	-0.968056
2.176667	0.200	-0.965816
2.180000	0.200	-0.962492
2.183333	0.200	-0.958919
2.186667	0.200	-0.955886
2.190000	0.200	-0.953607
2.193333	0.200	-0.952023
2.196667	0.200	-0.951222
2.200000	0.200	-0.951300
2.203333	0.200	-0.952017
2.206667	0.200	-0.952783
2.210000	0.200	-0.952843
2.213333	0.200	-0.951401
2.216667	0.200	-0.947738
2.220000	0.200	-0.941507
2.223333	0.200	-0.933353
2.226667	0.200	-0.925046
2.230000	0.200	-0.918396
2.233333	0.200	-0.913865
2.236667	0.200	-0.910165
2.240000	0.200	-0.905147
2.243333	0.200	-0.896920
2.246667	0.200	-0.883803
2.250000	0.200	-0.863605
2.253333	0.200	-0.833603
2.256667	0.200	-0.791784
2.260000	0.200	-0.739274
2.263333	0.200	-0.682746
2.266667	0.200	-0.634518
2.270000	0.200	-0.608784
2.273333	0.200	-0.615470
2.276667	0.200	-0.655478
2.280000	0.200	-0.720328
2.283333	0.200	-0.796216
2.286667	0.200	-0.869335
2.290000	0.200	-0.929479
2.293333	0.200	-0.971612
2.296667	0.200	-0.995626
2.300000	0.200	-1.004634
2.303333	0.200	-1.003170
2.306667	0.200	-0.995905
2.310000	0.200	-0.986456
2.313333	0.200	-0.976777
2.316667	0.200	-0.967604
2.320000	0.200	-0.958975
2.323333	0.200	-0.950680
2.326667	0.200	-0.943044
2.330000	0.200	-0.937009
2.333333	0.200	-0.933134
2.336667	0.200	-0.930928
2.340000	0.200	-0.929425
2.343333	0.200	-0.928117
2.346667	0.200	-0.927135
2.350000	0.200	-0.926772
2.353333	0.200	-0.927016
2.356667	0.200	-0.927408
2.360000	0.200	-0.927225
2.363333	0.200	-0.925979
2.366667	0.200	-0.923949
2.370000	0.200	-0.922032
2.373333	0.200	-0.920762
2.376667	0.200	-0.919705
2.380000	0.200	-0.918164
2.383333	0.200	-0.916175
2.386667	0.200	-0.914298
2.390000	0.200	-0.912720
2.393333	0.200	-0.911257
2.396667	0.200	-0.909896
2.400000	0.200	-0.908870
2.403333	0.200	-0.908447
2.406667	0.200	-0.908607
2.410000	0.200	-0.908907
2.413333	0.200	-0.908957
2.416667	0.200	-0.908969
2.420000	0.200	-0.909673
2.423333	0.200	-0.911592
2.426667	0.200	-0.914553
2.430000	0.200	-0.917984
2.433333	0.200	-0.921337
2.436667	0.200	-0.924136
2.440000	0.200	-0.926079
2.443333	0.200	-0.927121
2.446667	0.200	-0.927264
2.450000	0.200	-0.926480
2.453333	0.200	-0.924918
2.456667	0.200	-0.923065
2.460000	0.200	-0.921508
2.463333	0.200	-0.920377
2.466667	0.200	-0.919310
2.470000	0.200	-0.917941
2.473333	0.200	-0.916114
2.476667	0.200	-0.914000
2.480000	0.200	-0.912037
2.483333	0.200	-0.910634
2.486667	0.200	-0.910162
2.490000	0.200	-0.910860
2.493333	0.200	-0.912323
2.496667	0.200	-0.913505
2.500000	0.200	-0.913409
2.503333	0.200	-0.911681
2.506667	0.200	-0.908815
2.510000	0.200	-0.905836
2.513333	0.200	-0.903418
2.516667	0.200	-0.901419
2.520000	0.200	-0.899351
2.523333	0.200	-0.896783
2.526667	0.200	-0.893427
2.530000	0.200	-0.889577
2.533333	0.200	-0.886200
2.536667	0.200	-0.884111
2.540000	0.200	-0.883585
2.543333	0.200	-0.884481
2.546667	0.200	-0.885985
2.550000	0.200	-0.887013
2.553333	0.200	-0.887112
2.556667	0.200	-0.886419
2.560000	0.200	-0.885247
2.563333	0.200	-0.883943
2.566667	0.200	-0.882604
2.570000	0.200	-0.881141
2.573333	0.200	-0.879841
2.576667	0.200	-0.879372
2.580000	0.200	-0.880017
2.583333	0.200	-0.881195
2.586667	0.200	-0.882031
2.590000	0.200	-0.882227
2.593333	0.200	-0.881976
2.596667	0.200	-0.881410
2.600000	0.200	-0.880791
2.603333	0.200	-0.880581
2.606667	0.200	-0.880716
2.610000	0.200	-0.880458
2.613333	0.200	-0.879199
2.616667	0.200	-0.876978
2.620000	0.200	-0.874366
2.623333	0.200	-0.872133
2.626667	0.200	-0.870806
2.630000	0.200	-0.870257
2.633333	0.200	-0.869717
2.636667	0.200	-0.868542
2.640000	0.200	-0.866866
2.643333	0.200	-0.865069
2.646667	0.200	-0.863265
2.650000	0.200	-0.861661
2.653333	0.200	-0.860596
2.656667	0.200	-0.860153
2.660000	0.200	-0.860240
2.663333	0.200	-0.860895
2.666667	0.200	-0.862248
2.670000	0.200	-0.864128
2.673333	0.200	-0.865940
2.676667	0.200	-0.867125
2.680000	0.200	-0.867328
2.683333	0.200	-0.866374
2.686667	0.200	-0.864579
2.690000	0.200	-0.862611
2.693333	0.200	-0.861038
2.696667	0.200	-0.860210
2.700000	0.200	-0.860142
2.703333	0.200	-0.860624
2.706667	0.200	-0.861666
2.710000	0.200	-0.863451
2.713333	0.200	-0.865675
2.716667	0.200	-0.867389
2.720000	0.200	-0.867987
2.723333	0.200	-0.868057
2.726667	0.200	-0.868685
2.730000	0.200	-0.870202
2.733333	0.200	-0.871917
2.736667	0.200	-0.872852
2.740000	0.200	-0.872659
2.743333	0.200	-0.871686
2.746667	0.200	-0.870399
2.750000	0.200	-0.869164
2.753333	0.200	-0.868112
2.756667	0.200	-0.867009
2.760000	0.200	-0.865626
2.763333	0.200	-0.864047
2.766667	0.200	-0.862375
2.770000	0.200	-0.860465
2.773333	0.200	-0.858125
2.776667	0.200	-0.855427
2.780000	0.200	-0.852883
2.783333	0.200	-0.851312
2.786667	0.200	-0.851214
2.790000	0.200	-0.852369
2.793333	0.200	-0.854119
2.796667	0.200	-0.855733
2.800000	0.200	-0.856910
2.803333	0.200	-0.858152
2.806667	0.200	-0.859924
2.810000	0.200	-0.861729
2.813333	0.200	-0.862783
2.816667	0.200	-0.863072
2.820000	0.200	-0.863115
2.823333	0.200	-0.863223
2.826667	0.200	-0.863494
2.830000	0.200	-0.863911
2.833333	0.200	-0.864258
2.836667	0.200	-0.864417
2.840000	0.200	-0.864463
2.843333	0.200	-0.864253
2.846667	0.200	-0.863456
2.850000	0.200	-0.862122
2.853333	0.200	-0.860686
2.856667	0.200	-0.859450
2.860000	0.200	-0.858367
2.863333	0.200	-0.857172
2.866667	0.200	-0.855676
2.870000	0.200	-0.854058
2.873333	0.200	-0.852695
2.876667	0.200	-0.851690
2.880000	0.200	-0.850878
2.883333	0.200	-0.850139
2.886667	0.200	-0.849230
2.890000	0.200	-0.847731
2.893333	0.200	-0.845654
2.896667	0.200	-0.843701
2.900000	0.200	-0.842461
2.903333	0.200	-0.841640
2.906667	0.200	-0.840693
2.910000	0.200	-0.839797
2.913333	0.200	-0.839356
2.916667	0.200	-0.839224
2.920000	0.200	-0.838968
2.923333	0.200	-0.838396
2.926667	0.200	-0.837593
2.930000	0.200	-0.836673
2.933333	0.200	-0.835703
2.936667	0.200	-0.834765
2.940000	0.200	-0.834117
2.943333	0.200	-0.834148
2.946667	0.200	-0.834851
2.950000	0.200	-0.835791
2.953333	0.200	-0.836678
2.956667	0.200	-0.837337
2.960000	0.200	-0.837355
2.963333	0.200	-0.836233
2.966667	0.200	-0.833969
2.970000	0.200	-0.831312
2.973333	0.200	-0.829015
2.976667	0.200	-0.826991
2.980000	0.200	-0.824743
2.983333	0.200	-0.822191
2.986667	0.200	-0.819579
2.990000	0.200	-0.817144
2.993333	0.200	-0.815070
2.996667	0.200	-0.813272
3.000000	0.200	-0.811553
3.003333	0.200	-0.810278
3.006667	0.200	-0.810071
3.010000	0.200	-0.810854
3.013333	0.200	-0.811840
3.016667	0.200	-0.812304
3.020000	0.200	-0.812195
3.023333	0.200	-0.812114
3.026667	0.200	-0.812450
3.030000	0.200	-0.812685
3.033333	0.200	-0.811939
3.036667	0.200	-0.810032
3.040000	0.200	-0.807719
3.043333	0.200	-0.806035
3.046667	0.200	-0.805725
3.050000	0.200	-0.807071
3.053333	0.200	-0.809605
3.056667	0.200	-0.812085
3.060000	0.200	-0.813304
3.063333	0.200	-0.813007
3.066667	0.200	-0.811821
3.070000	0.200	-0.810410
3.073333	0.200	-0.809059
3.076667	0.200	-0.807915
3.080000	0.200	-0.807028
3.083333	0.200	-0.806139
3.086667	0.200	-0.804895
3.090000	0.200	-0.803388
3.093333	0.200	-0.802241
3.096667	0.200	-0.801925
3.100000	0.200	-0.802056
3.103333	0.200	-0.801719
3.106667	0.200	-0.800434
3.110000	0.200	-0.798494
3.113333	0.200	-0.796361
3.116667	0.200	-0.794127
3.120000	0.200	-0.791916
3.123333	0.200	-0.790231
3.126667	0.200	-0.789343
3.130000	0.200	-0.789032
3.133333	0.200	-0.789101
3.136667	0.200	-0.789372
3.140000	0.200	-0.789343
3.143333	0.200	-0.788390
3.146667	0.200	-0.786050
3.150000	0.200	-0.782103
3.153333	0.200	-0.776917
3.156667	0.200	-0.771619
3.160000	0.200	-0.767378
3.163333	0.200	-0.764528
3.166667	0.200	-0.762595
3.170000	0.200	-0.760973
3.173333	0.200	-0.759341
3.176667	0.200	-0.757795
3.180000	0.200	-0.756880
3.183333	0.200	-0.756867
3.186667	0.200	-0.757021
3.190000	0.200	-0.756456
3.193333	0.200	-0.755395
3.196667	0.200	-0.754868
3.200000	0.200	-0.755577
3.203333	0.200	-0.757425
3.206667	0.200	-0.759850
3.210000	0.200	-0.762190
3.213333	0.200	-0.763882
3.216667	0.200	-0.764879
3.220000	0.200	-0.765782
3.223333	0.200	-0.767222
3.226667	0.200	-0.769161
3.230000	0.200	-0.770904
3.233333	0.200	-0.771892
3.236667	0.200	-0.772213
3.240000	0.200	-0.772198
3.243333	0.200	-0.772003
3.246667	0.200	-0.771569
3.250000	0.200	-0.770674
3.253333	0.200	-0.769187
3.256667	0.200	-0.767288
3.260000	0.200	-0.765272
3.263333	0.200	-0.763329
3.266667	0.200	-0.761441
3.270000	0.200	-0.759431
3.273333	0.200	-0.757265
3.276667	0.200	-0.755252
3.280000	0.200	-0.753810
3.283333	0.200	-0.753157
3.286667	0.200	-0.753243
3.290000	0.200	-0.753866
3.293333	0.200	-0.754727
3.296667	0.200	-0.755330
3.300000	0.200	-0.755189
3.303333	0.200	-0.754187
3.306667	0.200	-0.752562
3.310000	0.200	-0.750802
3.313333	0.200	-0.749600
3.316667	0.200	-0.749484
3.320000	0.200	-0.750322
3.323333	0.200	-0.751437
3.326667	0.200	-0.752242
3.330000	0.200	-0.752503
3.333333	0.200	-0.752159
3.336667	0.200	-0.751134
3.340000	0.200	-0.749219
3.343333	0.200	-0.745738
3.346667	0.200	-0.739338
3.350000	0.200	-0.728684
3.353333	0.200	-0.713566
3.356667	0.200	-0.695011
3.360000	0.200	-0.674679
3.363333	0.200	-0.654741
3.366667	0.200	-0.637720
3.370000	0.200	-0.625792
3.373333	0.200	-0.619934
3.376667	0.200	-0.619104
3.380000	0.200	-0.619941
3.383333	0.200	-0.617235
3.386667	0.200	-0.604422
3.390000	0.200	-0.573665
3.393333	0.200	-0.515665
3.396667	0.200	-0.419448
3.400000	0.200	-0.272928
3.403333	0.200	-0.064945
3.406667	0.200	0.211631
3.410000	0.200	0.556508
3.413333	0.200	0.959135
3.416667	0.200	1.398083
3.420000	0.200	1.843217
3.423333	0.200	2.259204
3.426667	0.200	2.609719
3.430000	0.200	2.862705
3.433333	0.200	2.995741
3.436667	0.200	2.999623
3.440000	0.200	2.878976
3.443333	0.200	2.650467
3.446667	0.200	2.339984
3.450000	0.200	1.978913
3.453333	0.200	1.599112
3.456667	0.200	1.227910
3.460000	0.200	0.885287
3.463333	0.200	0.583555
3.466667	0.200	0.328089
3.470000	0.200	0.118342
3.473333	0.200	-0.050237
3.476667	0.200	-0.183656
3.480000	0.200	-0.287896
3.483333	0.200	-0.368689
3.486667	0.200	-0.431430
3.490000	0.200	-0.481030
3.493333	0.200	-0.521547
3.496667	0.200	-0.555607
3.500000	0.200	-0.584451
3.503333	0.200	-0.608676
3.506667	0.200	-0.628886
3.510000	0.200	-0.645786
3.513333	0.200	-0.659971
3.516667	0.200	-0.671801
3.520000	0.200	-0.681410
3.523333	0.200	-0.688890
3.526667	0.200	-0.694478
3.530000	0.200	-0.698530
3.533333	0.200	-0.701571
3.536667	0.200	-0.704347
3.540000	0.200	-0.707599
3.543333	0.200	-0.711700
3.546667	0.200	-0.716238
3.550000	0.200	-0.719921
3.553333	0.200	-0.721537
3.556667	0.200	-0.721118
3.560000	0.200	-0.719666
3.563333	0.200	-0.718099
3.566667	0.200	-0.717005
3.570000	0.200	-0.716748
3.573333	0.200	-0.717222
3.576667	0.200	-0.718066
3.580000	0.200	-0.719290
3.583333	0.200	-0.721074
3.586667	0.200	-0.723035
3.590000	0.200	-0.724410
3.593333	0.200	-0.724862
3.596667	0.200	-0.724623
3.600000	0.200	-0.723988
3.603333	0.200	-0.723045
3.606667	0.200	-0.721704
3.610000	0.200	-0.719781
3.613333	0.200	-0.717307
3.616667	0.200	-0.714693
3.620000	0.200	-0.712363
3.623333	0.200	-0.710534
3.626667	0.200	-0.709495
3.630000	0.200	-0.709616
3.633333	0.200	-0.711048
3.636667	0.200	-0.713463
3.640000	0.200	-0.716051
3.643333	0.200	-0.717900
3.646667	0.200	-0.718450
3.650000	0.200	-0.717829
3.653333	0.200	-0.716767
3.656667	0.200	-0.715875
3.660000	0.200	-0.715226
3.663333	0.200	-0.714823
3.666667	0.200	-0.714794
3.670000	0.200	-0.714929
3.673333	0.200	-0.714844
3.676667	0.200	-0.714766
3.680000	0.200	-0.715301
3.683333	0.200	-0.716403
3.686667	0.200	-0.717174
3.690000	0.200	-0.716612
3.693333	0.200	-0.714404
3.696667	0.200	-0.711120
3.700000	0.200	-0.707761
3.703333	0.200	-0.705380
3.706667	0.200	-0.704808
3.710000	0.200	-0.706220
3.713333	0.200	-0.708934
3.716667	0.200	-0.711714
3.720000	0.200	-0.713317
3.723333	0.200	-0.713037
3.726667	0.200	-0.711085
3.730000	0.200	-0.708251
3.733333	0.200	-0.704625
3.736667	0.200	-0.698165
3.740000	0.200	-0.683992
3.743333	0.200	-0.653933
3.746667	0.200	-0.595289
3.750000	0.200	-0.489574
3.753333	0.200	-0.313981
3.756667	0.200	-0.047680
3.760000	0.200	0.318713
3.763333	0.200	0.775467
3.766667	0.200	1.292185
3.770000	0.200	1.823072
3.773333	0.200	2.316666
3.776667	0.200	2.726885
3.780000	0.200	3.022318
3.783333	0.200	3.190382
3.786667	0.200	3.235117
3.790000	0.200	3.171654
3.793333	0.200	3.021147
3.796667	0.200	2.807182
3.800000	0.200	2.552733
3.803333	0.200	2.277390
3.806667	0.200	1.995714
3.810000	0.200	1.717119
3.813333	0.200	1.447272
3.816667	0.200	1.190111
3.820000	0.200	0.948904
3.823333	0.200	0.726269
3.826667	0.200	0.524129
3.830000	0.200	0.343898
3.833333	0.200	0.186587
3.836667	0.200	0.052225
3.840000	0.200	-0.060814
3.843333	0.200	-0.155277
3.846667	0.200	-0.233917
3.850000	0.200	-0.298968
3.853333	0.200	-0.352104
3.856667	0.200	-0.394697
3.860000	0.200	-0.428282
3.863333	0.200	-0.454841
3.866667	0.200	-0.476556
3.870000	0.200	-0.495331
3.873333	0.200	-0.512590
3.876667	0.200	-0.529219
3.880000	0.200	-0.545551
3.883333	0.200	-0.561557
3.886667	0.200	-0.576737
3.890000	0.200	-0.589965
3.893333	0.200	-0.600352
3.896667	0.200	-0.608289
3.900000	0.200	-0.615126
3.903333	0.200	-0.622163
3.906667	0.200	-0.630014
3.910000	0.200	-0.638235
3.913333	0.200	-0.645707
3.916667	0.200	-0.651755
3.920000	0.200	-0.656469
3.923333	0.200	-0.659996
3.926667	0.200	-0.662284
3.930000	0.200	-0.663734
3.933333	0.200	-0.665197
3.936667	0.200	-0.666985
3.940000	0.200	-0.668677
3.943333	0.200	-0.669941
3.946667	0.200	-0.670976
3.950000	0.200	-0.672056
3.953333	0.200	-0.673090
3.956667	0.200	-0.673877
3.960000	0.200	-0.674315
3.963333	0.200	-0.674164
3.966667	0.200	-0.673151
3.970000	0.200	-0.671496
3.973333	0.200	-0.669880
3.976667	0.200	-0.668813
3.980000	0.200	-0.668223
3.983333	0.200	-0.667755
3.986667	0.200	-0.667352
3.990000	0.200	-0.667150
3.993333	0.200	-0.667065
3.996667	0.200	-0.666951
4.000000	0.200	-0.666694
4.003333	0.200	-0.666069
4.006667	0.200	-0.665027
4.010000	0.200	-0.663838
4.013333	0.200	-0.662732
4.016667	0.200	-0.661713
4.020000	0.200	-0.660948
4.023333	0.200	-0.660862
4.026667	0.200	-0.661545
4.030000	0.200	-0.662678
4.033333	0.200	-0.664027
4.036667	0.200	-0.665370
4.040000	0.200	-0.666314
4.043333	0.200	-0.666647
4.046667	0.200	-0.666431
4.050000	0.200	-0.665692
4.053333	0.200	-0.664281
4.056667	0.200	-0.662097
4.060000	0.200	-0.659323
4.063333	0.200	-0.656361
4.066667	0.200	-0.653644
4.070000	0.200	-0.651503
4.073333	0.200	-0.650153
4.076667	0.200	-0.649770
4.080000	0.200	-0.650225
4.083333	0.200	-0.650706
4.086667	0.200	-0.650150
4.090000	0.200	-0.648102
4.093333	0.200	-0.644979
4.096667	0.200	-0.641692
4.100000	0.200	-0.638958
4.103333	0.200	-0.636148
4.106667	0.200	-0.630724
4.110000	0.200	-0.618902
4.113333	0.200	-0.595562
4.116667	0.200	-0.555236
4.120000	0.200	-0.497088
4.123333	0.200	-0.428290
4.126667	0.200	-0.360675
4.130000	0.200	-0.304740
4.133333	0.200	-0.265990
4.136667	0.200	-0.244462
4.140000	0.200	-0.236298
4.143333	0.200	-0.236049
4.146667	0.200	-0.238832
4.150000	0.200	-0.241533
4.153333	0.200	-0.242949
4.156667	0.200	-0.243414
4.160000	0.200	-0.243675
4.163333	0.200	-0.243723
4.166667	0.200	-0.242940
4.170000	0.200	-0.240971
4.173333	0.200	-0.238230
4.176667	0.200	-0.235677
4.180000	0.200	-0.233928
4.183333	0.200	-0.232906
4.186667	0.200	-0.232606
4.190000	0.200	-0.233517
4.193333	0.200	-0.235940
4.196667	0.200	-0.239416
4.200000	0.200	-0.242906
4.203333	0.200	-0.245473
4.206667	0.200	-0.246846
4.210000	0.200	-0.247340
4.213333	0.200	-0.247448
4.216667	0.200	-0.247620
4.220000	0.200	-0.248078
4.223333	0.200	-0.248566
4.226667	0.200	-0.248420
4.230000	0.200	-0.247174
4.233333	0.200	-0.245063
4.236667	0.200	-0.242798
4.240000	0.200	-0.240978
4.243333	0.200	-0.239838
4.246667	0.200	-0.239360
4.250000	0.200	-0.239126
4.253333	0.200	-0.238359
4.256667	0.200	-0.236873
4.260000	0.200	-0.235476
4.263333	0.200	-0.234975
4.266667	0.200	-0.235528
4.270000	0.200	-0.236940
4.273333	0.200	-0.238817
4.276667	0.200	-0.240529
4.280000	0.200	-0.241444
4.283333	0.200	-0.241204
4.286667	0.200	-0.239804
4.290000	0.200	-0.237684
4.293333	0.200	-0.235673
4.296667	0.200	-0.234474
4.300000	0.200	-0.234043
4.303333	0.200	-0.233726
4.306667	0.200	-0.233106
4.310000	0.200	-0.232373
4.313333	0.200	-0.231981
4.316667	0.200	-0.232365
4.320000	0.200	-0.233760
4.323333	0.200	-0.235899
4.326667	0.200	-0.238042
4.330000	0.200	-0.239478
4.333333	0.200	-0.239938
4.336667	0.200	-0.239630
4.340000	0.200	-0.238999
4.343333	0.200	-0.238298
4.346667	0.200	-0.237335
4.350000	0.200	-0.235909
4.353333	0.200	-0.234451
4.356667	0.200	-0.233666
4.360000	0.200	-0.233520
4.363333	0.200	-0.233216
4.366667	0.200	-0.232399
4.370000	0.200	-0.232250
4.373333	0.200	-0.234652
4.376667	0.200	-0.239967
4.380000	0.200	-0.246375
4.383333	0.200	-0.251383
4.386667	0.200	-0.253431
4.390000	0.200	-0.252352
4.393333	0.200	-0.248999
4.396667	0.200	-0.244821
4.400000	0.200	-0.241386
4.403333	0.200	-0.239454
4.406667	0.200	-0.238678
4.410000	0.200	-0.238460
4.413333	0.200	-0.238292
4.416667	0.200	-0.237344
4.420000	0.200	-0.235016
4.423333	0.200	-0.231774
4.426667	0.200	-0.228544
4.430000	0.200	-0.225734
4.433333	0.200	-0.223309
4.436667	0.200	-0.221415
4.440000	0.200	-0.220858
4.443333	0.200	-0.222552
4.446667	0.200	-0.226134
4.450000	0.200	-0.229803
4.453333	0.200	-0.231489
4.456667	0.200	-0.230052
4.460000	0.200	-0.226142
4.463333	0.200	-0.221783
4.466667	0.200	-0.218745
4.470000	0.200	-0.217537
4.473333	0.200	-0.217551
4.476667	0.200	-0.217541
4.480000	0.200	-0.216356
4.483333	0.200	-0.213911
4.486667	0.200	-0.211285
4.490000	0.200	-0.209671
4.493333	0.200	-0.209359
4.496667	0.200	-0.209653
4.500000	0.200	-0.209772
4.503333	0.200	-0.209710
4.506667	0.200	-0.210015
4.510000	0.200	-0.210951
4.513333	0.200	-0.212088
4.516667	0.200	-0.212728
4.520000	0.200	-0.212625
4.523333	0.200	-0.212291
4.526667	0.200	-0.214394
4.530000	0.200	-0.226715
4.533333	0.200	-0.259859
4.536667	0.200	-0.317640
4.540000	0.200	-0.391657
4.543333	0.200	-0.466635
4.546667	0.200	-0.529436
4.550000	0.200	-0.573922
4.553333	0.200	-0.600401
4.556667	0.200	-0.612876
4.560000	0.200	-0.616441
4.563333	0.200	-0.615309
4.566667	0.200	-0.612038
4.570000	0.200	-0.607976
4.573333	0.200	-0.603910
4.576667	0.200	-0.600097
4.580000	0.200	-0.596329
4.583333	0.200	-0.592705
4.586667	0.200	-0.589869
4.590000	0.200	-0.588109
4.593333	0.200	-0.586939
4.596667	0.200	-0.585776
4.600000	0.200	-0.584507
4.603333	0.200	-0.583216
4.606667	0.200	-0.581278
4.610000	0.200	-0.577315
4.613333	0.200	-0.570647
4.616667	0.200	-0.561602
4.620000	0.200	-0.550079
4.623333	0.200	-0.535605
4.626667	0.200	-0.518903
4.630000	0.200	-0.502205
4.633333	0.200	-0.487691
4.636667	0.200	-0.475972
4.640000	0.200	-0.466492
4.643333	0.200	-0.458611
4.646667	0.200	-0.451080
4.650000	0.200	-0.440209
4.653333	0.200	-0.419545
4.656667	0.200	-0.383724
4.660000	0.200	-0.333690
4.663333	0.200	-0.277246
4.666667	0.200	-0.224497
4.670000	0.200	-0.182763
4.673333	0.200	-0.154429
4.676667	0.200	-0.137885
4.680000	0.200	-0.129687
4.683333	0.200	-0.126422
4.686667	0.200	-0.125635
4.690000	0.200	-0.125713
4.693333	0.200	-0.125664
4.696667	0.200	-0.125269
4.700000	0.200	-0.124799
4.703333	0.200	-0.124382
4.706667	0.200	-0.123939
4.710000	0.200	-0.123471
4.713333	0.200	-0.123007
4.716667	0.200	-0.122496
4.720000	0.200	-0.122019
4.723333	0.200	-0.121664
4.726667	0.200	-0.121198
4.730000	0.200	-0.120251
4.733333	0.200	-0.118540
4.736667	0.200	-0.115868
4.740000	0.200	-0.112476
4.743333	0.200	-0.109209
4.746667	0.200	-0.106717
4.750000	0.200	-0.105006
4.753333	0.200	-0.104100
4.756667	0.200	-0.104668
4.760000	0.200	-0.107822
4.763333	0.200	-0.114011
4.766667	0.200	-0.121934
4.770000	0.200	-0.129210
4.773333	0.200	-0.134229
4.776667	0.200	-0.136885
4.780000	0.200	-0.137859
4.783333	0.200	-0.137939
4.786667	0.200	-0.137837
4.790000	0.200	-0.138017
4.793333	0.200	-0.138584
4.796667	0.200	-0.139191
4.800000	0.200	-0.139144
4.803333	0.200	-0.137862
4.806667	0.200	-0.135011
4.810000	0.200	-0.130271
4.813333	0.200	-0.123429
4.816667	0.200	-0.114918
4.820000	0.200	-0.105831
4.823333	0.200	-0.096780
4.826667	0.200	-0.087237
4.830000	0.200	-0.076616
4.833333	0.200	-0.065413
4.836667	0.200	-0.055094
4.840000	0.200	-0.047211
4.843333	0.200	-0.042065
4.846667	0.200	-0.038276
4.850000	0.200	-0.034231
4.853333	0.200	-0.029243
4.856667	0.200	-0.023094
4.860000	0.200	-0.016561
4.863333	0.200	-0.014545
4.866667	0.200	-0.027013
4.870000	0.200	-0.062530
4.873333	0.200	-0.119960
4.876667	0.200	-0.188134
4.880000	0.200	-0.252775
4.883333	0.200	-0.303375
4.886667	0.200	-0.336357
4.890000	0.200	-0.354213
4.893333	0.200	-0.362133
4.896667	0.200	-0.365403
4.900000	0.200	-0.368606
4.903333	0.200	-0.374813
4.906667	0.200	-0.384585
4.910000	0.200	-0.396575
4.913333	0.200	-0.409517
4.916667	0.200	-0.423404
4.920000	0.200	-0.438766
4.923333	0.200	-0.455323
4.926667	0.200	-0.471759
4.930000	0.200	-0.486695
4.933333	0.200	-0.499551
4.936667	0.200	-0.510537
4.940000	0.200	-0.520110
4.943333	0.200	-0.528452
4.946667	0.200	-0.535296
4.950000	0.200	-0.540219
4.953333	0.200	-0.543191
4.956667	0.200	-0.544667
4.960000	0.200	-0.545015
4.963333	0.200	-0.544228
4.966667	0.200	-0.542311
4.970000	0.200	-0.539607
4.973333	0.200	-0.536514
4.976667	0.200	-0.533141
4.980000	0.200	-0.529662
4.983333	0.200	-0.526586
4.986667	0.200	-0.524189
4.990000	0.200	-0.522064
4.993333	0.200	-0.519652
4.996667	0.200	-0.516766
5.000000	0.200	-0.513384
5.003333	0.200	-0.509496
5.006667	0.200	-0.505097
5.010000	0.200	-0.499765
5.013333	0.200	-0.492051
5.016667	0.200	-0.478943
5.020000	0.200	-0.455904
5.023333	0.200	-0.417960
5.026667	0.200	-0.360725
5.030000	0.200	-0.280237
5.033333	0.200	-0.172665
5.036667	0.200	-0.034992
5.040000	0.200	0.133810
5.043333	0.200	0.331815
5.046667	0.200	0.553894
5.050000	0.200	0.791901
5.053333	0.200	1.034638
5.056667	0.200	1.268048
5.060000	0.200	1.476513
5.063333	0.200	1.645521
5.066667	0.200	1.764224
5.070000	0.200	1.826001
5.073333	0.200	1.828026
5.076667	0.200	1.771540
5.080000	0.200	1.662280
5.083333	0.200	1.510114
5.086667	0.200	1.327597
5.090000	0.200	1.127885
5.093333	0.200	0.923107
5.096667	0.200	0.723399
5.100000	0.200	0.536366
5.103333	0.200	0.367068
5.106667	0.200	0.218447
5.110000	0.200	0.091913
5.113333	0.200	-0.012462
5.116667	0.200	-0.096075
5.120000	0.200	-0.161377
5.123333	0.200	-0.211043
5.126667	0.200	-0.247491
5.130000	0.200	-0.272778
5.133333	0.200	-0.288837
5.136667	0.200	-0.297719
5.140000	0.200	-0.301447
5.143333	0.200	-0.302143
5.146667	0.200	-0.302475
5.150000	0.200	-0.305185
5.153333	0.200	-0.312322
5.156667	0.200	-0.324990
5.160000	0.200	-0.342772
5.163333	0.200	-0.363483
5.166667	0.200	-0.384297
5.170000	0.200	-0.403021
5.173333	0.200	-0.418400
5.176667	0.200	-0.430128
5.180000	0.200	-0.438926
5.183333	0.200	-0.445971
5.186667	0.200	-0.451847
5.190000	0.200	-0.456420
5.193333	0.200	-0.459483
5.196667	0.200	-0.461125
5.200000	0.200	-0.461845
5.203333	0.200	-0.462270
5.206667	0.200	-0.462430
5.210000	0.200	-0.461636
5.213333	0.200	-0.459200
5.216667	0.200	-0.454923
5.220000	0.200	-0.449164
5.223333	0.200	-0.442839
5.226667	0.200	-0.436853
5.230000	0.200	-0.431302
5.233333	0.200	-0.425479
5.236667	0.200	-0.418356
5.240000	0.200	-0.408093
5.243333	0.200	-0.389958
5.246667	0.200	-0.353499
5.250000	0.200	-0.280049
5.253333	0.200	-0.142072
5.256667	0.200	0.094108
5.260000	0.200	0.462186
5.263333	0.200	0.986400
5.266667	0.200	1.669459
5.270000	0.200	2.482025
5.273333	0.200	3.358983
5.276667	0.200	4.205900
5.280000	0.200	4.915816
5.283333	0.200	5.392145
5.286667	0.200	5.570956
5.290000	0.200	5.435788
5.293333	0.200	5.019869
5.296667	0.200	4.395475
5.300000	0.200	3.655330
5.303333	0.200	2.892074
5.306667	0.200	2.180736
5.310000	0.200	1.568485
5.313333	0.200	1.073990
5.316667	0.200	0.694182
5.320000	0.200	0.413376
5.323333	0.200	0.210891
5.326667	0.200	0.066001
5.330000	0.200	-0.039100
5.333333	0.200	-0.117585
5.336667	0.200	-0.177849
5.340000	0.200	-0.224776
5.343333	0.200	-0.261067
5.346667	0.200	-0.288000
5.350000	0.200	-0.306398
5.353333	0.200	-0.317760
5.356667	0.200	-0.324366
5.360000	0.200	-0.328390
5.363333	0.200	-0.331236
5.366667	0.200	-0.333714
5.370000	0.200	-0.336348
5.373333	0.200	-0.339279
5.376667	0.200	-0.342449
5.380000	0.200	-0.345922
5.383333	0.200	-0.349505
5.386667	0.200	-0.352454
5.390000	0.200	-0.353983
5.393333	0.200	-0.353904
5.396667	0.200	-0.352838
5.400000	0.200	-0.351793
5.403333	0.200	-0.351419
5.406667	0.200	-0.351770
5.410000	0.200	-0.352573
5.413333	0.200	-0.353650
5.416667	0.200	-0.355107
5.420000	0.200	-0.357153
5.423333	0.200	-0.359984
5.426667	0.200	-0.363649
5.430000	0.200	-0.367636
5.433333	0.200	-0.370967
5.436667	0.200	-0.373012
5.440000	0.200	-0.373956
5.443333	0.200	-0.374438
5.446667	0.200	-0.374843
5.450000	0.200	-0.374844
5.453333	0.200	-0.373685
5.456667	0.200	-0.370974
5.460000	0.200	-0.367105
5.463333	0.200	-0.362707
5.466667	0.200	-0.358089
5.470000	0.200	-0.353633
5.473333	0.200	-0.349969
5.476667	0.200	-0.347346
5.480000	0.200	-0.345464
5.483333	0.200	-0.343802
5.486667	0.200	-0.341667
5.490000	0.200	-0.338418
5.493333	0.200	-0.333827
5.496667	0.200	-0.327677
5.500000	0.200	-0.319025
5.503333	0.200	-0.306176
5.506667	0.200	-0.287339
5.510000	0.200	-0.261318
5.513333	0.200	-0.227966
5.516667	0.200	-0.188732
5.520000	0.200	-0.147046
5.523333	0.200	-0.107693
5.526667	0.200	-0.075381
5.530000	0.200	-0.053664
5.533333	0.200	-0.044554
5.536667	0.200	-0.048439
5.540000	0.200	-0.064146
5.543333	0.200	-0.089098
5.546667	0.200	-0.119764
5.550000	0.200	-0.152590
5.553333	0.200	-0.184913
5.556667	0.200	-0.215039
5.560000	0.200	-0.241529
5.563333	0.200	-0.262940
5.566667	0.200	-0.278472
5.570000	0.200	-0.288322
5.573333	0.200	-0.293179
5.576667	0.200	-0.293554
5.580000	0.200	-0.289395
5.583333	0.200	-0.280039
5.586667	0.200	-0.264413
5.590000	0.200	-0.241246
5.593333	0.200	-0.209073
5.596667	0.200	-0.166234
5.600000	0.200	-0.110957
5.603333	0.200	-0.041206
5.606667	0.200	0.045738
5.610000	0.200	0.153548
5.613333	0.200	0.286575
5.616667	0.200	0.448881
5.620000	0.200	0.642682
5.623333	0.200	0.866956
5.626667	0.200	1.117099
5.630000	0.200	1.385065
5.633333	0.200	1.659750
5.636667	0.200	1.928171
5.640000	0.200	2.177050
5.643333	0.200	2.394244
5.646667	0.200	2.569481
5.650000	0.200	2.694302
5.653333	0.200	2.762205
5.656667	0.200	2.769467
5.660000	0.200	2.716173
5.663333	0.200	2.606792
5.666667	0.200	2.449731
5.670000	0.200	2.255940
5.673333	0.200	2.037014
5.676667	0.200	1.803747
5.680000	0.200	1.565713
5.683333	0.200	1.331281
5.686667	0.200	1.107560
5.690000	0.200	0.900179
5.693333	0.200	0.712908
5.696667	0.200	0.547484
5.700000	0.200	0.403833
5.703333	0.200	0.280482
5.706667	0.200	0.175223
5.710000	0.200	0.086043
5.713333	0.200	0.011376
5.716667	0.200	-0.050430
5.720000	0.200	-0.101298
5.723333	0.200	-0.142979
5.726667	0.200	-0.176740
5.730000	0.200	-0.203661
5.733333	0.200	-0.225064
5.736667	0.200	-0.242219
5.740000	0.200	-0.255686
5.743333	0.200	-0.265503
5.746667	0.200	-0.272067
5.750000	0.200	-0.276364
5.753333	0.200	-0.279489
5.756667	0.200	-0.282366
5.760000	0.200	-0.285561
5.763333	0.200	-0.289128
5.766667	0.200	-0.292825
5.770000	0.200	-0.296138
5.773333	0.200	-0.298282
5.776667	0.200	-0.298799
5.780000	0.200	-0.298034
5.783333	0.200	-0.296711
5.786667	0.200	-0.295249
5.790000	0.200	-0.293701
5.793333	0.200	-0.291991
5.796667	0.200	-0.289996
5.800000	0.200	-0.287553
5.803333	0.200	-0.284533
5.806667	0.200	-0.281015
5.810000	0.200	-0.277183
5.813333	0.200	-0.272967
5.816667	0.200	-0.268082
5.820000	0.200	-0.262442
5.823333	0.200	-0.256317
5.826667	0.200	-0.250099
5.830000	0.200	-0.243981
5.833333	0.200	-0.237854
5.836667	0.200	-0.231598
5.840000	0.200	-0.225362
5.843333	0.200	-0.219485
5.846667	0.200	-0.214546
5.850000	0.200	-0.211402
5.853333	0.200	-0.210648
5.856667	0.200	-0.212207
5.860000	0.200	-0.215526
5.863333	0.200	-0.219926
5.866667	0.200	-0.224913
5.870000	0.200	-0.230065
5.873333	0.200	-0.234729
5.876667	0.200	-0.238404
5.880000	0.200	-0.241189
5.883333	0.200	-0.243524
5.886667	0.200	-0.245843
5.890000	0.200	-0.248383
5.893333	0.200	-0.251111
5.896667	0.200	-0.253858
5.900000	0.200	-0.256283
5.903333	0.200	-0.257826
5.906667	0.200	-0.258103
5.910000	0.200	-0.257374
5.913333	0.200	-0.256296
5.916667	0.200	-0.254793
5.920000	0.200	-0.251378
5.923333	0.200	-0.244001
5.926667	0.200	-0.231449
5.930000	0.200	-0.213865
5.933333	0.200	-0.192384
5.936667	0.200	-0.168582
5.940000	0.200	-0.144176
5.943333	0.200	-0.120861
5.946667	0.200	-0.100259
5.950000	0.200	-0.084040
5.953333	0.200	-0.073696
5.956667	0.200	-0.069994
5.960000	0.200	-0.072900
5.963333	0.200	-0.081711
5.966667	0.200	-0.095069
5.970000	0.200	-0.111322
5.973333	0.200	-0.129130
5.976667	0.200	-0.147778
5.980000	0.200	-0.166771
5.983333	0.200	-0.185149
5.986667	0.200	-0.201500
5.990000	0.200	-0.214510
5.993333	0.200	-0.223567
5.996667	0.200	-0.229238
6.000000	0.200	-0.232843
6.003333	0.200	-0.235202
6.006667	0.200	-0.236305
6.010000	0.200	-0.236070
6.013333	0.200	-0.234851
6.016667	0.200	-0.233344
6.020000	0.200	-0.232089
6.023333	0.200	-0.231095
6.026667	0.200	-0.230177
6.030000	0.200	-0.229239
6.033333	0.200	-0.228207
6.036667	0.200	-0.227153
6.040000	0.200	-0.226363
6.043333	0.200	-0.226013
6.046667	0.200	-0.225799
6.050000	0.200	-0.225004
6.053333	0.200	-0.223219
6.056667	0.200	-0.220956
6.060000	0.200	-0.219238
6.063333	0.200	-0.218581
6.066667	0.200	-0.218762
6.070000	0.200	-0.219567
6.073333	0.200	-0.221140
6.076667	0.200	-0.223245
6.080000	0.200	-0.224740
6.083333	0.200	-0.224465
6.086667	0.200	-0.222445
6.090000	0.200	-0.219665
6.093333	0.200	-0.216878
6.096667	0.200	-0.214031
6.100000	0.200	-0.210386
6.103333	0.200	-0.204598
6.106667	0.200	-0.195178
6.110000	0.200	-0.181353
6.113333	0.200	-0.163355
6.116667	0.200	-0.142231
6.120000	0.200	-0.119769
6.123333	0.200	-0.098216
6.126667	0.200	-0.079551
6.130000	0.200	-0.065037
6.133333	0.200	-0.055365
6.136667	0.200	-0.051011
6.140000	0.200	-0.052331
6.143333	0.200	-0.059298
6.146667	0.200	-0.071281
6.150000	0.200	-0.086951
6.153333	0.200	-0.104367
6.156667	0.200	-0.121550
6.160000	0.200	-0.137260
6.163333	0.200	-0.151166
6.166667	0.200	-0.163339
6.170000	0.200	-0.173984
6.173333	0.200	-0.183385
6.176667	0.200	-0.191268
6.180000	0.200	-0.196768
6.183333	0.200	-0.199598
6.186667	0.200	-0.200532
6.190000	0.200	-0.200860
6.193333	0.200	-0.201670
6.196667	0.200	-0.203162
6.200000	0.200	-0.204787
6.203333	0.200	-0.206033
6.206667	0.200	-0.206550
6.210000	0.200	-0.206013
6.213333	0.200	-0.204530
6.216667	0.200	-0.202846
6.220000	0.200	-0.201852
6.223333	0.200	-0.201964
6.226667	0.200	-0.203060
6.230000	0.200	-0.204719
6.233333	0.200	-0.206239
6.236667	0.200	-0.206699
6.240000	0.200	-0.205424
6.243333	0.200	-0.202581
6.246667	0.200	-0.199206
6.250000	0.200	-0.196326
6.253333	0.200	-0.194045
6.256667	0.200	-0.191551
6.260000	0.200	-0.187902
6.263333	0.200	-0.182580
6.266667	0.200	-0.175224
6.270000	0.200	-0.165175
6.273333	0.200	-0.151640
6.276667	0.200	-0.134434
6.280000	0.200	-0.114532
6.283333	0.200	-0.093612
6.286667	0.200	-0.072847
6.290000	0.200	-0.052436
6.293333	0.200	-0.032194
6.296667	0.200	-0.011975
6.300000	0.200	0.008027
6.303333	0.200	0.026760
6.306667	0.200	0.042405
6.310000	0.200	0.053233
6.313333	0.200	0.058560
6.316667	0.200	0.058986
6.320000	0.200	0.055530
6.323333	0.200	0.048682
6.326667	0.200	0.038262
6.330000	0.200	0.023796
6.333333	0.200	0.005549
6.336667	0.200	-0.014619
6.340000	0.200	-0.034061
6.343333	0.200	-0.050913
6.346667	0.200	-0.064861
6.350000	0.200	-0.076732
6.353333	0.200	-0.087314
6.356667	0.200	-0.096769
6.360000	0.200	-0.105210
6.363333	0.200	-0.113242
6.366667	0.200	-0.121539
6.370000	0.200	-0.130174
6.373333	0.200	-0.138547
6.376667	0.200	-0.145656
6.380000	0.200	-0.150501
6.383333	0.200	-0.152751
6.386667	0.200	-0.153214
6.390000	0.200	-0.153121
6.393333	0.200	-0.152598
6.396667	0.200	-0.150470
6.400000	0.200	-0.145907
6.403333	0.200	-0.139425
6.406667	0.200	-0.130319
6.410000	0.200	-0.112363
6.413333	0.200	-0.075890
6.416667	0.200	-0.017502
6.420000	0.200	0.054748
6.423333	0.200	0.126753
6.426667	0.200	0.186614
6.430000	0.200	0.228847
6.433333	0.200	0.254053
6.436667	0.200	0.266261
6.440000	0.200	0.270257
6.443333	0.200	0.269960
6.446667	0.200	0.267776
6.450000	0.200	0.264794
6.453333	0.200	0.261642
6.456667	0.200	0.259072
6.460000	0.200	0.257547
6.463333	0.200	0.256715
6.466667	0.200	0.255906
6.470000	0.200	0.255127
6.473333	0.200	0.255110
6.476667	0.200	0.256398
6.480000	0.200	0.258803
6.483333	0.200	0.261753
6.486667	0.200	0.265075
6.490000	0.200	0.269339
6.493333	0.200	0.275305
6.496667	0.200	0.282934
6.500000	0.200	0.291155
6.503333	0.200	0.298689
6.506667	0.200	0.304625
6.510000	0.200	0.308636
6.513333	0.200	0.311146
6.516667	0.200	0.312696
6.520000	0.200	0.313267
6.523333	0.200	0.312680
6.526667	0.200	0.311075
6.530000	0.200	0.308534
6.533333	0.200	0.304605
6.536667	0.200	0.298730
6.540000	0.200	0.291164
6.543333	0.200	0.283048
6.546667	0.200	0.275585
6.550000	0.200	0.269524
6.553333	0.200	0.265125
6.556667	0.200	0.262078
6.560000	0.200	0.259630
6.563333	0.200	0.257379
6.566667	0.200	0.255768
6.570000	0.200	0.255149
6.573333	0.200	0.255011
6.576667	0.200	0.254874
6.580000	0.200	0.255197
6.583333	0.200	0.256592
6.586667	0.200	0.258801
6.590000	0.200	0.261107
6.593333	0.200	0.262957
6.596667	0.200	0.263723
6.600000	0.200	0.262742
6.603333	0.200	0.259816
6.606667	0.200	0.255364
6.610000	0.200	0.250303
6.613333	0.200	0.245844
6.616667	0.200	0.243107
6.620000	0.200	0.242651
6.623333	0.200	0.244211
6.626667	0.200	0.246960
6.630000	0.200	0.250214
6.633333	0.200	0.253522
6.636667	0.200	0.256108
6.640000	0.200	0.257003
6.643333	0.200	0.255945
6.646667	0.200	0.253676
6.650000	0.200	0.251293
6.653333	0.200	0.249726
6.656667	0.200	0.249523
6.660000	0.200	0.250416
6.663333	0.200	0.251504
6.666667	0.200	0.252197
6.670000	0.200	0.252512
6.673333	0.200	0.252811
6.676667	0.200	0.253585
6.680000	0.200	0.254966
6.683333	0.200	0.256499
6.686667	0.200	0.257517
6.690000	0.200	0.257452
6.693333	0.200	0.256168
6.696667	0.200	0.254300
6.700000	0.200	0.252885
6.703333	0.200	0.252509
6.706667	0.200	0.252979
6.710000	0.200	0.253587
6.713333	0.200	0.253649
6.716667	0.200	0.253010
6.720000	0.200	0.252003
6.723333	0.200	0.251138
6.726667	0.200	0.251098
6.730000	0.200	0.252561
6.733333	0.200	0.255762
6.736667	0.200	0.260466
6.740000	0.200	0.266243
6.743333	0.200	0.272952
6.746667	0.200	0.280996
6.750000	0.200	0.290470
6.753333	0.200	0.300410
6.756667	0.200	0.309546
6.760000	0.200	0.317535
6.763333	0.200	0.325173
6.766667	0.200	0.333290
6.770000	0.200	0.341680
6.773333	0.200	0.349360
6.776667	0.200	0.355410
6.780000	0.200	0.359356
6.783333	0.200	0.361028
6.786667	0.200	0.360295
6.790000	0.200	0.357104
6.793333	0.200	0.351624
6.796667	0.200	0.344233
6.800000	0.200	0.335468
6.803333	0.200	0.325843
6.806667	0.200	0.315895
6.810000	0.200	0.306547
6.813333	0.200	0.298828
6.816667	0.200	0.293009
6.820000	0.200	0.288494
6.823333	0.200	0.284562
6.826667	0.200	0.280954
6.830000	0.200	0.277931
6.833333	0.200	0.275817
6.836667	0.200	0.274630
6.840000	0.200	0.274072
6.843333	0.200	0.273533
6.846667	0.200	0.272515
6.850000	0.200	0.271070
6.853333	0.200	0.269377
6.856667	0.200	0.267403
6.860000	0.200	0.265292
6.863333	0.200	0.263627
6.866667	0.200	0.263034
6.870000	0.200	0.263621
6.873333	0.200	0.264873
6.876667	0.200	0.265980
6.880000	0.200	0.266464
6.883333	0.200	0.266616
6.886667	0.200	0.267202
6.890000	0.200	0.268931
6.893333	0.200	0.272412
6.896667	0.200	0.278448
6.900000	0.200	0.288452
6.903333	0.200	0.304605
6.906667	0.200	0.329423
6.910000	0.200	0.365362
6.913333	0.200	0.415274
6.916667	0.200	0.483138
6.920000	0.200	0.573712
6.923333	0.200	0.691324
6.926667	0.200	0.838909
6.930000	0.200	1.017376
6.933333	0.200	1.224990
6.936667	0.200	1.456819
6.940000	0.200	1.704465
6.943333	0.200	1.956484
6.946667	0.200	2.199550
6.950000	0.200	2.419961
6.953333	0.200	2.605037
6.956667	0.200	2.744190
6.960000	0.200	2.829712
6.963333	0.200	2.857466
6.966667	0.200	2.827332
6.970000	0.200	2.742805
6.973333	0.200	2.610342
6.976667	0.200	2.439285
6.980000	0.200	2.241342
6.983333	0.200	2.028888
6.986667	0.200	1.813147
6.990000	0.200	1.603298
6.993333	0.200	1.406405
6.996667	0.200	1.227459
7.000000	0.200	1.069156
7.003333	0.200	0.931957
7.006667	0.200	0.814954
7.010000	0.200	0.716752
7.013333	0.200	0.635655
7.016667	0.200	0.569619
7.020000	0.200	0.516404
7.023333	0.200	0.473740
7.026667	0.200	0.439388
7.030000	0.200	0.411281
7.033333	0.200	0.387849
7.036667	0.200	0.368185
7.040000	0.200	0.351788
7.043333	0.200	0.338157
7.046667	0.200	0.326448
7.050000	0.200	0.315681
7.053333	0.200	0.305592
7.056667	0.200	0.296871
7.060000	0.200	0.290339
7.063333	0.200	0.286081
7.066667	0.200	0.283609
7.070000	0.200	0.282702
7.073333	0.200	0.283313
7.076667	0.200	0.284712
7.080000	0.200	0.285679
7.083333	0.200	0.285419
7.086667	0.200	0.283979
7.090000	0.200	0.282140
7.093333	0.200	0.280807
7.096667	0.200	0.280232
7.100000	0.200	0.279854
7.103333	0.200	0.278759
7.106667	0.200	0.276401
7.110000	0.200	0.273348
7.113333	0.200	0.271099
7.116667	0.200	0.270614
7.120000	0.200	0.271362
7.123333	0.200	0.272120
7.126667	0.200	0.272184
7.130000	0.200	0.271583
7.133333	0.200	0.270489
7.136667	0.200	0.268794
7.140000	0.200	0.266420
7.143333	0.200	0.263739
7.146667	0.200	0.261369
7.150000	0.200	0.259664
7.153333	0.200	0.258678
7.156667	0.200	0.258405
7.160000	0.200	0.258718
7.163333	0.200	0.259321
7.166667	0.200	0.260023
7.170000	0.200	0.260680
7.173333	0.200	0.260955
7.176667	0.200	0.260746
7.180000	0.200	0.260383
7.183333	0.200	0.259950
7.186667	0.200	0.259227
7.190000	0.200	0.258502
7.193333	0.200	0.258513
7.196667	0.200	0.259461
7.200000	0.200	0.260785
7.203333	0.200	0.261887
7.206667	0.200	0.262502
7.210000	0.200	0.262500
7.213333	0.200	0.261920
7.216667	0.200	0.261357
7.220000	0.200	0.262099
7.223333	0.200	0.265566
7.226667	0.200	0.272582
7.230000	0.200	0.283394
7.233333	0.200	0.298533
7.236667	0.200	0.319596
7.240000	0.200	0.349268
7.243333	0.200	0.391071
7.246667	0.200	0.448662
7.250000	0.200	0.524840
7.253333	0.200	0.621658
7.256667	0.200	0.740930
7.260000	0.200	0.883947
7.263333	0.200	1.051083
7.266667	0.200	1.241413
7.270000	0.200	1.451957
7.273333	0.200	1.677001
7.276667	0.200	1.908084
7.280000	0.200	2.135122
7.283333	0.200	2.348098
7.286667	0.200	2.537477
7.290000	0.200	2.693738
7.293333	0.200	2.808306
7.296667	0.200	2.875224
7.300000	0.200	2.891548
7.303333	0.200	2.855955
7.306667	0.200	2.766065
7.310000	0.200	2.618986
7.313333	0.200	2.418325
7.316667	0.200	2.179789
7.320000	0.200	1.927265
7.323333	0.200	1.683294
7.326667	0.200	1.462937
7.330000	0.200	1.274422
7.333333	0.200	1.121410
7.336667	0.200	1.002018
7.340000	0.200	0.908413
7.343333	0.200	0.830679
7.346667	0.200	0.761362
7.350000	0.200	0.696970
7.353333	0.200	0.636870
7.356667	0.200	0.581453
7.360000	0.200	0.531020
7.363333	0.200	0.485613
7.366667	0.200	0.445086
7.370000	0.200	0.409379
7.373333	0.200	0.378927
7.376667	0.200	0.354239
7.380000	0.200	0.334999
7.383333	0.200	0.320113
7.386667	0.200	0.308514
7.390000	0.200	0.299380
7.393333	0.200	0.291756
7.396667	0.200	0.284879
7.400000	0.200	0.279033
7.403333	0.200	0.275304
7.406667	0.200	0.274414
7.410000	0.200	0.276227
7.413333	0.200	0.280154
7.416667	0.200	0.285555
7.420000	0.200	0.291937
7.423333	0.200	0.299050
7.426667	0.200	0.305451
7.430000	0.200	0.304710
7.433333	0.200	0.285231
7.436667	0.200	0.238889
7.440000	0.200	0.169728
7.443333	0.200	0.091840
7.446667	0.200	0.020060
7.450000	0.200	-0.036640
7.453333	0.200	-0.076025
7.456667	0.200	-0.100697
7.460000	0.200	-0.115583
7.463333	0.200	-0.125454
7.466667	0.200	-0.133500
7.470000	0.200	-0.141160
7.473333	0.200	-0.148638
7.476667	0.200	-0.155752
7.480000	0.200	-0.162462
7.483333	0.200	-0.168696
7.486667	0.200	-0.174301
7.490000	0.200	-0.179396
7.493333	0.200	-0.184236
7.496667	0.200	-0.188836
7.500000	0.200	-0.193063
7.503333	0.200	-0.196618
7.506667	0.200	-0.199097
7.510000	0.200	-0.200476
7.513333	0.200	-0.201064
7.516667	0.200	-0.201042
7.520000	0.200	-0.200679
7.523333	0.200	-0.200782
7.526667	0.200	-0.202202
7.530000	0.200	-0.204872
7.533333	0.200	-0.207723
7.536667	0.200	-0.209426
7.540000	0.200	-0.209183
7.543333	0.200	-0.207046
7.546667	0.200	-0.203642
7.550000	0.200	-0.199700
7.553333	0.200	-0.195693
7.556667	0.200	-0.191922
7.560000	0.200	-0.188887
7.563333	0.200	-0.187112
7.566667	0.200	-0.186634
7.570000	0.200	-0.186917
7.573333	0.200	-0.187406
7.576667	0.200	-0.188079
7.580000	0.200	-0.189185
7.583333	0.200	-0.190750
7.586667	0.200	-0.192604
7.590000	0.200	-0.194519
7.593333	0.200	-0.196336
7.596667	0.200	-0.198208
7.600000	0.200	-0.200527
7.603333	0.200	-0.203405
7.606667	0.200	-0.206382
7.610000	0.200	-0.208736
7.613333	0.200	-0.210044
7.616667	0.200	-0.210438
7.620000	0.200	-0.210397
7.623333	0.200	-0.210398
7.626667	0.200	-0.210695
7.630000	0.200	-0.211195
7.633333	0.200	-0.211618
7.636667	0.200	-0.211709
7.640000	0.200	-0.211044
7.643333	0.200	-0.209180
7.646667	0.200	-0.206460
7.650000	0.200	-0.204112
7.653333	0.200	-0.203279
7.656667	0.200	-0.204210
7.660000	0.200	-0.206251
7.663333	0.200	-0.208281
7.666667	0.200	-0.209388
7.670000	0.200	-0.209482
7.673333	0.200	-0.209317
7.676667	0.200	-0.209518
7.680000	0.200	-0.209511
7.683333	0.200	-0.208149
7.686667	0.200	-0.205475
7.690000	0.200	-0.202972
7.693333	0.200	-0.202016
7.696667	0.200	-0.202860
7.700000	0.200	-0.204997
7.703333	0.200	-0.207598
7.706667	0.200	-0.209810
7.710000	0.200	-0.211141
7.713333	0.200	-0.211443
7.716667	0.200	-0.210679
7.720000	0.200	-0.208904
7.723333	0.200	-0.206354
7.726667	0.200	-0.203639
7.730000	0.200	-0.201660
7.733333	0.200	-0.200889
7.736667	0.200	-0.200976
7.740000	0.200	-0.201306
7.743333	0.200	-0.201464
7.746667	0.200	-0.201050
7.750000	0.200	-0.199781
7.753333	0.200	-0.197826
7.756667	0.200	-0.195435
7.760000	0.200	-0.192673
7.763333	0.200	-0.190072
7.766667	0.200	-0.188686
7.770000	0.200	-0.188978
7.773333	0.200	-0.190446
7.776667	0.200	-0.192386
7.780000	0.200	-0.194156
7.783333	0.200	-0.194977
7.786667	0.200	-0.194414
7.790000	0.200	-0.193107
7.793333	0.200	-0.192589
7.796667	0.200	-0.194089
7.800000	0.200	-0.197651
7.803333	0.200	-0.202509
7.806667	0.200	-0.207865
7.810000	0.200	-0.212973
7.813333	0.200	-0.216934
7.816667	0.200	-0.219101
7.820000	0.200	-0.219563
7.823333	0.200	-0.218827
7.826667	0.200	-0.217221
7.830000	0.200	-0.214777
7.833333	0.200	-0.211714
7.836667	0.200	-0.208918
7.840000	0.200	-0.207543
7.843333	0.200	-0.208055
7.846667	0.200	-0.209902
7.850000	0.200	-0.212286
7.853333	0.200	-0.214888
7.856667	0.200	-0.217539
7.860000	0.200	-0.219785
7.863333	0.200	-0.221158
7.866667	0.200	-0.221654
7.870000	0.200	-0.221837
7.873333	0.200	-0.222355
7.876667	0.200	-0.223267
7.880000	0.200	-0.223952
7.883333	0.200	-0.223773
7.886667	0.200	-0.222822
7.890000	0.200	-0.221895
7.893333	0.200	-0.221558
7.896667	0.200	-0.221528
7.900000	0.200	-0.221294
7.903333	0.200	-0.220811
7.906667	0.200	-0.220278
7.910000	0.200	-0.219806
7.913333	0.200	-0.219481
7.916667	0.200	-0.219461
7.920000	0.200	-0.220064
7.923333	0.200	-0.221618
7.926667	0.200	-0.223904
7.930000	0.200	-0.226077
7.933333	0.200	-0.227390
7.936667	0.200	-0.227377
7.940000	0.200	-0.225471
7.943333	0.200	-0.221501
7.946667	0.200	-0.216460
7.950000	0.200	-0.212152
7.953333	0.200	-0.210080
7.956667	0.200	-0.210642
7.960000	0.200	-0.213143
7.963333	0.200	-0.216473
7.966667	0.200	-0.219781
7.970000	0.200	-0.222416
7.973333	0.200	-0.223695
7.976667	0.200	-0.223474
7.980000	0.200	-0.222549
7.983333	0.200	-0.222030
7.986667	0.200	-0.222503
7.990000	0.200	-0.223563
7.993333	0.200	-0.224233
7.996667	0.200	-0.224111
8.000000	0.200	-0.223644
8.003333	0.200	-0.223321
8.006667	0.200	-0.223129
8.010000	0.200	-0.222755
8.013333	0.200	-0.222030
8.016667	0.200	-0.221059
8.020000	0.200	-0.220066
8.023333	0.200	-0.219152
8.026667	0.200	-0.218083
8.030000	0.200	-0.216527
8.033333	0.200	-0.214562
8.036667	0.200	-0.212546
8.040000	0.200	-0.210574
8.043333	0.200	-0.208314
8.046667	0.200	-0.205261
8.050000	0.200	-0.201181
8.053333	0.200	-0.196356
8.056667	0.200	-0.191535
8.060000	0.200	-0.187850
8.063333	0.200	-0.186233
8.066667	0.200	-0.186498
8.070000	0.200	-0.187372
8.073333	0.200	-0.187349
8.076667	0.200	-0.185587
8.080000	0.200	-0.182467
8.083333	0.200	-0.179176
8.086667	0.200	-0.176730
8.090000	0.200	-0.175483
8.093333	0.200	-0.175004
8.096667	0.200	-0.174369
8.100000	0.200	-0.173092
8.103333	0.200	-0.171557
8.106667	0.200	-0.170625
8.110000	0.200	-0.171171
8.113333	0.200	-0.173492
8.116667	0.200	-0.176870
8.120000	0.200	-0.179918
8.123333	0.200	-0.181609
8.126667	0.200	-0.182075
8.130000	0.200	-0.182088
8.133333	0.200	-0.181842
8.136667	0.200	-0.180586
8.140000	0.200	-0.177588
8.143333	0.200	-0.173109
8.146667	0.200	-0.167601
8.150000	0.200	-0.159474
8.153333	0.200	-0.143556
8.156667	0.200	-0.113042
8.160000	0.200	-0.065307
8.163333	0.200	-0.005828
8.166667	0.200	0.054619
8.170000	0.200	0.106294
8.173333	0.200	0.144120
8.176667	0.200	0.167304
8.180000	0.200	0.177907
8.183333	0.200	0.179663
8.186667	0.200	0.176576
8.190000	0.200	0.171802
8.193333	0.200	0.167291
8.196667	0.200	0.163793
8.200000	0.200	0.161274
8.203333	0.200	0.159674
8.206667	0.200	0.159145
8.210000	0.200	0.159691
8.213333	0.200	0.160987
8.216667	0.200	0.162600
8.220000	0.200	0.164190
8.223333	0.200	0.165310
8.226667	0.200	0.165444
8.230000	0.200	0.164608
8.233333	0.200	0.163340
8.236667	0.200	0.162013
8.240000	0.200	0.160730
8.243333	0.200	0.159694
8.246667	0.200	0.159108
8.250000	0.200	0.158865
8.253333	0.200	0.158766
8.256667	0.200	0.158902
8.260000	0.200	0.159438
8.263333	0.200	0.160085
8.266667	0.200	0.160134
8.270000	0.200	0.159230
8.273333	0.200	0.157851
8.276667	0.200	0.156868
8.280000	0.200	0.157065
8.283333	0.200	0.158657
8.286667	0.200	0.160890
8.290000	0.200	0.162786
8.293333	0.200	0.164107
8.296667	0.200	0.165054
8.300000	0.200	0.165694
8.303333	0.200	0.165960
8.306667	0.200	0.165827
8.310000	0.200	0.165643
8.313333	0.200	0.166046
8.316667	0.200	0.167150
8.320000	0.200	0.168188
8.323333	0.200	0.168319
8.326667	0.200	0.167409
8.330000	0.200	0.165737
8.333333	0.200	0.163492
8.336667	0.200	0.160835
8.340000	0.200	0.157865
8.343333	0.200	0.154638
8.346667	0.200	0.151456
8.350000	0.200	0.148704
8.353333	0.200	0.146601
8.356667	0.200	0.145449
8.360000	0.200	0.145641
8.363333	0.200	0.147351
8.366667	0.200	0.150214
8.370000	0.200	0.153001
8.373333	0.200	0.154236
8.376667	0.200	0.153501
8.380000	0.200	0.151557
8.383333	0.200	0.149733
8.386667	0.200	0.149488
8.390000	0.200	0.151600
8.393333	0.200	0.155839
8.396667	0.200	0.161509
8.400000	0.200	0.167915
8.403333	0.200	0.174589
8.406667	0.200	0.181280
8.410000	0.200	0.187586
8.413333	0.200	0.193019
8.416667	0.200	0.197525
8.420000	0.200	0.201517
8.423333	0.200	0.205492
8.426667	0.200	0.209833
8.430000	0.200	0.214464
8.433333	0.200	0.218636
8.436667	0.200	0.221720
8.440000	0.200	0.223856
8.443333	0.200	0.225096
8.446667	0.200	0.224530
8.450000	0.200	0.220960
8.453333	0.200	0.213937
8.456667	0.200	0.203818
8.460000	0.200	0.191404
8.463333	0.200	0.177923
8.466667	0.200	0.165064
8.470000	0.200	0.154614
8.473333	0.200	0.147677
8.476667	0.200	0.143927
8.480000	0.200	0.141913
8.483333	0.200	0.140449
8.486667	0.200	0.139424
8.490000	0.200	0.139089
8.493333	0.200	0.139082
8.496667	0.200	0.138496
8.500000	0.200	0.136706
8.503333	0.200	0.133863
8.506667	0.200	0.130674
8.510000	0.200	0.128109
8.513333	0.200	0.126969
8.516667	0.200	0.127197
8.520000	0.200	0.128034
8.523333	0.200	0.128871
8.526667	0.200	0.129406
8.530000	0.200	0.129334
8.533333	0.200	0.128573
8.536667	0.200	0.127776
8.540000	0.200	0.128105
8.543333	0.200	0.130299
8.546667	0.200	0.134179
8.550000	0.200	0.138960
8.553333	0.200	0.143795
8.556667	0.200	0.148145
8.560000	0.200	0.151837
8.563333	0.200	0.154885
8.566667	0.200	0.157198
8.570000	0.200	0.158285
8.573333	0.200	0.157252
8.576667	0.200	0.153389
8.580000	0.200	0.146930
8.583333	0.200	0.139249
8.586667	0.200	0.132176
8.590000	0.200	0.127132
8.593333	0.200	0.124882
8.596667	0.200	0.125518
8.600000	0.200	0.128154
8.603333	0.200	0.131089
8.606667	0.200	0.132857
8.610000	0.200	0.132833
8.613333	0.200	0.130789
8.616667	0.200	0.126804
8.620000	0.200	0.121952
8.623333	0.200	0.118089
8.626667	0.200	0.116462
8.630000	0.200	0.116964
8.633333	0.200	0.118386
8.636667	0.200	0.119072
8.640000	0.200	0.118267
8.643333	0.200	0.116909
8.646667	0.200	0.116472
8.650000	0.200	0.117419
8.653333	0.200	0.119072
8.656667	0.200	0.120625
8.660000	0.200	0.121875
8.663333	0.200	0.123229
8.666667	0.200	0.125486
8.670000	0.200	0.129215
8.673333	0.200	0.133932
8.676667	0.200	0.138191
8.680000	0.200	0.140728
8.683333	0.200	0.141117
8.686667	0.200	0.139215
8.690000	0.200	0.135046
8.693333	0.200	0.129362
8.696667	0.200	0.123396
8.700000	0.200	0.118177
8.703333	0.200	0.114313
8.706667	0.200	0.112064
8.710000	0.200	0.111572
8.713333	0.200	0.112757
8.716667	0.200	0.114947
8.720000	0.200	0.117098
8.723333	0.200	0.118444
8.726667	0.200	0.118762
8.730000	0.200	0.117956
8.733333	0.200	0.115582
8.736667	0.200	0.111491
8.740000	0.200	0.106741
8.743333	0.200	0.102954
8.746667	0.200	0.100991
8.750000	0.200	0.100729
8.753333	0.200	0.101602
8.756667	0.200	0.102856
8.760000	0.200	0.103767
8.763333	0.200	0.104047
8.766667	0.200	0.103853
8.770000	0.200	0.103640
8.773333	0.200	0.103938
8.776667	0.200	0.104810
8.780000	0.200	0.105870
8.783333	0.200	0.106977
8.786667	0.200	0.108334
8.790000	0.200	0.109950
8.793333	0.200	0.111291
8.796667	0.200	0.111412
8.800000	0.200	0.109801
8.803333	0.200	0.107062
8.806667	0.200	0.104166
8.810000	0.200	0.101366
8.813333	0.200	0.098482
8.816667	0.200	0.095634
8.820000	0.200	0.093171
8.823333	0.200	0.091484
8.826667	0.200	0.090918
8.830000	0.200	0.091339
8.833333	0.200	0.091951
8.836667	0.200	0.091825
8.840000	0.200	0.090539
8.843333	0.200	0.088322
8.846667	0.200	0.085495
8.850000	0.200	0.082118
8.853333	0.200	0.078431
8.856667	0.200	0.074957
8.860000	0.200	0.071933
8.863333	0.200	0.069280
8.866667	0.200	0.067083
8.870000	0.200	0.065541
8.873333	0.200	0.064651
8.876667	0.200	0.064130
8.880000	0.200	0.063426
8.883333	0.200	0.061950
8.886667	0.200	0.059497
8.890000	0.200	0.056305
8.893333	0.200	0.052633
8.896667	0.200	0.048401
8.900000	0.200	0.043475
8.903333	0.200	0.038055
8.906667	0.200	0.032382
8.910000	0.200	0.026595
8.913333	0.200	0.020958
8.916667	0.200	0.015527
8.920000	0.200	0.010206
8.923333	0.200	0.005317
8.926667	0.200	0.001141
8.930000	0.200	-0.002700
8.933333	0.200	-0.006566
8.936667	0.200	-0.010056
8.940000	0.200	-0.012450
8.943333	0.200	-0.013524
8.946667	0.200	-0.013634
8.950000	0.200	-0.013397
8.953333	0.200	-0.013294
8.956667	0.200	-0.013198
8.960000	0.200	-0.012734
8.963333	0.200	-0.012180
8.966667	0.200	-0.012031
8.970000	0.200	-0.011751
8.973333	0.200	-0.009394
8.976667	0.200	-0.001692
8.980000	0.200	0.016581
8.983333	0.200	0.053812
8.986667	0.200	0.121656
8.990000	0.200	0.233760
8.993333	0.200	0.404754
8.996667	0.200	0.649393
9.000000	0.200	0.980063
9.003333	0.200	1.401204
9.006667	0.200	1.902821
9.010000	0.200	2.460070
9.013333	0.200	3.039714
9.016667	0.200	3.604651
9.020000	0.200	4.113569
9.023333	0.200	4.521942
9.026667	0.200	4.788088
9.030000	0.200	4.882104
9.033333	0.200	4.793333
9.036667	0.200	4.533227
9.040000	0.200	4.132563
9.043333	0.200	3.634057
9.046667	0.200	3.084034
9.050000	0.200	2.525900
9.053333	0.200	1.995150
9.056667	0.200	1.516578
9.060000	0.200	1.104410
9.063333	0.200	0.763692
9.066667	0.200	0.491694
9.070000	0.200	0.279766
9.073333	0.200	0.116214
9.076667	0.200	-0.010384
9.080000	0.200	-0.108823
9.083333	0.200	-0.184799
9.086667	0.200	-0.242588
9.090000	0.200	-0.286932
9.093333	0.200	-0.322469
9.096667	0.200	-0.351918
9.100000	0.200	-0.375885
9.103333	0.200	-0.394370
9.106667	0.200	-0.407810
9.110000	0.200	-0.416905
9.113333	0.200	-0.422735
9.116667	0.200	-0.426958
9.120000	0.200	-0.430949
9.123333	0.200	-0.434894
9.126667	0.200	-0.438230
9.130000	0.200	-0.440847
9.133333	0.200	-0.443111
9.136667	0.200	-0.444907
9.140000	0.200	-0.445691
9.143333	0.200	-0.445202
9.146667	0.200	-0.443684
9.150000	0.200	-0.442045
9.153333	0.200	-0.441666
9.156667	0.200	-0.443273
9.160000	0.200	-0.446188
9.163333	0.200	-0.449035
9.166667	0.200	-0.450768
9.170000	0.200	-0.450799
9.173333	0.200	-0.448715
9.176667	0.200	-0.444446
9.180000	0.200	-0.438470
9.183333	0.200	-0.431686
9.186667	0.200	-0.425159
9.190000	0.200	-0.419663
9.193333	0.200	-0.415356
9.196667	0.200	-0.412101
9.200000	0.200	-0.409812
9.203333	0.200	-0.408300
9.206667	0.200	-0.407177
9.210000	0.200	-0.406178
9.213333	0.200	-0.405203
9.216667	0.200	-0.403921
9.220000	0.200	-0.402037
9.223333	0.200	-0.400256
9.226667	0.200	-0.400174
9.230000	0.200	-0.402511
9.233333	0.200	-0.406152
9.236667	0.200	-0.409456
9.240000	0.200	-0.411518
9.243333	0.200	-0.412019
9.246667	0.200	-0.410681
9.250000	0.200	-0.407107
9.253333	0.200	-0.401312
9.256667	0.200	-0.394257
9.260000	0.200	-0.387329
9.263333	0.200	-0.381645
9.266667	0.200	-0.377896
9.270000	0.200	-0.376008
9.273333	0.200	-0.375216
9.276667	0.200	-0.375196
9.280000	0.200	-0.376424
9.283333	0.200	-0.379090
9.286667	0.200	-0.382356
9.290000	0.200	-0.384831
9.293333	0.200	-0.385539
9.296667	0.200	-0.384323
9.300000	0.200	-0.381526
9.303333	0.200	-0.377941
9.306667	0.200	-0.374768
9.310000	0.200	-0.372769
9.313333	0.200	-0.371784
9.316667	0.200	-0.370984
9.320000	0.200	-0.369025
9.323333	0.200	-0.364555
9.326667	0.200	-0.356957
9.330000	0.200	-0.346459
9.333333	0.200	-0.333921
9.336667	0.200	-0.320494
9.340000	0.200	-0.307167
9.343333	0.200	-0.294734
9.346667	0.200	-0.283603
9.350000	0.200	-0.273276
9.353333	0.200	-0.262754
9.356667	0.200	-0.251887
9.360000	0.200	-0.242001
9.363333	0.200	-0.234792
9.366667	0.200	-0.230789
9.370000	0.200	-0.229056
9.373333	0.200	-0.228107
9.376667	0.200	-0.227161
9.380000	0.200	-0.226545
9.383333	0.200	-0.226915
9.386667	0.200	-0.228563
9.390000	0.200	-0.231199
9.393333	0.200	-0.233852
9.396667	0.200	-0.234873
9.400000	0.200	-0.232411
9.403333	0.200	-0.225598
9.406667	0.200	-0.215121
9.410000	0.200	-0.202616
9.413333	0.200	-0.190214
9.416667	0.200	-0.180250
9.420000	0.200	-0.174240
9.423333	0.200	-0.172006
9.426667	0.200	-0.172194
9.430000	0.200	-0.173622
9.433333	0.200	-0.175762
9.436667	0.200	-0.178291
9.440000	0.200	-0.180747
9.443333	0.200	-0.182499
9.446667	0.200	-0.183030
9.450000	0.200	-0.182374
9.453333	0.200	-0.181006
9.456667	0.200	-0.179431
9.460000	0.200	-0.178029
9.463333	0.200	-0.176418
9.466667	0.200	-0.172339
9.470000	0.200	-0.162370
9.473333	0.200	-0.144439
9.476667	0.200	-0.119061
9.480000	0.200	-0.089094
9.483333	0.200	-0.059103
9.486667	0.200	-0.033786
9.490000	0.200	-0.016020
9.493333	0.200	-0.005795
9.496667	0.200	-0.000717
9.500000	0.200	0.002250
9.503333	0.200	0.005551
9.506667	0.200	0.010883
9.510000	0.200	0.019187
9.513333	0.200	0.030656
9.516667	0.200	0.044861
9.520000	0.200	0.061147
9.523333	0.200	0.079209
9.526667	0.200	0.098883
9.530000	0.200	0.119268
9.533333	0.200	0.138479
9.536667	0.200	0.154155
9.540000	0.200	0.163875
9.543333	0.200	0.165737
9.546667	0.200	0.159586
9.550000	0.200	0.147850
9.553333	0.200	0.134529
9.556667	0.200	0.122743
9.560000	0.200	0.112858
9.563333	0.200	0.102848
9.566667	0.200	0.090426
9.570000	0.200	0.074979
9.573333	0.200	0.057938
9.576667	0.200	0.041656
9.580000	0.200	0.027752
9.583333	0.200	0.016101
9.586667	0.200	0.005032
9.590000	0.200	-0.007391
9.593333	0.200	-0.021704
9.596667	0.200	-0.036428
9.600000	0.200	-0.049036
9.603333	0.200	-0.057469
9.606667	0.200	-0.061284
9.610000	0.200	-0.061816
9.613333	0.200	-0.061320
9.616667	0.200	-0.062566
9.620000	0.200	-0.069623
9.623333	0.200	-0.086925
9.626667	0.200	-0.115281
9.630000	0.200	-0.149517
9.633333	0.200	-0.180646
9.636667	0.200	-0.199620
9.640000	0.200	-0.200270
9.643333	0.200	-0.181955
9.646667	0.200	-0.150610
9.650000	0.200	-0.115836
9.653333	0.200	-0.085660
9.656667	0.200	-0.063635
9.660000	0.200	-0.049981
9.663333	0.200	-0.043691
9.666667	0.200	-0.043364
9.670000	0.200	-0.047523
9.673333	0.200	-0.054461
9.676667	0.200	-0.061826
9.680000	0.200	-0.067336
9.683333	0.200	-0.070149
9.686667	0.200	-0.070889
9.690000	0.200	-0.070511
9.693333	0.200	-0.069925
9.696667	0.200	-0.070319
9.700000	0.200	-0.072635
9.703333	0.200	-0.076740
9.706667	0.200	-0.081245
9.710000	0.200	-0.083907
9.713333	0.200	-0.082786
9.716667	0.200	-0.077698
9.720000	0.200	-0.070294
9.723333	0.200	-0.062513
9.726667	0.200	-0.055691
9.730000	0.200	-0.050968
9.733333	0.200	-0.049189
9.736667	0.200	-0.050303
9.740000	0.200	-0.053511
9.743333	0.200	-0.057812
9.746667	0.200	-0.062288
9.750000	0.200	-0.066274
9.753333	0.200	-0.069487
9.756667	0.200	-0.071921
9.760000	0.200	-0.073522
9.763333	0.200	-0.074425
9.766667	0.200	-0.076721
9.770000	0.200	-0.085253
9.773333	0.200	-0.103332
9.776667	0.200	-0.127104
9.780000	0.200	-0.147051
9.783333	0.200	-0.155455
9.786667	0.200	-0.151079
9.790000	0.200	-0.137975
9.793333	0.200	-0.121681
9.796667	0.200	-0.106220
9.800000	0.200	-0.093492
9.803333	0.200	-0.084223
9.806667	0.200	-0.078718
9.810000	0.200	-0.076956
9.813333	0.200	-0.078395
9.816667	0.200	-0.081603
9.820000	0.200	-0.084667
9.823333	0.200	-0.086498
9.826667	0.200	-0.087382
9.830000	0.200	-0.088217
9.833333	0.200	-0.089294
9.836667	0.200	-0.089789
9.840000	0.200	-0.088799
9.843333	0.200	-0.086706
9.846667	0.200	-0.085040
9.850000	0.200	-0.085254
9.853333	0.200	-0.089111
9.856667	0.200	-0.102367
9.860000	0.200	-0.136038
9.863333	0.200	-0.198566
9.866667	0.200	-0.286475
9.870000	0.200	-0.385033
9.873333	0.200	-0.476692
9.876667	0.200	-0.548802
9.880000	0.200	-0.596706
9.883333	0.200	-0.622592
9.886667	0.200	-0.632405
9.890000	0.200	-0.632756
9.893333	0.200	-0.628648
9.896667	0.200	-0.622939
9.900000	0.200	-0.617491
9.903333	0.200	-0.614066
9.906667	0.200	-0.613954
9.910000	0.200	-0.617163
9.913333	0.200	-0.621962
9.916667	0.200	-0.625667
9.920000	0.200	-0.626483
9.923333	0.200	-0.624584
9.926667	0.200	-0.621652
9.930000	0.200	-0.619627
9.933333	0.200	-0.619583
9.936667	0.200	-0.621386
9.940000	0.200	-0.624237
9.943333	0.200	-0.627571
9.946667	0.200	-0.631344
9.950000	0.200	-0.635316
9.953333	0.200	-0.638358
9.956667	0.200	-0.639107
9.960000	0.200	-0.637206
9.963333	0.200	-0.633435
9.966667	0.200	-0.628883
9.970000	0.200	-0.624300
9.973333	0.200	-0.619963
9.976667	0.200	-0.616038
9.980000	0.200	-0.613105
9.983333	0.200	-0.611926
9.986667	0.200	-0.612441
9.990000	0.200	-0.613419
9.993333	0.200	-0.613366
9.996667	0.200	-0.611496
10.000000	0.200	-0.607957
10.003333	0.200	-0.603722
10.006667	0.200	-0.600322
10.010000	0.200	-0.599136
10.013333	0.200	-0.600647
10.016667	0.200	-0.604301
10.020000	0.200	-0.609038
10.023333	0.200	-0.613997
10.026667	0.200	-0.618644
10.030000	0.200	-0.622447
10.033333	0.200	-0.624905
10.036667	0.200	-0.625726
10.040000	0.200	-0.624732
10.043333	0.200	-0.621893
10.046667	0.200	-0.617721
10.050000	0.200	-0.613281
10.053333	0.200	-0.609519
10.056667	0.200	-0.606811
10.060000	0.200	-0.605223
10.063333	0.200	-0.604518
10.066667	0.200	-0.603732
10.070000	0.200	-0.601478
10.073333	0.200	-0.596945
10.076667	0.200	-0.590478
10.080000	0.200	-0.583562
10.083333	0.200	-0.578283
10.086667	0.200	-0.576156
10.090000	0.200	-0.577033
10.093333	0.200	-0.579207
10.096667	0.200	-0.580960
10.100000	0.200	-0.582193
10.103333	0.200	-0.583963
10.106667	0.200	-0.586566
10.110000	0.200	-0.589077
10.113333	0.200	-0.590361
10.116667	0.200	-0.589694
10.120000	0.200	-0.586905
10.123333	0.200	-0.582500
10.126667	0.200	-0.577524
10.130000	0.200	-0.573078
10.133333	0.200	-0.569998
10.136667	0.200	-0.568690
10.140000	0.200	-0.568679
10.143333	0.200	-0.568416
10.146667	0.200	-0.565991
10.150000	0.200	-0.560544
10.153333	0.200	-0.552986
10.156667	0.200	-0.544987
10.160000	0.200	-0.537680
10.163333	0.200	-0.531459
10.166667	0.200	-0.525808
10.170000	0.200	-0.518629
10.173333	0.200	-0.506874
10.176667	0.200	-0.489238
10.180000	0.200	-0.468092
10.183333	0.200	-0.447896
10.186667	0.200	-0.431711
10.190000	0.200	-0.419668
10.193333	0.200	-0.410245
10.196667	0.200	-0.402029
10.200000	0.200	-0.394318
10.203333	0.200	-0.386837
10.206667	0.200	-0.379650
10.210000	0.200	-0.373492
10.213333	0.200	-0.369278
10.216667	0.200	-0.366909
10.220000	0.200	-0.365000
10.223333	0.200	-0.362141
10.226667	0.200	-0.358483
10.230000	0.200	-0.354793
10.233333	0.200	-0.349486
10.236667	0.200	-0.338519
10.240000	0.200	-0.317804
10.243333	0.200	-0.284399
10.246667	0.200	-0.238243
10.250000	0.200	-0.184546
10.253333	0.200	-0.132361
10.256667	0.200	-0.089935
10.260000	0.200	-0.061448
10.263333	0.200	-0.046491
10.266667	0.200	-0.041327
10.270000	0.200	-0.041271
10.273333	0.200	-0.042761
10.276667	0.200	-0.043947
10.280000	0.200	-0.044387
10.283333	0.200	-0.044535
10.286667	0.200	-0.045180
10.290000	0.200	-0.047129
10.293333	0.200	-0.050961
10.296667	0.200	-0.056586
10.300000	0.200	-0.062950
10.303333	0.200	-0.068189
10.306667	0.200	-0.070327
10.310000	0.200	-0.068684
10.313333	0.200	-0.064743
10.316667	0.200	-0.060942
10.320000	0.200	-0.058795
10.323333	0.200	-0.058554
10.326667	0.200	-0.059888
10.330000	0.200	-0.062206
10.333333	0.200	-0.064854
10.336667	0.200	-0.067602
10.340000	0.200	-0.070732
10.343333	0.200	-0.074129
10.346667	0.200	-0.076910
10.350000	0.200	-0.078399
10.353333	0.200	-0.078710
10.356667	0.200	-0.078208
10.360000	0.200	-0.077025
10.363333	0.200	-0.075470
10.366667	0.200	-0.074606
10.370000	0.200	-0.075652
10.373333	0.200	-0.078764
10.376667	0.200	-0.082848
10.380000	0.200	-0.086320
10.383333	0.200	-0.087935
10.386667	0.200	-0.087623
10.390000	0.200	-0.086765
10.393333	0.200	-0.087107
10.396667	0.200	-0.089431
10.400000	0.200	-0.093296
10.403333	0.200	-0.097491
10.406667	0.200	-0.100698
10.410000	0.200	-0.102134
10.413333	0.200	-0.101763
10.416667	0.200	-0.100212
10.420000	0.200	-0.098560
10.423333	0.200	-0.097675
10.426667	0.200	-0.097692
10.430000	0.200	-0.098405
10.433333	0.200	-0.099757
10.436667	0.200	-0.101412
10.440000	0.200	-0.102515
10.443333	0.200	-0.102769
10.446667	0.200	-0.103123
10.450000	0.200	-0.104687
10.453333	0.200	-0.107550
10.456667	0.200	-0.110751
10.460000	0.200	-0.112740
10.463333	0.200	-0.112186
10.466667	0.200	-0.110777
10.470000	0.200	-0.117952
10.473333	0.200	-0.149397
10.476667	0.200	-0.214634
10.480000	0.200	-0.307140
10.483333	0.200	-0.408792
10.486667	0.200	-0.501172
10.490000	0.200	-0.572837
10.493333	0.200	-0.620533
10.496667	0.200	-0.646970
10.500000	0.200	-0.657769
10.503333	0.200	-0.659131
10.506667	0.200	-0.656381
10.510000	0.200	-0.653085
10.513333	0.200	-0.651143
10.516667	0.200	-0.651489
10.520000	0.200	-0.654212
10.523333	0.200	-0.658482
10.526667	0.200	-0.662948
10.530000	0.200	-0.666357
10.533333	0.200	-0.668219
10.536667	0.200	-0.668646
10.540000	0.200	-0.667504
10.543333	0.200	-0.664592
10.546667	0.200	-0.660434
10.550000	0.200	-0.656212
10.553333	0.200	-0.653245
10.556667	0.200	-0.652372
10.560000	0.200	-0.653340
10.563333	0.200	-0.655028
10.566667	0.200	-0.656282
10.570000	0.200	-0.656284
10.573333	0.200	-0.654474
10.576667	0.200	-0.650597
10.580000	0.200	-0.645065
10.583333	0.200	-0.639242
10.586667	0.200	-0.634816
10.590000	0.200	-0.632460
10.593333	0.200	-0.631268
10.596667	0.200	-0.629539
10.600000	0.200	-0.626097
10.603333	0.200	-0.621222
10.606667	0.200	-0.616365
10.610000	0.200	-0.612867
10.613333	0.200	-0.611053
10.616667	0.200	-0.610061
10.620000	0.200	-0.608208
10.623333	0.200	-0.604187
10.626667	0.200	-0.598219
10.630000	0.200	-0.591708
10.633333	0.200	-0.585930
10.636667	0.200	-0.581266
10.640000	0.200	-0.577327
10.643333	0.200	-0.573516
10.646667	0.200	-0.569300
10.650000	0.200	-0.564111
10.653333	0.200	-0.557633
10.656667	0.200	-0.550214
10.660000	0.200	-0.542421
10.663333	0.200	-0.534410
10.666667	0.200	-0.525976
10.670000	0.200	-0.516656
10.673333	0.200	-0.505651
10.676667	0.200	-0.491842
10.680000	0.200	-0.474047
10.683333	0.200	-0.452107
10.686667	0.200	-0.427739
10.690000	0.200	-0.403412
10.693333	0.200	-0.380795
10.696667	0.200	-0.360680
10.700000	0.200	-0.343334
10.703333	0.200	-0.328464
10.706667	0.200	-0.315511
10.710000	0.200	-0.304162
10.713333	0.200	-0.294464
10.716667	0.200	-0.286505
10.720000	0.200	-0.279840
10.723333	0.200	-0.273416
10.726667	0.200	-0.266422
10.730000	0.200	-0.259193
10.733333	0.200	-0.252954
10.736667	0.200	-0.248568
10.740000	0.200	-0.245899
10.743333	0.200	-0.244224
10.746667	0.200	-0.242761
10.750000	0.200	-0.240997
10.753333	0.200	-0.238800
10.756667	0.200	-0.236153
10.760000	0.200	-0.233085
10.763333	0.200	-0.230152
10.766667	0.200	-0.228265
10.770000	0.200	-0.227480
10.773333	0.200	-0.226757
10.776667	0.200	-0.225202
10.780000	0.200	-0.222802
10.783333	0.200	-0.220076
10.786667	0.200	-0.217757
10.790000	0.200	-0.216647
10.793333	0.200	-0.217121
10.796667	0.200	-0.218827
10.800000	0.200	-0.221016
10.803333	0.200	-0.222964
10.806667	0.200	-0.224242
10.810000	0.200	-0.224727
10.813333	0.200	-0.224261
10.816667	0.200	-0.222382
10.820000	0.200	-0.218601
10.823333	0.200	-0.213056
10.826667	0.200	-0.206796
10.830000	0.200	-0.201175
10.833333	0.200	-0.196732
10.836667	0.200	-0.193011
10.840000	0.200	-0.189763
10.843333	0.200	-0.187472
10.846667	0.200	-0.186345
10.850000	0.200	-0.185606
10.853333	0.200	-0.183930
10.856667	0.200	-0.180418
10.860000	0.200	-0.175266
10.863333	0.200	-0.169536
10.866667	0.200	-0.164435
10.870000	0.200	-0.160793
10.873333	0.200	-0.158838
10.876667	0.200	-0.158213
10.880000	0.200	-0.158142
10.883333	0.200	-0.157768
10.886667	0.200	-0.156603
10.890000	0.200	-0.154675
10.893333	0.200	-0.151867
10.896667	0.200	-0.147459
10.900000	0.200	-0.141222
10.903333	0.200	-0.134304
10.906667	0.200	-0.128137
10.910000	0.200	-0.123231
10.913333	0.200	-0.119523
10.916667	0.200	-0.116927
10.920000	0.200	-0.115099
10.923333	0.200	-0.113062
10.926667	0.200	-0.109415
10.930000	0.200	-0.103236
10.933333	0.200	-0.095037
10.936667	0.200	-0.086559
10.940000	0.200	-0.079579
10.943333	0.200	-0.074889
10.946667	0.200	-0.071951
10.950000	0.200	-0.069438
10.953333	0.200	-0.066258
10.956667	0.200	-0.061833
10.960000	0.200	-0.056035
10.963333	0.200	-0.049222
10.966667	0.200	-0.041074
10.970000	0.200	-0.029631
10.973333	0.200	-0.013169
10.976667	0.200	0.007576
10.980000	0.200	0.029990
10.983333	0.200	0.051344
10.986667	0.200	0.070015
10.990000	0.200	0.086023
10.993333	0.200	0.100346
10.996667	0.200	0.113804
11.000000	0.200	0.126958
