File Path	chrom://nnfcb-l0286/ChromeleonLocal/metk/20171013_HMP_C61_metk.seq/615.smp/UV_VIS_2.channel/UV_VIS_2.chm
Channel	UV_VIS_2

Injection Information:
Data Vault	ChromeleonLocal
Injection	1 ug/ml ISO
Injection Number	84
Position	RC3
Comment	
Processing Method	HMP New ProcMethod
Instrument Method	HM_metode_ZorBax_0,02%_Acetic_acid_ver6
Type	Calibration Standard
Status	Finished
Injection Date	10/14/2017
Injection Time	6:31:53 AM
Injection Volume (µl)	1.000
Dilution Factor	1.0000
Weight	1.0000

Raw Data Information:
Time Min. (min)	0.000000
Time Max. (min)	11.000000
Data Points	3301
Detector	UV
Exporting Data System	Chromeleon 7.1.3.2425
Operator	
Signal Quantity	Absorbance
Signal Unit	mAU
Signal Min.	-1.300229
Signal Max.	34.535693
Channel	UV_VIS_2
Driver Name	DAD3000.dll
Channel Type	Evaluation
Min. Step (s)	0.200
Max. Step (s)	0.200
Average Step (s)	0.200

Signal Parameter Information:
Signal Info	WVL:280 nm

Raw Data:
Time (min)	Step (s)	Value (mAU)
0.000000	0.000	0.000000
0.003333	0.200	-0.002259
0.006667	0.200	-0.016000
0.010000	0.200	-0.052711
0.013333	0.200	-0.109348
0.016667	0.200	-0.163905
0.020000	0.200	-0.193237
0.023333	0.200	-0.189605
0.026667	0.200	-0.161116
0.030000	0.200	-0.123209
0.033333	0.200	-0.089651
0.036667	0.200	-0.067283
0.040000	0.200	-0.056404
0.043333	0.200	-0.054380
0.046667	0.200	-0.058340
0.050000	0.200	-0.065822
0.053333	0.200	-0.075024
0.056667	0.200	-0.085248
0.060000	0.200	-0.096761
0.063333	0.200	-0.110048
0.066667	0.200	-0.124935
0.070000	0.200	-0.140221
0.073333	0.200	-0.154567
0.076667	0.200	-0.167680
0.080000	0.200	-0.180088
0.083333	0.200	-0.192102
0.086667	0.200	-0.203436
0.090000	0.200	-0.213507
0.093333	0.200	-0.221881
0.096667	0.200	-0.228789
0.100000	0.200	-0.235256
0.103333	0.200	-0.242560
0.106667	0.200	-0.251350
0.110000	0.200	-0.261083
0.113333	0.200	-0.270648
0.116667	0.200	-0.279558
0.120000	0.200	-0.288117
0.123333	0.200	-0.298150
0.126667	0.200	-0.315949
0.130000	0.200	-0.351440
0.133333	0.200	-0.409785
0.136667	0.200	-0.485012
0.140000	0.200	-0.563881
0.143333	0.200	-0.634179
0.146667	0.200	-0.689048
0.150000	0.200	-0.726925
0.153333	0.200	-0.750194
0.156667	0.200	-0.763474
0.160000	0.200	-0.771704
0.163333	0.200	-0.778687
0.166667	0.200	-0.786319
0.170000	0.200	-0.794675
0.173333	0.200	-0.803072
0.176667	0.200	-0.811068
0.180000	0.200	-0.818342
0.183333	0.200	-0.824234
0.186667	0.200	-0.828176
0.190000	0.200	-0.830602
0.193333	0.200	-0.832995
0.196667	0.200	-0.836965
0.200000	0.200	-0.843357
0.203333	0.200	-0.851930
0.206667	0.200	-0.861488
0.210000	0.200	-0.870581
0.213333	0.200	-0.878498
0.216667	0.200	-0.885522
0.220000	0.200	-0.892126
0.223333	0.200	-0.898170
0.226667	0.200	-0.903206
0.230000	0.200	-0.907345
0.233333	0.200	-0.911285
0.236667	0.200	-0.915659
0.240000	0.200	-0.920732
0.243333	0.200	-0.926457
0.246667	0.200	-0.932545
0.250000	0.200	-0.938574
0.253333	0.200	-0.944060
0.256667	0.200	-0.948586
0.260000	0.200	-0.952169
0.263333	0.200	-0.955242
0.266667	0.200	-0.958157
0.270000	0.200	-0.960990
0.273333	0.200	-0.963784
0.276667	0.200	-0.966702
0.280000	0.200	-0.969853
0.283333	0.200	-0.973274
0.286667	0.200	-0.977183
0.290000	0.200	-0.981853
0.293333	0.200	-0.987083
0.296667	0.200	-0.992302
0.300000	0.200	-0.997297
0.303333	0.200	-1.002409
0.306667	0.200	-1.007867
0.310000	0.200	-1.013135
0.313333	0.200	-1.017337
0.316667	0.200	-1.020223
0.320000	0.200	-1.022294
0.323333	0.200	-1.024140
0.326667	0.200	-1.025993
0.330000	0.200	-1.028010
0.333333	0.200	-1.030689
0.336667	0.200	-1.034398
0.340000	0.200	-1.038804
0.343333	0.200	-1.043296
0.346667	0.200	-1.047431
0.350000	0.200	-1.050961
0.353333	0.200	-1.053931
0.356667	0.200	-1.056516
0.360000	0.200	-1.058827
0.363333	0.200	-1.061069
0.366667	0.200	-1.063687
0.370000	0.200	-1.067155
0.373333	0.200	-1.071508
0.376667	0.200	-1.076165
0.380000	0.200	-1.080364
0.383333	0.200	-1.083516
0.386667	0.200	-1.085191
0.390000	0.200	-1.085250
0.393333	0.200	-1.084102
0.396667	0.200	-1.082747
0.400000	0.200	-1.082596
0.403333	0.200	-1.084769
0.406667	0.200	-1.089189
0.410000	0.200	-1.094777
0.413333	0.200	-1.100419
0.416667	0.200	-1.105195
0.420000	0.200	-1.108367
0.423333	0.200	-1.110074
0.426667	0.200	-1.111444
0.430000	0.200	-1.113576
0.433333	0.200	-1.116831
0.436667	0.200	-1.120835
0.440000	0.200	-1.124753
0.443333	0.200	-1.127896
0.446667	0.200	-1.130249
0.450000	0.200	-1.132195
0.453333	0.200	-1.133749
0.456667	0.200	-1.134552
0.460000	0.200	-1.134734
0.463333	0.200	-1.135110
0.466667	0.200	-1.136290
0.470000	0.200	-1.138109
0.473333	0.200	-1.140005
0.476667	0.200	-1.141740
0.480000	0.200	-1.143533
0.483333	0.200	-1.145503
0.486667	0.200	-1.147464
0.490000	0.200	-1.149249
0.493333	0.200	-1.150841
0.496667	0.200	-1.152348
0.500000	0.200	-1.153811
0.503333	0.200	-1.154990
0.506667	0.200	-1.155747
0.510000	0.200	-1.156303
0.513333	0.200	-1.156932
0.516667	0.200	-1.158033
0.520000	0.200	-1.160274
0.523333	0.200	-1.163873
0.526667	0.200	-1.167975
0.530000	0.200	-1.171456
0.533333	0.200	-1.173970
0.536667	0.200	-1.175771
0.540000	0.200	-1.177161
0.543333	0.200	-1.178524
0.546667	0.200	-1.180232
0.550000	0.200	-1.182091
0.553333	0.200	-1.183380
0.556667	0.200	-1.183743
0.560000	0.200	-1.183683
0.563333	0.200	-1.184136
0.566667	0.200	-1.185752
0.570000	0.200	-1.188236
0.573333	0.200	-1.190436
0.576667	0.200	-1.191441
0.580000	0.200	-1.191322
0.583333	0.200	-1.190859
0.586667	0.200	-1.190962
0.590000	0.200	-1.192109
0.593333	0.200	-1.194125
0.596667	0.200	-1.196370
0.600000	0.200	-1.198057
0.603333	0.200	-1.198786
0.606667	0.200	-1.198900
0.610000	0.200	-1.199020
0.613333	0.200	-1.199437
0.616667	0.200	-1.200244
0.620000	0.200	-1.201590
0.623333	0.200	-1.203481
0.626667	0.200	-1.205652
0.630000	0.200	-1.207734
0.633333	0.200	-1.209260
0.636667	0.200	-1.209560
0.640000	0.200	-1.208328
0.643333	0.200	-1.206391
0.646667	0.200	-1.205214
0.650000	0.200	-1.205542
0.653333	0.200	-1.207048
0.656667	0.200	-1.208987
0.660000	0.200	-1.210644
0.663333	0.200	-1.211747
0.666667	0.200	-1.212938
0.670000	0.200	-1.215317
0.673333	0.200	-1.219076
0.676667	0.200	-1.222935
0.680000	0.200	-1.225418
0.683333	0.200	-1.226478
0.686667	0.200	-1.227385
0.690000	0.200	-1.229110
0.693333	0.200	-1.231215
0.696667	0.200	-1.232536
0.700000	0.200	-1.232520
0.703333	0.200	-1.231519
0.706667	0.200	-1.230299
0.710000	0.200	-1.229548
0.713333	0.200	-1.229426
0.716667	0.200	-1.229562
0.720000	0.200	-1.229482
0.723333	0.200	-1.228898
0.726667	0.200	-1.227987
0.730000	0.200	-1.227496
0.733333	0.200	-1.227997
0.736667	0.200	-1.229116
0.740000	0.200	-1.230048
0.743333	0.200	-1.230631
0.746667	0.200	-1.231397
0.750000	0.200	-1.232718
0.753333	0.200	-1.234460
0.756667	0.200	-1.236356
0.760000	0.200	-1.238243
0.763333	0.200	-1.239943
0.766667	0.200	-1.241140
0.770000	0.200	-1.241610
0.773333	0.200	-1.241551
0.776667	0.200	-1.241395
0.780000	0.200	-1.241407
0.783333	0.200	-1.241582
0.786667	0.200	-1.241737
0.790000	0.200	-1.241944
0.793333	0.200	-1.242830
0.796667	0.200	-1.244922
0.800000	0.200	-1.247917
0.803333	0.200	-1.250942
0.806667	0.200	-1.253268
0.810000	0.200	-1.254696
0.813333	0.200	-1.255562
0.816667	0.200	-1.256493
0.820000	0.200	-1.258086
0.823333	0.200	-1.260600
0.826667	0.200	-1.263795
0.830000	0.200	-1.267210
0.833333	0.200	-1.270642
0.836667	0.200	-1.274086
0.840000	0.200	-1.277502
0.843333	0.200	-1.281039
0.846667	0.200	-1.285122
0.850000	0.200	-1.289925
0.853333	0.200	-1.294859
0.856667	0.200	-1.298707
0.860000	0.200	-1.300229
0.863333	0.200	-1.298689
0.866667	0.200	-1.293989
0.870000	0.200	-1.286080
0.873333	0.200	-1.273913
0.876667	0.200	-1.254567
0.880000	0.200	-1.222431
0.883333	0.200	-1.169329
0.886667	0.200	-1.087947
0.890000	0.200	-0.977481
0.893333	0.200	-0.846379
0.896667	0.200	-0.709221
0.900000	0.200	-0.580616
0.903333	0.200	-0.471571
0.906667	0.200	-0.389587
0.910000	0.200	-0.338946
0.913333	0.200	-0.319664
0.916667	0.200	-0.326931
0.920000	0.200	-0.352567
0.923333	0.200	-0.388135
0.926667	0.200	-0.427778
0.930000	0.200	-0.468896
0.933333	0.200	-0.510835
0.936667	0.200	-0.553040
0.940000	0.200	-0.593932
0.943333	0.200	-0.630171
0.946667	0.200	-0.655921
0.950000	0.200	-0.663955
0.953333	0.200	-0.649331
0.956667	0.200	-0.612861
0.960000	0.200	-0.561528
0.963333	0.200	-0.506132
0.966667	0.200	-0.458305
0.970000	0.200	-0.428022
0.973333	0.200	-0.421342
0.976667	0.200	-0.438948
0.980000	0.200	-0.476612
0.983333	0.200	-0.527242
0.986667	0.200	-0.582917
0.990000	0.200	-0.636590
0.993333	0.200	-0.684099
0.996667	0.200	-0.725253
1.000000	0.200	-0.762338
1.003333	0.200	-0.797623
1.006667	0.200	-0.832500
1.010000	0.200	-0.867558
1.013333	0.200	-0.902159
1.016667	0.200	-0.934649
1.020000	0.200	-0.963616
1.023333	0.200	-0.988512
1.026667	0.200	-1.009138
1.030000	0.200	-1.025399
1.033333	0.200	-1.037730
1.036667	0.200	-1.047168
1.040000	0.200	-1.054642
1.043333	0.200	-1.060150
1.046667	0.200	-1.062988
1.050000	0.200	-1.062845
1.053333	0.200	-1.059761
1.056667	0.200	-1.052982
1.060000	0.200	-1.040330
1.063333	0.200	-1.017707
1.066667	0.200	-0.978005
1.070000	0.200	-0.909176
1.073333	0.200	-0.790003
1.076667	0.200	-0.582874
1.080000	0.200	-0.225225
1.083333	0.200	0.378407
1.086667	0.200	1.359987
1.090000	0.200	2.878319
1.093333	0.200	5.087447
1.096667	0.200	8.084289
1.100000	0.200	11.850749
1.103333	0.200	16.215201
1.106667	0.200	20.855421
1.110000	0.200	25.349010
1.113333	0.200	29.257418
1.116667	0.200	32.215413
1.120000	0.200	33.996176
1.123333	0.200	34.535693
1.126667	0.200	33.918140
1.130000	0.200	32.334607
1.133333	0.200	30.031190
1.136667	0.200	27.261644
1.140000	0.200	24.254326
1.143333	0.200	21.195290
1.146667	0.200	18.223523
1.150000	0.200	15.433300
1.153333	0.200	12.880760
1.156667	0.200	10.592974
1.160000	0.200	8.577247
1.163333	0.200	6.828678
1.166667	0.200	5.334997
1.170000	0.200	4.078831
1.173333	0.200	3.038789
1.176667	0.200	2.190451
1.180000	0.200	1.507349
1.183333	0.200	0.962391
1.186667	0.200	0.530007
1.190000	0.200	0.188207
1.193333	0.200	-0.080245
1.196667	0.200	-0.287224
1.200000	0.200	-0.438650
1.203333	0.200	-0.534653
1.206667	0.200	-0.571546
1.210000	0.200	-0.545190
1.213333	0.200	-0.455145
1.216667	0.200	-0.309016
1.220000	0.200	-0.125581
1.223333	0.200	0.065253
1.226667	0.200	0.227624
1.230000	0.200	0.330391
1.233333	0.200	0.358700
1.236667	0.200	0.317133
1.240000	0.200	0.222007
1.243333	0.200	0.092405
1.246667	0.200	-0.053430
1.250000	0.200	-0.199424
1.253333	0.200	-0.333099
1.256667	0.200	-0.446292
1.260000	0.200	-0.535048
1.263333	0.200	-0.598274
1.266667	0.200	-0.634889
1.270000	0.200	-0.641174
1.273333	0.200	-0.609744
1.276667	0.200	-0.530244
1.280000	0.200	-0.393036
1.283333	0.200	-0.197109
1.286667	0.200	0.041358
1.290000	0.200	0.286373
1.293333	0.200	0.489402
1.296667	0.200	0.605319
1.300000	0.200	0.609602
1.303333	0.200	0.507208
1.306667	0.200	0.328711
1.310000	0.200	0.117091
1.313333	0.200	-0.087266
1.316667	0.200	-0.256935
1.320000	0.200	-0.380736
1.323333	0.200	-0.461025
1.326667	0.200	-0.507821
1.330000	0.200	-0.532810
1.333333	0.200	-0.545815
1.336667	0.200	-0.554016
1.340000	0.200	-0.562030
1.343333	0.200	-0.572059
1.346667	0.200	-0.584507
1.350000	0.200	-0.598760
1.353333	0.200	-0.613608
1.356667	0.200	-0.627652
1.360000	0.200	-0.639889
1.363333	0.200	-0.650159
1.366667	0.200	-0.659377
1.370000	0.200	-0.669262
1.373333	0.200	-0.681428
1.376667	0.200	-0.696410
1.380000	0.200	-0.713240
1.383333	0.200	-0.729935
1.386667	0.200	-0.744820
1.390000	0.200	-0.757515
1.393333	0.200	-0.768673
1.396667	0.200	-0.779274
1.400000	0.200	-0.790043
1.403333	0.200	-0.800953
1.406667	0.200	-0.811458
1.410000	0.200	-0.821170
1.413333	0.200	-0.830059
1.416667	0.200	-0.838381
1.420000	0.200	-0.846496
1.423333	0.200	-0.854534
1.426667	0.200	-0.862337
1.430000	0.200	-0.869797
1.433333	0.200	-0.877073
1.436667	0.200	-0.884408
1.440000	0.200	-0.891894
1.443333	0.200	-0.899632
1.446667	0.200	-0.907858
1.450000	0.200	-0.916587
1.453333	0.200	-0.925243
1.456667	0.200	-0.932758
1.460000	0.200	-0.938186
1.463333	0.200	-0.941197
1.466667	0.200	-0.942031
1.470000	0.200	-0.941433
1.473333	0.200	-0.940370
1.476667	0.200	-0.939326
1.480000	0.200	-0.938170
1.483333	0.200	-0.936567
1.486667	0.200	-0.934207
1.490000	0.200	-0.931118
1.493333	0.200	-0.927667
1.496667	0.200	-0.923952
1.500000	0.200	-0.919659
1.503333	0.200	-0.914497
1.506667	0.200	-0.908332
1.510000	0.200	-0.901165
1.513333	0.200	-0.893465
1.516667	0.200	-0.886366
1.520000	0.200	-0.880929
1.523333	0.200	-0.877380
1.526667	0.200	-0.875373
1.530000	0.200	-0.874537
1.533333	0.200	-0.874516
1.536667	0.200	-0.874771
1.540000	0.200	-0.874693
1.543333	0.200	-0.873862
1.546667	0.200	-0.872048
1.550000	0.200	-0.869271
1.553333	0.200	-0.865927
1.556667	0.200	-0.862791
1.560000	0.200	-0.860919
1.563333	0.200	-0.861294
1.566667	0.200	-0.864237
1.570000	0.200	-0.869085
1.573333	0.200	-0.874830
1.576667	0.200	-0.880787
1.580000	0.200	-0.886365
1.583333	0.200	-0.890976
1.586667	0.200	-0.894277
1.590000	0.200	-0.896116
1.593333	0.200	-0.896796
1.596667	0.200	-0.897410
1.600000	0.200	-0.899100
1.603333	0.200	-0.901905
1.606667	0.200	-0.904734
1.610000	0.200	-0.906571
1.613333	0.200	-0.907529
1.616667	0.200	-0.908824
1.620000	0.200	-0.911745
1.623333	0.200	-0.916419
1.626667	0.200	-0.921583
1.630000	0.200	-0.925766
1.633333	0.200	-0.928671
1.636667	0.200	-0.931210
1.640000	0.200	-0.934191
1.643333	0.200	-0.937335
1.646667	0.200	-0.939692
1.650000	0.200	-0.940663
1.653333	0.200	-0.940352
1.656667	0.200	-0.939152
1.660000	0.200	-0.937570
1.663333	0.200	-0.936356
1.666667	0.200	-0.936037
1.670000	0.200	-0.936133
1.673333	0.200	-0.935328
1.676667	0.200	-0.932864
1.680000	0.200	-0.929506
1.683333	0.200	-0.926814
1.686667	0.200	-0.925802
1.690000	0.200	-0.926504
1.693333	0.200	-0.928421
1.696667	0.200	-0.930928
1.700000	0.200	-0.933193
1.703333	0.200	-0.934224
1.706667	0.200	-0.933377
1.710000	0.200	-0.930801
1.713333	0.200	-0.927452
1.716667	0.200	-0.924618
1.720000	0.200	-0.923144
1.723333	0.200	-0.922859
1.726667	0.200	-0.922882
1.730000	0.200	-0.922681
1.733333	0.200	-0.922585
1.736667	0.200	-0.923263
1.740000	0.200	-0.925025
1.743333	0.200	-0.927542
1.746667	0.200	-0.930083
1.750000	0.200	-0.932002
1.753333	0.200	-0.932918
1.756667	0.200	-0.932883
1.760000	0.200	-0.932629
1.763333	0.200	-0.932983
1.766667	0.200	-0.933950
1.770000	0.200	-0.934958
1.773333	0.200	-0.935621
1.776667	0.200	-0.935617
1.780000	0.200	-0.934538
1.783333	0.200	-0.932372
1.786667	0.200	-0.929602
1.790000	0.200	-0.926622
1.793333	0.200	-0.923407
1.796667	0.200	-0.919781
1.800000	0.200	-0.915443
1.803333	0.200	-0.909656
1.806667	0.200	-0.901666
1.810000	0.200	-0.891205
1.813333	0.200	-0.878039
1.816667	0.200	-0.861554
1.820000	0.200	-0.841087
1.823333	0.200	-0.816555
1.826667	0.200	-0.788806
1.830000	0.200	-0.759176
1.833333	0.200	-0.729129
1.836667	0.200	-0.700559
1.840000	0.200	-0.675604
1.843333	0.200	-0.655957
1.846667	0.200	-0.642474
1.850000	0.200	-0.635062
1.853333	0.200	-0.632720
1.856667	0.200	-0.633750
1.860000	0.200	-0.636098
1.863333	0.200	-0.637983
1.866667	0.200	-0.638316
1.870000	0.200	-0.636399
1.873333	0.200	-0.631885
1.876667	0.200	-0.625477
1.880000	0.200	-0.619111
1.883333	0.200	-0.615184
1.886667	0.200	-0.615558
1.890000	0.200	-0.620948
1.893333	0.200	-0.631186
1.896667	0.200	-0.646134
1.900000	0.200	-0.665954
1.903333	0.200	-0.690309
1.906667	0.200	-0.717742
1.910000	0.200	-0.746099
1.913333	0.200	-0.773518
1.916667	0.200	-0.799036
1.920000	0.200	-0.822506
1.923333	0.200	-0.844087
1.926667	0.200	-0.863732
1.930000	0.200	-0.881058
1.933333	0.200	-0.895696
1.936667	0.200	-0.907519
1.940000	0.200	-0.916701
1.943333	0.200	-0.924011
1.946667	0.200	-0.930460
1.950000	0.200	-0.936304
1.953333	0.200	-0.941168
1.956667	0.200	-0.944888
1.960000	0.200	-0.947647
1.963333	0.200	-0.949912
1.966667	0.200	-0.952243
1.970000	0.200	-0.954533
1.973333	0.200	-0.955856
1.976667	0.200	-0.955238
1.980000	0.200	-0.952271
1.983333	0.200	-0.947210
1.986667	0.200	-0.940463
1.990000	0.200	-0.931739
1.993333	0.200	-0.920103
1.996667	0.200	-0.904926
2.000000	0.200	-0.886058
2.003333	0.200	-0.863294
2.006667	0.200	-0.836668
2.010000	0.200	-0.807364
2.013333	0.200	-0.777604
2.016667	0.200	-0.749572
2.020000	0.200	-0.724778
2.023333	0.200	-0.704281
2.026667	0.200	-0.689018
2.030000	0.200	-0.679819
2.033333	0.200	-0.677351
2.036667	0.200	-0.681957
2.040000	0.200	-0.693422
2.043333	0.200	-0.710952
2.046667	0.200	-0.733180
2.050000	0.200	-0.758178
2.053333	0.200	-0.783739
2.056667	0.200	-0.807792
2.060000	0.200	-0.828924
2.063333	0.200	-0.846900
2.066667	0.200	-0.862503
2.070000	0.200	-0.876620
2.073333	0.200	-0.889464
2.076667	0.200	-0.900675
2.080000	0.200	-0.910003
2.083333	0.200	-0.917724
2.086667	0.200	-0.924272
2.090000	0.200	-0.929642
2.093333	0.200	-0.933408
2.096667	0.200	-0.935333
2.100000	0.200	-0.935959
2.103333	0.200	-0.936488
2.106667	0.200	-0.937961
2.110000	0.200	-0.940535
2.113333	0.200	-0.943500
2.116667	0.200	-0.945933
2.120000	0.200	-0.947362
2.123333	0.200	-0.948009
2.126667	0.200	-0.948429
2.130000	0.200	-0.949056
2.133333	0.200	-0.950123
2.136667	0.200	-0.951562
2.140000	0.200	-0.952980
2.143333	0.200	-0.953997
2.146667	0.200	-0.954445
2.150000	0.200	-0.954416
2.153333	0.200	-0.954065
2.156667	0.200	-0.953273
2.160000	0.200	-0.951867
2.163333	0.200	-0.950045
2.166667	0.200	-0.948335
2.170000	0.200	-0.947434
2.173333	0.200	-0.948056
2.176667	0.200	-0.950440
2.180000	0.200	-0.953765
2.183333	0.200	-0.956296
2.186667	0.200	-0.956531
2.190000	0.200	-0.954325
2.193333	0.200	-0.950695
2.196667	0.200	-0.946809
2.200000	0.200	-0.943671
2.203333	0.200	-0.941996
2.206667	0.200	-0.941627
2.210000	0.200	-0.941710
2.213333	0.200	-0.941624
2.216667	0.200	-0.941457
2.220000	0.200	-0.941758
2.223333	0.200	-0.942788
2.226667	0.200	-0.943872
2.230000	0.200	-0.943670
2.233333	0.200	-0.941196
2.236667	0.200	-0.936215
2.240000	0.200	-0.928729
2.243333	0.200	-0.918704
2.246667	0.200	-0.905642
2.250000	0.200	-0.887797
2.253333	0.200	-0.862336
2.256667	0.200	-0.826764
2.260000	0.200	-0.781116
2.263333	0.200	-0.730134
2.266667	0.200	-0.683678
2.270000	0.200	-0.654295
2.273333	0.200	-0.652566
2.276667	0.200	-0.682194
2.280000	0.200	-0.737723
2.283333	0.200	-0.806763
2.286667	0.200	-0.875355
2.290000	0.200	-0.932728
2.293333	0.200	-0.972966
2.296667	0.200	-0.994643
2.300000	0.200	-1.000158
2.303333	0.200	-0.994520
2.306667	0.200	-0.983354
2.310000	0.200	-0.970943
2.313333	0.200	-0.959363
2.316667	0.200	-0.948953
2.320000	0.200	-0.939281
2.323333	0.200	-0.930059
2.326667	0.200	-0.921711
2.330000	0.200	-0.914972
2.333333	0.200	-0.909963
2.336667	0.200	-0.905989
2.340000	0.200	-0.902291
2.343333	0.200	-0.898701
2.346667	0.200	-0.895434
2.350000	0.200	-0.892598
2.353333	0.200	-0.890183
2.356667	0.200	-0.888230
2.360000	0.200	-0.886609
2.363333	0.200	-0.884837
2.366667	0.200	-0.882471
2.370000	0.200	-0.879650
2.373333	0.200	-0.877042
2.376667	0.200	-0.875305
2.380000	0.200	-0.874766
2.383333	0.200	-0.875493
2.386667	0.200	-0.877196
2.390000	0.200	-0.879075
2.393333	0.200	-0.880265
2.396667	0.200	-0.880600
2.400000	0.200	-0.880529
2.403333	0.200	-0.880368
2.406667	0.200	-0.880182
2.410000	0.200	-0.880172
2.413333	0.200	-0.880535
2.416667	0.200	-0.881211
2.420000	0.200	-0.882175
2.423333	0.200	-0.883691
2.426667	0.200	-0.885918
2.430000	0.200	-0.888373
2.433333	0.200	-0.890161
2.436667	0.200	-0.890842
2.440000	0.200	-0.890926
2.443333	0.200	-0.891266
2.446667	0.200	-0.892029
2.450000	0.200	-0.892641
2.453333	0.200	-0.892818
2.456667	0.200	-0.892922
2.460000	0.200	-0.893054
2.463333	0.200	-0.892794
2.466667	0.200	-0.891975
2.470000	0.200	-0.891034
2.473333	0.200	-0.890530
2.476667	0.200	-0.890547
2.480000	0.200	-0.890555
2.483333	0.200	-0.889899
2.486667	0.200	-0.888448
2.490000	0.200	-0.886709
2.493333	0.200	-0.885397
2.496667	0.200	-0.884994
2.500000	0.200	-0.885426
2.503333	0.200	-0.885988
2.506667	0.200	-0.885779
2.510000	0.200	-0.884346
2.513333	0.200	-0.881929
2.516667	0.200	-0.879236
2.520000	0.200	-0.877175
2.523333	0.200	-0.876513
2.526667	0.200	-0.877231
2.530000	0.200	-0.878590
2.533333	0.200	-0.880105
2.536667	0.200	-0.882018
2.540000	0.200	-0.884762
2.543333	0.200	-0.888066
2.546667	0.200	-0.890797
2.550000	0.200	-0.891826
2.553333	0.200	-0.890813
2.556667	0.200	-0.888267
2.560000	0.200	-0.886098
2.563333	0.200	-0.889657
2.566667	0.200	-0.907780
2.570000	0.200	-0.947109
2.573333	0.200	-1.005648
2.576667	0.200	-1.073235
2.580000	0.200	-1.137730
2.583333	0.200	-1.190517
2.586667	0.200	-1.228280
2.590000	0.200	-1.251812
2.593333	0.200	-1.264070
2.596667	0.200	-1.268774
2.600000	0.200	-1.269321
2.603333	0.200	-1.268059
2.606667	0.200	-1.266305
2.610000	0.200	-1.264882
2.613333	0.200	-1.264408
2.616667	0.200	-1.265054
2.620000	0.200	-1.266198
2.623333	0.200	-1.266614
2.626667	0.200	-1.265603
2.630000	0.200	-1.263655
2.633333	0.200	-1.261461
2.636667	0.200	-1.258952
2.640000	0.200	-1.255792
2.643333	0.200	-1.252149
2.646667	0.200	-1.248438
2.650000	0.200	-1.244871
2.653333	0.200	-1.241913
2.656667	0.200	-1.240387
2.660000	0.200	-1.240452
2.663333	0.200	-1.241225
2.666667	0.200	-1.241567
2.670000	0.200	-1.240822
2.673333	0.200	-1.239240
2.676667	0.200	-1.237780
2.680000	0.200	-1.237303
2.683333	0.200	-1.237928
2.686667	0.200	-1.238753
2.690000	0.200	-1.238513
2.693333	0.200	-1.237004
2.696667	0.200	-1.235369
2.700000	0.200	-1.235074
2.703333	0.200	-1.236985
2.706667	0.200	-1.240772
2.710000	0.200	-1.244905
2.713333	0.200	-1.247461
2.716667	0.200	-1.247115
2.720000	0.200	-1.243947
2.723333	0.200	-1.239545
2.726667	0.200	-1.235967
2.730000	0.200	-1.234405
2.733333	0.200	-1.234788
2.736667	0.200	-1.236380
2.740000	0.200	-1.238397
2.743333	0.200	-1.240211
2.746667	0.200	-1.241652
2.750000	0.200	-1.243194
2.753333	0.200	-1.245123
2.756667	0.200	-1.246674
2.760000	0.200	-1.246763
2.763333	0.200	-1.245161
2.766667	0.200	-1.242673
2.770000	0.200	-1.240661
2.773333	0.200	-1.240007
2.776667	0.200	-1.240275
2.780000	0.200	-1.240198
2.783333	0.200	-1.238551
2.786667	0.200	-1.234706
2.790000	0.200	-1.229060
2.793333	0.200	-1.223031
2.796667	0.200	-1.218322
2.800000	0.200	-1.215598
2.803333	0.200	-1.213885
2.806667	0.200	-1.211879
2.810000	0.200	-1.209463
2.813333	0.200	-1.207593
2.816667	0.200	-1.207162
2.820000	0.200	-1.208001
2.823333	0.200	-1.208792
2.826667	0.200	-1.208304
2.830000	0.200	-1.206355
2.833333	0.200	-1.203505
2.836667	0.200	-1.200558
2.840000	0.200	-1.198101
2.843333	0.200	-1.196123
2.846667	0.200	-1.194335
2.850000	0.200	-1.192589
2.853333	0.200	-1.190751
2.856667	0.200	-1.188374
2.860000	0.200	-1.184889
2.863333	0.200	-1.180291
2.866667	0.200	-1.175250
2.870000	0.200	-1.170467
2.873333	0.200	-1.166320
2.876667	0.200	-1.163027
2.880000	0.200	-1.160679
2.883333	0.200	-1.159186
2.886667	0.200	-1.158447
2.890000	0.200	-1.158402
2.893333	0.200	-1.158874
2.896667	0.200	-1.159551
2.900000	0.200	-1.160178
2.903333	0.200	-1.160561
2.906667	0.200	-1.160333
2.910000	0.200	-1.159346
2.913333	0.200	-1.158130
2.916667	0.200	-1.157011
2.920000	0.200	-1.155296
2.923333	0.200	-1.152029
2.926667	0.200	-1.147144
2.930000	0.200	-1.141665
2.933333	0.200	-1.136890
2.936667	0.200	-1.133459
2.940000	0.200	-1.131087
2.943333	0.200	-1.129065
2.946667	0.200	-1.127001
2.950000	0.200	-1.125094
2.953333	0.200	-1.123917
2.956667	0.200	-1.123964
2.960000	0.200	-1.125148
2.963333	0.200	-1.126671
2.966667	0.200	-1.127441
2.970000	0.200	-1.126661
2.973333	0.200	-1.124086
2.976667	0.200	-1.119817
2.980000	0.200	-1.114141
2.983333	0.200	-1.107517
2.986667	0.200	-1.100376
2.990000	0.200	-1.092997
2.993333	0.200	-1.085714
2.996667	0.200	-1.079138
3.000000	0.200	-1.073831
3.003333	0.200	-1.069724
3.006667	0.200	-1.066237
3.010000	0.200	-1.062834
3.013333	0.200	-1.057913
3.016667	0.200	-1.046382
3.020000	0.200	-1.021490
3.023333	0.200	-0.981384
3.026667	0.200	-0.931818
3.030000	0.200	-0.882258
3.033333	0.200	-0.840872
3.036667	0.200	-0.811717
3.040000	0.200	-0.794323
3.043333	0.200	-0.785482
3.046667	0.200	-0.781868
3.050000	0.200	-0.781322
3.053333	0.200	-0.782472
3.056667	0.200	-0.784252
3.060000	0.200	-0.785916
3.063333	0.200	-0.786964
3.066667	0.200	-0.787003
3.070000	0.200	-0.785861
3.073333	0.200	-0.783897
3.076667	0.200	-0.781991
3.080000	0.200	-0.780950
3.083333	0.200	-0.780889
3.086667	0.200	-0.781311
3.090000	0.200	-0.781605
3.093333	0.200	-0.781375
3.096667	0.200	-0.780481
3.100000	0.200	-0.778923
3.103333	0.200	-0.776914
3.106667	0.200	-0.775159
3.110000	0.200	-0.774685
3.113333	0.200	-0.776125
3.116667	0.200	-0.779046
3.120000	0.200	-0.781820
3.123333	0.200	-0.782684
3.126667	0.200	-0.781396
3.130000	0.200	-0.779377
3.133333	0.200	-0.777962
3.136667	0.200	-0.777198
3.140000	0.200	-0.776461
3.143333	0.200	-0.775396
3.146667	0.200	-0.773996
3.150000	0.200	-0.772355
3.153333	0.200	-0.770643
3.156667	0.200	-0.769064
3.160000	0.200	-0.767911
3.163333	0.200	-0.767659
3.166667	0.200	-0.768450
3.170000	0.200	-0.769690
3.173333	0.200	-0.770650
3.176667	0.200	-0.771019
3.180000	0.200	-0.770717
3.183333	0.200	-0.769944
3.186667	0.200	-0.769373
3.190000	0.200	-0.769743
3.193333	0.200	-0.771292
3.196667	0.200	-0.773651
3.200000	0.200	-0.775942
3.203333	0.200	-0.777090
3.206667	0.200	-0.776458
3.210000	0.200	-0.774087
3.213333	0.200	-0.770405
3.216667	0.200	-0.766011
3.220000	0.200	-0.761472
3.223333	0.200	-0.757203
3.226667	0.200	-0.753663
3.230000	0.200	-0.751429
3.233333	0.200	-0.750959
3.236667	0.200	-0.752156
3.240000	0.200	-0.754110
3.243333	0.200	-0.755592
3.246667	0.200	-0.755916
3.250000	0.200	-0.755067
3.253333	0.200	-0.753233
3.256667	0.200	-0.750643
3.260000	0.200	-0.747650
3.263333	0.200	-0.744793
3.266667	0.200	-0.742727
3.270000	0.200	-0.741728
3.273333	0.200	-0.741330
3.276667	0.200	-0.740559
3.280000	0.200	-0.738737
3.283333	0.200	-0.737126
3.286667	0.200	-0.739464
3.290000	0.200	-0.748352
3.293333	0.200	-0.761116
3.296667	0.200	-0.771575
3.300000	0.200	-0.775259
3.303333	0.200	-0.771905
3.306667	0.200	-0.764369
3.310000	0.200	-0.756196
3.313333	0.200	-0.749920
3.316667	0.200	-0.746564
3.320000	0.200	-0.745571
3.323333	0.200	-0.745325
3.326667	0.200	-0.744429
3.330000	0.200	-0.742794
3.333333	0.200	-0.741270
3.336667	0.200	-0.740282
3.340000	0.200	-0.739377
3.343333	0.200	-0.737869
3.346667	0.200	-0.735496
3.350000	0.200	-0.732664
3.353333	0.200	-0.730123
3.356667	0.200	-0.728186
3.360000	0.200	-0.726404
3.363333	0.200	-0.724398
3.366667	0.200	-0.722854
3.370000	0.200	-0.723011
3.373333	0.200	-0.725017
3.376667	0.200	-0.727462
3.380000	0.200	-0.728710
3.383333	0.200	-0.727952
3.386667	0.200	-0.724810
3.390000	0.200	-0.718659
3.393333	0.200	-0.708478
3.396667	0.200	-0.692937
3.400000	0.200	-0.670807
3.403333	0.200	-0.641623
3.406667	0.200	-0.605777
3.410000	0.200	-0.564016
3.413333	0.200	-0.517276
3.416667	0.200	-0.467065
3.420000	0.200	-0.416038
3.423333	0.200	-0.368340
3.426667	0.200	-0.328880
3.430000	0.200	-0.301771
3.433333	0.200	-0.289961
3.436667	0.200	-0.296959
3.440000	0.200	-0.326622
3.443333	0.200	-0.377632
3.446667	0.200	-0.439201
3.450000	0.200	-0.496018
3.453333	0.200	-0.537792
3.456667	0.200	-0.563273
3.460000	0.200	-0.577415
3.463333	0.200	-0.586611
3.466667	0.200	-0.595329
3.470000	0.200	-0.605302
3.473333	0.200	-0.616593
3.476667	0.200	-0.628735
3.480000	0.200	-0.641000
3.483333	0.200	-0.652396
3.486667	0.200	-0.662067
3.490000	0.200	-0.669543
3.493333	0.200	-0.674723
3.496667	0.200	-0.678060
3.500000	0.200	-0.680444
3.503333	0.200	-0.682574
3.506667	0.200	-0.684622
3.510000	0.200	-0.686509
3.513333	0.200	-0.688386
3.516667	0.200	-0.690705
3.520000	0.200	-0.693597
3.523333	0.200	-0.696269
3.526667	0.200	-0.697491
3.530000	0.200	-0.696803
3.533333	0.200	-0.695126
3.536667	0.200	-0.693712
3.540000	0.200	-0.692807
3.543333	0.200	-0.692243
3.546667	0.200	-0.692374
3.550000	0.200	-0.693381
3.553333	0.200	-0.694834
3.556667	0.200	-0.696533
3.560000	0.200	-0.698950
3.563333	0.200	-0.702658
3.566667	0.200	-0.707454
3.570000	0.200	-0.712012
3.573333	0.200	-0.714780
3.576667	0.200	-0.715281
3.580000	0.200	-0.714064
3.583333	0.200	-0.711872
3.586667	0.200	-0.709373
3.590000	0.200	-0.707094
3.593333	0.200	-0.705212
3.596667	0.200	-0.703550
3.600000	0.200	-0.701815
3.603333	0.200	-0.699850
3.606667	0.200	-0.697698
3.610000	0.200	-0.695822
3.613333	0.200	-0.694996
3.616667	0.200	-0.695392
3.620000	0.200	-0.696339
3.623333	0.200	-0.697048
3.626667	0.200	-0.696922
3.630000	0.200	-0.695629
3.633333	0.200	-0.693530
3.636667	0.200	-0.691630
3.640000	0.200	-0.690798
3.643333	0.200	-0.691145
3.646667	0.200	-0.692017
3.650000	0.200	-0.692647
3.653333	0.200	-0.692840
3.656667	0.200	-0.692940
3.660000	0.200	-0.693395
3.663333	0.200	-0.694517
3.666667	0.200	-0.696412
3.670000	0.200	-0.698872
3.673333	0.200	-0.701255
3.676667	0.200	-0.702807
3.680000	0.200	-0.703341
3.683333	0.200	-0.703913
3.686667	0.200	-0.708618
3.690000	0.200	-0.725920
3.693333	0.200	-0.764209
3.696667	0.200	-0.823682
3.700000	0.200	-0.894413
3.703333	0.200	-0.962598
3.706667	0.200	-1.017814
3.710000	0.200	-1.056143
3.713333	0.200	-1.079175
3.716667	0.200	-1.091059
3.720000	0.200	-1.095925
3.723333	0.200	-1.096779
3.726667	0.200	-1.095432
3.730000	0.200	-1.093071
3.733333	0.200	-1.090781
3.736667	0.200	-1.089376
3.740000	0.200	-1.089206
3.743333	0.200	-1.090147
3.746667	0.200	-1.091607
3.750000	0.200	-1.092828
3.753333	0.200	-1.093015
3.756667	0.200	-1.091209
3.760000	0.200	-1.086451
3.763333	0.200	-1.077937
3.766667	0.200	-1.065006
3.770000	0.200	-1.046965
3.773333	0.200	-1.022874
3.776667	0.200	-0.991659
3.780000	0.200	-0.952577
3.783333	0.200	-0.905953
3.786667	0.200	-0.853715
3.790000	0.200	-0.799062
3.793333	0.200	-0.745992
3.796667	0.200	-0.699207
3.800000	0.200	-0.663509
3.803333	0.200	-0.642512
3.806667	0.200	-0.637632
3.810000	0.200	-0.648183
3.813333	0.200	-0.672180
3.816667	0.200	-0.706823
3.820000	0.200	-0.748492
3.823333	0.200	-0.793059
3.826667	0.200	-0.836913
3.830000	0.200	-0.877616
3.833333	0.200	-0.913815
3.836667	0.200	-0.945057
3.840000	0.200	-0.971377
3.843333	0.200	-0.992881
3.846667	0.200	-1.009818
3.850000	0.200	-1.022733
3.853333	0.200	-1.032507
3.856667	0.200	-1.040148
3.860000	0.200	-1.046194
3.863333	0.200	-1.050630
3.866667	0.200	-1.053780
3.870000	0.200	-1.056688
3.873333	0.200	-1.060219
3.876667	0.200	-1.064192
3.880000	0.200	-1.067685
3.883333	0.200	-1.070096
3.886667	0.200	-1.071762
3.890000	0.200	-1.073530
3.893333	0.200	-1.075881
3.896667	0.200	-1.078643
3.900000	0.200	-1.081497
3.903333	0.200	-1.084468
3.906667	0.200	-1.087747
3.910000	0.200	-1.091221
3.913333	0.200	-1.094471
3.916667	0.200	-1.097210
3.920000	0.200	-1.099453
3.923333	0.200	-1.101250
3.926667	0.200	-1.102432
3.930000	0.200	-1.102718
3.933333	0.200	-1.102029
3.936667	0.200	-1.100689
3.940000	0.200	-1.099252
3.943333	0.200	-1.097972
3.946667	0.200	-1.096711
3.950000	0.200	-1.095450
3.953333	0.200	-1.094580
3.956667	0.200	-1.094536
3.960000	0.200	-1.095052
3.963333	0.200	-1.095054
3.966667	0.200	-1.093678
3.970000	0.200	-1.091161
3.973333	0.200	-1.088587
3.976667	0.200	-1.087004
3.980000	0.200	-1.086725
3.983333	0.200	-1.087337
3.986667	0.200	-1.088298
3.990000	0.200	-1.089385
3.993333	0.200	-1.090598
3.996667	0.200	-1.091696
4.000000	0.200	-1.091980
4.003333	0.200	-1.091008
4.006667	0.200	-1.089390
4.010000	0.200	-1.088334
4.013333	0.200	-1.088571
4.016667	0.200	-1.089771
4.020000	0.200	-1.090786
4.023333	0.200	-1.090708
4.026667	0.200	-1.089638
4.030000	0.200	-1.088244
4.033333	0.200	-1.087002
4.036667	0.200	-1.085991
4.040000	0.200	-1.085007
4.043333	0.200	-1.083815
4.046667	0.200	-1.082370
4.050000	0.200	-1.080796
4.053333	0.200	-1.079026
4.056667	0.200	-1.076652
4.060000	0.200	-1.073617
4.063333	0.200	-1.070591
4.066667	0.200	-1.068269
4.070000	0.200	-1.066863
4.073333	0.200	-1.066360
4.076667	0.200	-1.066750
4.080000	0.200	-1.067907
4.083333	0.200	-1.069327
4.086667	0.200	-1.070207
4.090000	0.200	-1.069971
4.093333	0.200	-1.068610
4.096667	0.200	-1.066409
4.100000	0.200	-1.063438
4.103333	0.200	-1.059349
4.106667	0.200	-1.053435
4.110000	0.200	-1.044536
4.113333	0.200	-1.031629
4.116667	0.200	-1.015211
4.120000	0.200	-0.997303
4.123333	0.200	-0.979994
4.126667	0.200	-0.964751
4.130000	0.200	-0.952530
4.133333	0.200	-0.943513
4.136667	0.200	-0.936845
4.140000	0.200	-0.931079
4.143333	0.200	-0.924952
4.146667	0.200	-0.917786
4.150000	0.200	-0.909348
4.153333	0.200	-0.899536
4.156667	0.200	-0.888803
4.160000	0.200	-0.879030
4.163333	0.200	-0.872342
4.166667	0.200	-0.868769
4.170000	0.200	-0.865750
4.173333	0.200	-0.858594
4.176667	0.200	-0.842223
4.180000	0.200	-0.815244
4.183333	0.200	-0.782577
4.186667	0.200	-0.753160
4.190000	0.200	-0.734024
4.193333	0.200	-0.727196
4.196667	0.200	-0.733339
4.200000	0.200	-0.754144
4.203333	0.200	-0.788215
4.206667	0.200	-0.827753
4.210000	0.200	-0.860502
4.213333	0.200	-0.874531
4.216667	0.200	-0.864071
4.220000	0.200	-0.832983
4.223333	0.200	-0.791926
4.226667	0.200	-0.751827
4.230000	0.200	-0.719580
4.233333	0.200	-0.697590
4.236667	0.200	-0.685162
4.240000	0.200	-0.679932
4.243333	0.200	-0.679187
4.246667	0.200	-0.681006
4.250000	0.200	-0.683999
4.253333	0.200	-0.686519
4.256667	0.200	-0.687301
4.260000	0.200	-0.686671
4.263333	0.200	-0.686275
4.266667	0.200	-0.687194
4.270000	0.200	-0.688680
4.273333	0.200	-0.689360
4.276667	0.200	-0.688852
4.280000	0.200	-0.687418
4.283333	0.200	-0.685128
4.286667	0.200	-0.681907
4.290000	0.200	-0.677902
4.293333	0.200	-0.673911
4.296667	0.200	-0.671243
4.300000	0.200	-0.670823
4.303333	0.200	-0.672797
4.306667	0.200	-0.676622
4.310000	0.200	-0.681047
4.313333	0.200	-0.684694
4.316667	0.200	-0.687439
4.320000	0.200	-0.691189
4.323333	0.200	-0.697691
4.326667	0.200	-0.705328
4.330000	0.200	-0.710158
4.333333	0.200	-0.709759
4.336667	0.200	-0.704885
4.340000	0.200	-0.698277
4.343333	0.200	-0.692394
4.346667	0.200	-0.688054
4.350000	0.200	-0.684927
4.353333	0.200	-0.682649
4.356667	0.200	-0.680949
4.360000	0.200	-0.679396
4.363333	0.200	-0.677825
4.366667	0.200	-0.676736
4.370000	0.200	-0.676970
4.373333	0.200	-0.678885
4.376667	0.200	-0.681638
4.380000	0.200	-0.683497
4.383333	0.200	-0.683185
4.386667	0.200	-0.680921
4.390000	0.200	-0.678125
4.393333	0.200	-0.675946
4.396667	0.200	-0.674256
4.400000	0.200	-0.672543
4.403333	0.200	-0.671231
4.406667	0.200	-0.671115
4.410000	0.200	-0.672049
4.413333	0.200	-0.673165
4.416667	0.200	-0.673843
4.420000	0.200	-0.673935
4.423333	0.200	-0.673584
4.426667	0.200	-0.673168
4.430000	0.200	-0.673120
4.433333	0.200	-0.673497
4.436667	0.200	-0.673844
4.440000	0.200	-0.673637
4.443333	0.200	-0.672800
4.446667	0.200	-0.671772
4.450000	0.200	-0.672074
4.453333	0.200	-0.677499
4.456667	0.200	-0.691355
4.460000	0.200	-0.710175
4.463333	0.200	-0.724230
4.466667	0.200	-0.726041
4.470000	0.200	-0.715818
4.473333	0.200	-0.699375
4.476667	0.200	-0.683183
4.480000	0.200	-0.671112
4.483333	0.200	-0.663971
4.486667	0.200	-0.660461
4.490000	0.200	-0.658509
4.493333	0.200	-0.656724
4.496667	0.200	-0.654953
4.500000	0.200	-0.653661
4.503333	0.200	-0.653180
4.506667	0.200	-0.653421
4.510000	0.200	-0.654121
4.513333	0.200	-0.655249
4.516667	0.200	-0.656803
4.520000	0.200	-0.658319
4.523333	0.200	-0.659022
4.526667	0.200	-0.658488
4.530000	0.200	-0.656976
4.533333	0.200	-0.655087
4.536667	0.200	-0.653203
4.540000	0.200	-0.651190
4.543333	0.200	-0.648488
4.546667	0.200	-0.644865
4.550000	0.200	-0.641221
4.553333	0.200	-0.639084
4.556667	0.200	-0.639207
4.560000	0.200	-0.640874
4.563333	0.200	-0.642431
4.566667	0.200	-0.642654
4.570000	0.200	-0.641715
4.573333	0.200	-0.640578
4.576667	0.200	-0.639691
4.580000	0.200	-0.638789
4.583333	0.200	-0.637525
4.586667	0.200	-0.635668
4.590000	0.200	-0.633187
4.593333	0.200	-0.630544
4.596667	0.200	-0.628389
4.600000	0.200	-0.626970
4.603333	0.200	-0.626160
4.606667	0.200	-0.625884
4.610000	0.200	-0.626322
4.613333	0.200	-0.627588
4.616667	0.200	-0.630339
4.620000	0.200	-0.638395
4.623333	0.200	-0.658356
4.626667	0.200	-0.693219
4.630000	0.200	-0.737970
4.633333	0.200	-0.781819
4.636667	0.200	-0.812180
4.640000	0.200	-0.818875
4.643333	0.200	-0.799251
4.646667	0.200	-0.759793
4.650000	0.200	-0.712014
4.653333	0.200	-0.666643
4.656667	0.200	-0.630170
4.660000	0.200	-0.604670
4.663333	0.200	-0.589325
4.666667	0.200	-0.581598
4.670000	0.200	-0.578224
4.673333	0.200	-0.576476
4.676667	0.200	-0.574803
4.680000	0.200	-0.572712
4.683333	0.200	-0.570635
4.686667	0.200	-0.569521
4.690000	0.200	-0.569844
4.693333	0.200	-0.571182
4.696667	0.200	-0.572902
4.700000	0.200	-0.574697
4.703333	0.200	-0.576440
4.706667	0.200	-0.578056
4.710000	0.200	-0.579549
4.713333	0.200	-0.580998
4.716667	0.200	-0.582453
4.720000	0.200	-0.583571
4.723333	0.200	-0.583744
4.726667	0.200	-0.583031
4.730000	0.200	-0.582361
4.733333	0.200	-0.582573
4.736667	0.200	-0.583746
4.740000	0.200	-0.585304
4.743333	0.200	-0.586441
4.746667	0.200	-0.586583
4.750000	0.200	-0.585742
4.753333	0.200	-0.584497
4.756667	0.200	-0.583408
4.760000	0.200	-0.582519
4.763333	0.200	-0.581530
4.766667	0.200	-0.580358
4.770000	0.200	-0.579287
4.773333	0.200	-0.578426
4.776667	0.200	-0.577532
4.780000	0.200	-0.576820
4.783333	0.200	-0.577126
4.786667	0.200	-0.578660
4.790000	0.200	-0.580506
4.793333	0.200	-0.581657
4.796667	0.200	-0.581782
4.800000	0.200	-0.580905
4.803333	0.200	-0.578911
4.806667	0.200	-0.575510
4.810000	0.200	-0.570415
4.813333	0.200	-0.563579
4.816667	0.200	-0.555347
4.820000	0.200	-0.546306
4.823333	0.200	-0.537012
4.826667	0.200	-0.527765
4.830000	0.200	-0.518557
4.833333	0.200	-0.509149
4.836667	0.200	-0.499123
4.840000	0.200	-0.488166
4.843333	0.200	-0.476547
4.846667	0.200	-0.465313
4.850000	0.200	-0.455846
4.853333	0.200	-0.449271
4.856667	0.200	-0.446222
4.860000	0.200	-0.446519
4.863333	0.200	-0.448992
4.866667	0.200	-0.452198
4.870000	0.200	-0.455458
4.873333	0.200	-0.459121
4.876667	0.200	-0.463778
4.880000	0.200	-0.469355
4.883333	0.200	-0.475052
4.886667	0.200	-0.480001
4.890000	0.200	-0.484590
4.893333	0.200	-0.492882
4.896667	0.200	-0.513303
4.900000	0.200	-0.553484
4.903333	0.200	-0.613043
4.906667	0.200	-0.682911
4.910000	0.200	-0.751465
4.913333	0.200	-0.810062
4.916667	0.200	-0.854519
4.920000	0.200	-0.884783
4.923333	0.200	-0.903866
4.926667	0.200	-0.915708
4.930000	0.200	-0.923498
4.933333	0.200	-0.929363
4.936667	0.200	-0.934423
4.940000	0.200	-0.938839
4.943333	0.200	-0.942082
4.946667	0.200	-0.943546
4.950000	0.200	-0.943260
4.953333	0.200	-0.942057
4.956667	0.200	-0.940952
4.960000	0.200	-0.940326
4.963333	0.200	-0.939990
4.966667	0.200	-0.940009
4.970000	0.200	-0.940799
4.973333	0.200	-0.942328
4.976667	0.200	-0.943618
4.980000	0.200	-0.943204
4.983333	0.200	-0.940460
4.986667	0.200	-0.936419
4.990000	0.200	-0.932678
4.993333	0.200	-0.929744
4.996667	0.200	-0.927019
5.000000	0.200	-0.924018
5.003333	0.200	-0.921132
5.006667	0.200	-0.919270
5.010000	0.200	-0.918899
5.013333	0.200	-0.919386
5.016667	0.200	-0.919301
5.020000	0.200	-0.917160
5.023333	0.200	-0.911873
5.026667	0.200	-0.902884
5.030000	0.200	-0.890198
5.033333	0.200	-0.874285
5.036667	0.200	-0.855653
5.040000	0.200	-0.834510
5.043333	0.200	-0.811057
5.046667	0.200	-0.785704
5.050000	0.200	-0.758973
5.053333	0.200	-0.731613
5.056667	0.200	-0.704567
5.060000	0.200	-0.678959
5.063333	0.200	-0.656577
5.066667	0.200	-0.639749
5.070000	0.200	-0.630250
5.073333	0.200	-0.628806
5.076667	0.200	-0.635344
5.080000	0.200	-0.648865
5.083333	0.200	-0.667499
5.086667	0.200	-0.689284
5.090000	0.200	-0.712520
5.093333	0.200	-0.735577
5.096667	0.200	-0.757102
5.100000	0.200	-0.776252
5.103333	0.200	-0.792635
5.106667	0.200	-0.806233
5.110000	0.200	-0.817091
5.113333	0.200	-0.825291
5.116667	0.200	-0.831192
5.120000	0.200	-0.835176
5.123333	0.200	-0.837688
5.126667	0.200	-0.839531
5.130000	0.200	-0.841415
5.133333	0.200	-0.843651
5.136667	0.200	-0.846376
5.140000	0.200	-0.849588
5.143333	0.200	-0.853125
5.146667	0.200	-0.856646
5.150000	0.200	-0.859564
5.153333	0.200	-0.861392
5.156667	0.200	-0.862260
5.160000	0.200	-0.862878
5.163333	0.200	-0.863946
5.166667	0.200	-0.865745
5.170000	0.200	-0.867933
5.173333	0.200	-0.869597
5.176667	0.200	-0.870043
5.180000	0.200	-0.869496
5.183333	0.200	-0.868655
5.186667	0.200	-0.868004
5.190000	0.200	-0.867686
5.193333	0.200	-0.867501
5.196667	0.200	-0.867052
5.200000	0.200	-0.866323
5.203333	0.200	-0.865953
5.206667	0.200	-0.866663
5.210000	0.200	-0.868382
5.213333	0.200	-0.870248
5.216667	0.200	-0.871401
5.220000	0.200	-0.871445
5.223333	0.200	-0.870434
5.226667	0.200	-0.868579
5.230000	0.200	-0.865847
5.233333	0.200	-0.862167
5.236667	0.200	-0.857884
5.240000	0.200	-0.853535
5.243333	0.200	-0.849156
5.246667	0.200	-0.843952
5.250000	0.200	-0.836453
5.253333	0.200	-0.824748
5.256667	0.200	-0.806846
5.260000	0.200	-0.780947
5.263333	0.200	-0.745630
5.266667	0.200	-0.700780
5.270000	0.200	-0.648527
5.273333	0.200	-0.593035
5.276667	0.200	-0.539921
5.280000	0.200	-0.495750
5.283333	0.200	-0.466809
5.286667	0.200	-0.457103
5.290000	0.200	-0.466959
5.293333	0.200	-0.493542
5.296667	0.200	-0.532361
5.300000	0.200	-0.578100
5.303333	0.200	-0.625188
5.306667	0.200	-0.668911
5.310000	0.200	-0.706356
5.313333	0.200	-0.736348
5.316667	0.200	-0.758947
5.320000	0.200	-0.775177
5.323333	0.200	-0.786524
5.326667	0.200	-0.794354
5.330000	0.200	-0.799792
5.333333	0.200	-0.803885
5.336667	0.200	-0.807432
5.340000	0.200	-0.810418
5.343333	0.200	-0.811989
5.346667	0.200	-0.811364
5.350000	0.200	-0.808725
5.353333	0.200	-0.805257
5.356667	0.200	-0.802231
5.360000	0.200	-0.800109
5.363333	0.200	-0.798779
5.366667	0.200	-0.798173
5.370000	0.200	-0.798283
5.373333	0.200	-0.799030
5.376667	0.200	-0.800331
5.380000	0.200	-0.801933
5.383333	0.200	-0.803130
5.386667	0.200	-0.803106
5.390000	0.200	-0.801838
5.393333	0.200	-0.800382
5.396667	0.200	-0.799895
5.400000	0.200	-0.800543
5.403333	0.200	-0.801610
5.406667	0.200	-0.802184
5.410000	0.200	-0.801357
5.413333	0.200	-0.798428
5.416667	0.200	-0.793458
5.420000	0.200	-0.787303
5.423333	0.200	-0.781205
5.426667	0.200	-0.776626
5.430000	0.200	-0.774684
5.433333	0.200	-0.775141
5.436667	0.200	-0.776428
5.440000	0.200	-0.776952
5.443333	0.200	-0.776098
5.446667	0.200	-0.773960
5.450000	0.200	-0.770697
5.453333	0.200	-0.766289
5.456667	0.200	-0.760620
5.460000	0.200	-0.753951
5.463333	0.200	-0.747063
5.466667	0.200	-0.740643
5.470000	0.200	-0.734964
5.473333	0.200	-0.730093
5.476667	0.200	-0.725703
5.480000	0.200	-0.720746
5.483333	0.200	-0.713308
5.486667	0.200	-0.699418
5.490000	0.200	-0.672423
5.493333	0.200	-0.627050
5.496667	0.200	-0.565389
5.500000	0.200	-0.497287
5.503333	0.200	-0.434479
5.506667	0.200	-0.384575
5.510000	0.200	-0.349208
5.513333	0.200	-0.325905
5.516667	0.200	-0.310941
5.520000	0.200	-0.300950
5.523333	0.200	-0.293352
5.526667	0.200	-0.286827
5.530000	0.200	-0.281488
5.533333	0.200	-0.278115
5.536667	0.200	-0.277200
5.540000	0.200	-0.278574
5.543333	0.200	-0.281745
5.546667	0.200	-0.286253
5.550000	0.200	-0.291505
5.553333	0.200	-0.296706
5.556667	0.200	-0.301332
5.560000	0.200	-0.305314
5.563333	0.200	-0.308574
5.566667	0.200	-0.310796
5.570000	0.200	-0.311919
5.573333	0.200	-0.312472
5.576667	0.200	-0.313090
5.580000	0.200	-0.313943
5.583333	0.200	-0.314688
5.586667	0.200	-0.314795
5.590000	0.200	-0.313898
5.593333	0.200	-0.311845
5.596667	0.200	-0.308489
5.600000	0.200	-0.303632
5.603333	0.200	-0.297003
5.606667	0.200	-0.288098
5.610000	0.200	-0.276218
5.613333	0.200	-0.260785
5.616667	0.200	-0.241542
5.620000	0.200	-0.218559
5.623333	0.200	-0.192389
5.626667	0.200	-0.164133
5.630000	0.200	-0.135204
5.633333	0.200	-0.107015
5.636667	0.200	-0.080561
5.640000	0.200	-0.056178
5.643333	0.200	-0.033929
5.646667	0.200	-0.014381
5.650000	0.200	0.001037
5.653333	0.200	0.010300
5.656667	0.200	0.011459
5.660000	0.200	0.003693
5.663333	0.200	-0.011787
5.666667	0.200	-0.032105
5.670000	0.200	-0.054549
5.673333	0.200	-0.077908
5.676667	0.200	-0.101862
5.680000	0.200	-0.126000
5.683333	0.200	-0.149703
5.686667	0.200	-0.172087
5.690000	0.200	-0.192135
5.693333	0.200	-0.209263
5.696667	0.200	-0.223521
5.700000	0.200	-0.235476
5.703333	0.200	-0.245994
5.706667	0.200	-0.255628
5.710000	0.200	-0.264070
5.713333	0.200	-0.270628
5.716667	0.200	-0.275353
5.720000	0.200	-0.278979
5.723333	0.200	-0.281775
5.726667	0.200	-0.283372
5.730000	0.200	-0.283553
5.733333	0.200	-0.282599
5.736667	0.200	-0.281118
5.740000	0.200	-0.279855
5.743333	0.200	-0.279564
5.746667	0.200	-0.280700
5.750000	0.200	-0.283133
5.753333	0.200	-0.286286
5.756667	0.200	-0.289276
5.760000	0.200	-0.291094
5.763333	0.200	-0.291215
5.766667	0.200	-0.289950
5.770000	0.200	-0.287990
5.773333	0.200	-0.285741
5.776667	0.200	-0.283213
5.780000	0.200	-0.280450
5.783333	0.200	-0.277926
5.786667	0.200	-0.276203
5.790000	0.200	-0.275282
5.793333	0.200	-0.274656
5.796667	0.200	-0.273930
5.800000	0.200	-0.273075
5.803333	0.200	-0.272029
5.806667	0.200	-0.270485
5.810000	0.200	-0.268237
5.813333	0.200	-0.265331
5.816667	0.200	-0.261935
5.820000	0.200	-0.258549
5.823333	0.200	-0.256209
5.826667	0.200	-0.255665
5.830000	0.200	-0.256461
5.833333	0.200	-0.257505
5.836667	0.200	-0.258096
5.840000	0.200	-0.258078
5.843333	0.200	-0.257733
5.846667	0.200	-0.257510
5.850000	0.200	-0.257390
5.853333	0.200	-0.256996
5.856667	0.200	-0.256357
5.860000	0.200	-0.255847
5.863333	0.200	-0.255616
5.866667	0.200	-0.255585
5.870000	0.200	-0.255636
5.873333	0.200	-0.255487
5.876667	0.200	-0.254861
5.880000	0.200	-0.254079
5.883333	0.200	-0.253985
5.886667	0.200	-0.254969
5.890000	0.200	-0.256375
5.893333	0.200	-0.256989
5.896667	0.200	-0.255986
5.900000	0.200	-0.253519
5.903333	0.200	-0.250425
5.906667	0.200	-0.247468
5.910000	0.200	-0.245176
5.913333	0.200	-0.243981
5.916667	0.200	-0.244093
5.920000	0.200	-0.245314
5.923333	0.200	-0.247028
5.926667	0.200	-0.248230
5.930000	0.200	-0.247955
5.933333	0.200	-0.246162
5.936667	0.200	-0.243739
5.940000	0.200	-0.241516
5.943333	0.200	-0.239790
5.946667	0.200	-0.238526
5.950000	0.200	-0.237654
5.953333	0.200	-0.237245
5.956667	0.200	-0.237271
5.960000	0.200	-0.237448
5.963333	0.200	-0.237453
5.966667	0.200	-0.236972
5.970000	0.200	-0.235880
5.973333	0.200	-0.234645
5.976667	0.200	-0.234060
5.980000	0.200	-0.234435
5.983333	0.200	-0.235460
5.986667	0.200	-0.236576
5.990000	0.200	-0.237151
5.993333	0.200	-0.236782
5.996667	0.200	-0.235605
6.000000	0.200	-0.234041
6.003333	0.200	-0.232426
6.006667	0.200	-0.230884
6.010000	0.200	-0.229433
6.013333	0.200	-0.228339
6.016667	0.200	-0.228195
6.020000	0.200	-0.229386
6.023333	0.200	-0.231604
6.026667	0.200	-0.233956
6.030000	0.200	-0.235465
6.033333	0.200	-0.235454
6.036667	0.200	-0.233907
6.040000	0.200	-0.231621
6.043333	0.200	-0.229614
6.046667	0.200	-0.228378
6.050000	0.200	-0.227752
6.053333	0.200	-0.227093
6.056667	0.200	-0.225634
6.060000	0.200	-0.223147
6.063333	0.200	-0.220285
6.066667	0.200	-0.218184
6.070000	0.200	-0.217731
6.073333	0.200	-0.219076
6.076667	0.200	-0.221617
6.080000	0.200	-0.224225
6.083333	0.200	-0.225620
6.086667	0.200	-0.225202
6.090000	0.200	-0.223612
6.093333	0.200	-0.222132
6.096667	0.200	-0.221601
6.100000	0.200	-0.221940
6.103333	0.200	-0.222473
6.106667	0.200	-0.222567
6.110000	0.200	-0.222003
6.113333	0.200	-0.220792
6.116667	0.200	-0.218806
6.120000	0.200	-0.215968
6.123333	0.200	-0.212626
6.126667	0.200	-0.209405
6.130000	0.200	-0.206880
6.133333	0.200	-0.205422
6.136667	0.200	-0.205006
6.140000	0.200	-0.205155
6.143333	0.200	-0.205304
6.146667	0.200	-0.205236
6.150000	0.200	-0.205079
6.153333	0.200	-0.204974
6.156667	0.200	-0.204789
6.160000	0.200	-0.204001
6.163333	0.200	-0.202106
6.166667	0.200	-0.199406
6.170000	0.200	-0.197089
6.173333	0.200	-0.196388
6.176667	0.200	-0.197965
6.180000	0.200	-0.201723
6.183333	0.200	-0.206569
6.186667	0.200	-0.210710
6.190000	0.200	-0.212693
6.193333	0.200	-0.212253
6.196667	0.200	-0.210334
6.200000	0.200	-0.208276
6.203333	0.200	-0.207000
6.206667	0.200	-0.206795
6.210000	0.200	-0.207331
6.213333	0.200	-0.208025
6.216667	0.200	-0.208647
6.220000	0.200	-0.209429
6.223333	0.200	-0.210653
6.226667	0.200	-0.212133
6.230000	0.200	-0.213008
6.233333	0.200	-0.212519
6.236667	0.200	-0.210900
6.240000	0.200	-0.209057
6.243333	0.200	-0.207673
6.246667	0.200	-0.206910
6.250000	0.200	-0.206596
6.253333	0.200	-0.206368
6.256667	0.200	-0.205914
6.260000	0.200	-0.205270
6.263333	0.200	-0.205479
6.266667	0.200	-0.210890
6.270000	0.200	-0.229973
6.273333	0.200	-0.269856
6.276667	0.200	-0.329431
6.280000	0.200	-0.399079
6.283333	0.200	-0.466263
6.286667	0.200	-0.521201
6.290000	0.200	-0.559459
6.293333	0.200	-0.581748
6.296667	0.200	-0.592129
6.300000	0.200	-0.595533
6.303333	0.200	-0.595622
6.306667	0.200	-0.594107
6.310000	0.200	-0.591668
6.313333	0.200	-0.589065
6.316667	0.200	-0.587322
6.320000	0.200	-0.587218
6.323333	0.200	-0.588792
6.326667	0.200	-0.591480
6.330000	0.200	-0.594790
6.333333	0.200	-0.598635
6.336667	0.200	-0.602900
6.340000	0.200	-0.606931
6.343333	0.200	-0.609936
6.346667	0.200	-0.611742
6.350000	0.200	-0.612689
6.353333	0.200	-0.613258
6.356667	0.200	-0.614087
6.360000	0.200	-0.615697
6.363333	0.200	-0.618062
6.366667	0.200	-0.620634
6.370000	0.200	-0.622681
6.373333	0.200	-0.623675
6.376667	0.200	-0.623770
6.380000	0.200	-0.623683
6.383333	0.200	-0.623508
6.386667	0.200	-0.622352
6.390000	0.200	-0.619844
6.393333	0.200	-0.617000
6.396667	0.200	-0.615109
6.400000	0.200	-0.614592
6.403333	0.200	-0.615070
6.406667	0.200	-0.615948
6.410000	0.200	-0.616783
6.413333	0.200	-0.617362
6.416667	0.200	-0.617752
6.420000	0.200	-0.618005
6.423333	0.200	-0.617922
6.426667	0.200	-0.617491
6.430000	0.200	-0.616811
6.433333	0.200	-0.615629
6.436667	0.200	-0.613997
6.440000	0.200	-0.612804
6.443333	0.200	-0.612755
6.446667	0.200	-0.613371
6.450000	0.200	-0.613398
6.453333	0.200	-0.612060
6.456667	0.200	-0.609925
6.460000	0.200	-0.608356
6.463333	0.200	-0.608124
6.466667	0.200	-0.608864
6.470000	0.200	-0.609707
6.473333	0.200	-0.610247
6.476667	0.200	-0.610882
6.480000	0.200	-0.612110
6.483333	0.200	-0.613643
6.486667	0.200	-0.614535
6.490000	0.200	-0.614122
6.493333	0.200	-0.612534
6.496667	0.200	-0.610335
6.500000	0.200	-0.608261
6.503333	0.200	-0.607197
6.506667	0.200	-0.607805
6.510000	0.200	-0.610026
6.513333	0.200	-0.612918
6.516667	0.200	-0.615122
6.520000	0.200	-0.615777
6.523333	0.200	-0.614991
6.526667	0.200	-0.613504
6.530000	0.200	-0.612133
6.533333	0.200	-0.611488
6.536667	0.200	-0.611744
6.540000	0.200	-0.612463
6.543333	0.200	-0.613039
6.546667	0.200	-0.613256
6.550000	0.200	-0.613169
6.553333	0.200	-0.612901
6.556667	0.200	-0.612777
6.560000	0.200	-0.613143
6.563333	0.200	-0.613918
6.566667	0.200	-0.614513
6.570000	0.200	-0.614294
6.573333	0.200	-0.613066
6.576667	0.200	-0.611020
6.580000	0.200	-0.608430
6.583333	0.200	-0.605665
6.586667	0.200	-0.603253
6.590000	0.200	-0.601656
6.593333	0.200	-0.600961
6.596667	0.200	-0.600862
6.600000	0.200	-0.600900
6.603333	0.200	-0.600837
6.606667	0.200	-0.600964
6.610000	0.200	-0.601786
6.613333	0.200	-0.603212
6.616667	0.200	-0.604490
6.620000	0.200	-0.604939
6.623333	0.200	-0.604180
6.626667	0.200	-0.602029
6.630000	0.200	-0.598983
6.633333	0.200	-0.596424
6.636667	0.200	-0.595775
6.640000	0.200	-0.597591
6.643333	0.200	-0.601301
6.646667	0.200	-0.605432
6.650000	0.200	-0.608297
6.653333	0.200	-0.608982
6.656667	0.200	-0.607765
6.660000	0.200	-0.605482
6.663333	0.200	-0.602815
6.666667	0.200	-0.600315
6.670000	0.200	-0.598569
6.673333	0.200	-0.597969
6.676667	0.200	-0.598412
6.680000	0.200	-0.599437
6.683333	0.200	-0.600595
6.686667	0.200	-0.601444
6.690000	0.200	-0.601572
6.693333	0.200	-0.600967
6.696667	0.200	-0.600042
6.700000	0.200	-0.599330
6.703333	0.200	-0.599231
6.706667	0.200	-0.599729
6.710000	0.200	-0.600320
6.713333	0.200	-0.600380
6.716667	0.200	-0.599598
6.720000	0.200	-0.598104
6.723333	0.200	-0.596461
6.726667	0.200	-0.595421
6.730000	0.200	-0.595360
6.733333	0.200	-0.595870
6.736667	0.200	-0.596073
6.740000	0.200	-0.595401
6.743333	0.200	-0.593960
6.746667	0.200	-0.592203
6.750000	0.200	-0.590378
6.753333	0.200	-0.588444
6.756667	0.200	-0.586369
6.760000	0.200	-0.584097
6.763333	0.200	-0.581456
6.766667	0.200	-0.578509
6.770000	0.200	-0.575842
6.773333	0.200	-0.574272
6.776667	0.200	-0.574416
6.780000	0.200	-0.576445
6.783333	0.200	-0.579784
6.786667	0.200	-0.583163
6.790000	0.200	-0.585459
6.793333	0.200	-0.586536
6.796667	0.200	-0.587084
6.800000	0.200	-0.587730
6.803333	0.200	-0.588539
6.806667	0.200	-0.589186
6.810000	0.200	-0.589377
6.813333	0.200	-0.589295
6.816667	0.200	-0.589494
6.820000	0.200	-0.590514
6.823333	0.200	-0.592775
6.826667	0.200	-0.596320
6.830000	0.200	-0.600297
6.833333	0.200	-0.603267
6.836667	0.200	-0.604303
6.840000	0.200	-0.603430
6.843333	0.200	-0.601250
6.846667	0.200	-0.598624
6.850000	0.200	-0.596332
6.853333	0.200	-0.594638
6.856667	0.200	-0.593466
6.860000	0.200	-0.592983
6.863333	0.200	-0.593503
6.866667	0.200	-0.594909
6.870000	0.200	-0.596601
6.873333	0.200	-0.598067
6.876667	0.200	-0.599391
6.880000	0.200	-0.600855
6.883333	0.200	-0.602002
6.886667	0.200	-0.601741
6.890000	0.200	-0.599540
6.893333	0.200	-0.596057
6.896667	0.200	-0.592429
6.900000	0.200	-0.589200
6.903333	0.200	-0.586212
6.906667	0.200	-0.583332
6.910000	0.200	-0.580630
6.913333	0.200	-0.577521
6.916667	0.200	-0.572350
6.920000	0.200	-0.563497
6.923333	0.200	-0.550512
6.926667	0.200	-0.533953
6.930000	0.200	-0.514530
6.933333	0.200	-0.492389
6.936667	0.200	-0.467231
6.940000	0.200	-0.439312
6.943333	0.200	-0.410112
6.946667	0.200	-0.381831
6.950000	0.200	-0.356458
6.953333	0.200	-0.335350
6.956667	0.200	-0.319155
6.960000	0.200	-0.307962
6.963333	0.200	-0.301882
6.966667	0.200	-0.301504
6.970000	0.200	-0.307501
6.973333	0.200	-0.319753
6.976667	0.200	-0.337289
6.980000	0.200	-0.359080
6.983333	0.200	-0.383977
6.986667	0.200	-0.410068
6.990000	0.200	-0.435105
6.993333	0.200	-0.457415
6.996667	0.200	-0.476393
7.000000	0.200	-0.492574
7.003333	0.200	-0.506938
7.006667	0.200	-0.519996
7.010000	0.200	-0.531845
7.013333	0.200	-0.542594
7.016667	0.200	-0.551989
7.020000	0.200	-0.559234
7.023333	0.200	-0.564106
7.026667	0.200	-0.567697
7.030000	0.200	-0.571426
7.033333	0.200	-0.575719
7.036667	0.200	-0.579777
7.040000	0.200	-0.582351
7.043333	0.200	-0.582628
7.046667	0.200	-0.580615
7.050000	0.200	-0.577125
7.053333	0.200	-0.573438
7.056667	0.200	-0.570674
7.060000	0.200	-0.569452
7.063333	0.200	-0.570042
7.066667	0.200	-0.572310
7.070000	0.200	-0.575493
7.073333	0.200	-0.578694
7.076667	0.200	-0.581389
7.080000	0.200	-0.583189
7.083333	0.200	-0.583796
7.086667	0.200	-0.583494
7.090000	0.200	-0.583000
7.093333	0.200	-0.582531
7.096667	0.200	-0.581591
7.100000	0.200	-0.579840
7.103333	0.200	-0.577584
7.106667	0.200	-0.575526
7.110000	0.200	-0.574545
7.113333	0.200	-0.575319
7.116667	0.200	-0.577583
7.120000	0.200	-0.580054
7.123333	0.200	-0.581456
7.126667	0.200	-0.581516
7.130000	0.200	-0.580889
7.133333	0.200	-0.580445
7.136667	0.200	-0.580806
7.140000	0.200	-0.582115
7.143333	0.200	-0.583929
7.146667	0.200	-0.585455
7.150000	0.200	-0.585964
7.153333	0.200	-0.585041
7.156667	0.200	-0.582473
7.160000	0.200	-0.578204
7.163333	0.200	-0.572970
7.166667	0.200	-0.568535
7.170000	0.200	-0.566420
7.173333	0.200	-0.566695
7.176667	0.200	-0.568360
7.180000	0.200	-0.570404
7.183333	0.200	-0.572223
7.186667	0.200	-0.573569
7.190000	0.200	-0.574530
7.193333	0.200	-0.575444
7.196667	0.200	-0.576674
7.200000	0.200	-0.578296
7.203333	0.200	-0.579765
7.206667	0.200	-0.580104
7.210000	0.200	-0.578701
7.213333	0.200	-0.575778
7.216667	0.200	-0.572044
7.220000	0.200	-0.568310
7.223333	0.200	-0.565449
7.226667	0.200	-0.564014
7.230000	0.200	-0.563741
7.233333	0.200	-0.563714
7.236667	0.200	-0.562838
7.240000	0.200	-0.560134
7.243333	0.200	-0.555074
7.246667	0.200	-0.547748
7.250000	0.200	-0.538451
7.253333	0.200	-0.527075
7.256667	0.200	-0.513177
7.260000	0.200	-0.496510
7.263333	0.200	-0.477044
7.266667	0.200	-0.454555
7.270000	0.200	-0.428479
7.273333	0.200	-0.398275
7.276667	0.200	-0.364057
7.280000	0.200	-0.326795
7.283333	0.200	-0.286984
7.286667	0.200	-0.241789
7.290000	0.200	-0.185724
7.293333	0.200	-0.117486
7.296667	0.200	-0.044300
7.300000	0.200	0.022140
7.303333	0.200	0.072291
7.306667	0.200	0.101967
7.310000	0.200	0.112088
7.313333	0.200	0.106810
7.316667	0.200	0.091251
7.320000	0.200	0.069758
7.323333	0.200	0.045268
7.326667	0.200	0.019637
7.330000	0.200	-0.005632
7.333333	0.200	-0.029185
7.336667	0.200	-0.050444
7.340000	0.200	-0.069658
7.343333	0.200	-0.086910
7.346667	0.200	-0.101669
7.350000	0.200	-0.113335
7.353333	0.200	-0.121796
7.356667	0.200	-0.127693
7.360000	0.200	-0.132056
7.363333	0.200	-0.135542
7.366667	0.200	-0.138425
7.370000	0.200	-0.141169
7.373333	0.200	-0.144447
7.376667	0.200	-0.148512
7.380000	0.200	-0.152836
7.383333	0.200	-0.156575
7.386667	0.200	-0.159364
7.390000	0.200	-0.161535
7.393333	0.200	-0.163617
7.396667	0.200	-0.165847
7.400000	0.200	-0.168072
7.403333	0.200	-0.169935
7.406667	0.200	-0.171204
7.410000	0.200	-0.171882
7.413333	0.200	-0.172197
7.416667	0.200	-0.172603
7.420000	0.200	-0.173394
7.423333	0.200	-0.174311
7.426667	0.200	-0.174692
7.430000	0.200	-0.174196
7.433333	0.200	-0.173331
7.436667	0.200	-0.172881
7.440000	0.200	-0.173026
7.443333	0.200	-0.173253
7.446667	0.200	-0.173003
7.450000	0.200	-0.172395
7.453333	0.200	-0.172235
7.456667	0.200	-0.173363
7.460000	0.200	-0.176093
7.463333	0.200	-0.180078
7.466667	0.200	-0.184536
7.470000	0.200	-0.188650
7.473333	0.200	-0.191855
7.476667	0.200	-0.193742
7.480000	0.200	-0.193822
7.483333	0.200	-0.191834
7.486667	0.200	-0.188392
7.490000	0.200	-0.184964
7.493333	0.200	-0.182925
7.496667	0.200	-0.182669
7.500000	0.200	-0.183653
7.503333	0.200	-0.184948
7.506667	0.200	-0.185627
7.510000	0.200	-0.185202
7.513333	0.200	-0.183944
7.516667	0.200	-0.182695
7.520000	0.200	-0.182365
7.523333	0.200	-0.183277
7.526667	0.200	-0.184738
7.530000	0.200	-0.185679
7.533333	0.200	-0.185712
7.536667	0.200	-0.185184
7.540000	0.200	-0.184521
7.543333	0.200	-0.183784
7.546667	0.200	-0.182875
7.550000	0.200	-0.182171
7.553333	0.200	-0.182461
7.556667	0.200	-0.183918
7.560000	0.200	-0.185587
7.563333	0.200	-0.186318
7.566667	0.200	-0.185789
7.570000	0.200	-0.184492
7.573333	0.200	-0.183296
7.576667	0.200	-0.182794
7.580000	0.200	-0.182676
7.583333	0.200	-0.182018
7.586667	0.200	-0.180273
7.590000	0.200	-0.177883
7.593333	0.200	-0.175944
7.596667	0.200	-0.175360
7.600000	0.200	-0.176360
7.603333	0.200	-0.178360
7.606667	0.200	-0.180057
7.610000	0.200	-0.180197
7.613333	0.200	-0.178495
7.616667	0.200	-0.175744
7.620000	0.200	-0.173226
7.623333	0.200	-0.171878
7.626667	0.200	-0.171727
7.630000	0.200	-0.172237
7.633333	0.200	-0.173048
7.636667	0.200	-0.173990
7.640000	0.200	-0.174770
7.643333	0.200	-0.175266
7.646667	0.200	-0.175878
7.650000	0.200	-0.177070
7.653333	0.200	-0.178813
7.656667	0.200	-0.180631
7.660000	0.200	-0.181920
7.663333	0.200	-0.182423
7.666667	0.200	-0.182299
7.670000	0.200	-0.181661
7.673333	0.200	-0.180507
7.676667	0.200	-0.178928
7.680000	0.200	-0.177203
7.683333	0.200	-0.175802
7.686667	0.200	-0.174990
7.690000	0.200	-0.174643
7.693333	0.200	-0.174816
7.696667	0.200	-0.175909
7.700000	0.200	-0.177904
7.703333	0.200	-0.180068
7.706667	0.200	-0.181605
7.710000	0.200	-0.182053
7.713333	0.200	-0.181136
7.716667	0.200	-0.178855
7.720000	0.200	-0.175774
7.723333	0.200	-0.172958
7.726667	0.200	-0.171518
7.730000	0.200	-0.172046
7.733333	0.200	-0.174169
7.736667	0.200	-0.176764
7.740000	0.200	-0.178791
7.743333	0.200	-0.179804
7.746667	0.200	-0.179924
7.750000	0.200	-0.179628
7.753333	0.200	-0.179439
7.756667	0.200	-0.179684
7.760000	0.200	-0.180301
7.763333	0.200	-0.180670
7.766667	0.200	-0.180016
7.770000	0.200	-0.178270
7.773333	0.200	-0.176335
7.776667	0.200	-0.175436
7.780000	0.200	-0.176262
7.783333	0.200	-0.178610
7.786667	0.200	-0.181757
7.790000	0.200	-0.184980
7.793333	0.200	-0.187773
7.796667	0.200	-0.189820
7.800000	0.200	-0.190999
7.803333	0.200	-0.191539
7.806667	0.200	-0.191969
7.810000	0.200	-0.192585
7.813333	0.200	-0.193277
7.816667	0.200	-0.194073
7.820000	0.200	-0.195217
7.823333	0.200	-0.196637
7.826667	0.200	-0.198085
7.830000	0.200	-0.199635
7.833333	0.200	-0.201645
7.836667	0.200	-0.204248
7.840000	0.200	-0.206752
7.843333	0.200	-0.208125
7.846667	0.200	-0.208305
7.850000	0.200	-0.208280
7.853333	0.200	-0.208975
7.856667	0.200	-0.210321
7.860000	0.200	-0.211228
7.863333	0.200	-0.210624
7.866667	0.200	-0.208496
7.870000	0.200	-0.205716
7.873333	0.200	-0.203072
7.876667	0.200	-0.200934
7.880000	0.200	-0.199691
7.883333	0.200	-0.199567
7.886667	0.200	-0.200223
7.890000	0.200	-0.201189
7.893333	0.200	-0.202154
7.896667	0.200	-0.202789
7.900000	0.200	-0.202832
7.903333	0.200	-0.202314
7.906667	0.200	-0.201778
7.910000	0.200	-0.202035
7.913333	0.200	-0.203176
7.916667	0.200	-0.204419
7.920000	0.200	-0.205228
7.923333	0.200	-0.205819
7.926667	0.200	-0.206537
7.930000	0.200	-0.207361
7.933333	0.200	-0.207949
7.936667	0.200	-0.207935
7.940000	0.200	-0.207310
7.943333	0.200	-0.206409
7.946667	0.200	-0.205678
7.950000	0.200	-0.205797
7.953333	0.200	-0.207550
7.956667	0.200	-0.211070
7.960000	0.200	-0.215641
7.963333	0.200	-0.220268
7.966667	0.200	-0.224061
7.970000	0.200	-0.226334
7.973333	0.200	-0.226824
7.976667	0.200	-0.225822
7.980000	0.200	-0.224045
7.983333	0.200	-0.222343
7.986667	0.200	-0.221398
7.990000	0.200	-0.221482
7.993333	0.200	-0.222434
7.996667	0.200	-0.223905
8.000000	0.200	-0.225560
8.003333	0.200	-0.227106
8.006667	0.200	-0.228423
8.010000	0.200	-0.229747
8.013333	0.200	-0.231378
8.016667	0.200	-0.233008
8.020000	0.200	-0.233751
8.023333	0.200	-0.233134
8.026667	0.200	-0.231562
8.030000	0.200	-0.229651
8.033333	0.200	-0.227750
8.036667	0.200	-0.226194
8.040000	0.200	-0.225499
8.043333	0.200	-0.225972
8.046667	0.200	-0.227268
8.050000	0.200	-0.228615
8.053333	0.200	-0.229441
8.056667	0.200	-0.229812
8.060000	0.200	-0.230148
8.063333	0.200	-0.230434
8.066667	0.200	-0.230351
8.070000	0.200	-0.230146
8.073333	0.200	-0.230544
8.076667	0.200	-0.231915
8.080000	0.200	-0.233855
8.083333	0.200	-0.235399
8.086667	0.200	-0.235797
8.090000	0.200	-0.235171
8.093333	0.200	-0.234187
8.096667	0.200	-0.233259
8.100000	0.200	-0.232466
8.103333	0.200	-0.232163
8.106667	0.200	-0.232995
8.110000	0.200	-0.235088
8.113333	0.200	-0.237651
8.116667	0.200	-0.239725
8.120000	0.200	-0.241177
8.123333	0.200	-0.242499
8.126667	0.200	-0.243873
8.130000	0.200	-0.244886
8.133333	0.200	-0.245018
8.136667	0.200	-0.244203
8.140000	0.200	-0.242857
8.143333	0.200	-0.241457
8.146667	0.200	-0.240256
8.150000	0.200	-0.239518
8.153333	0.200	-0.239847
8.156667	0.200	-0.241640
8.160000	0.200	-0.244393
8.163333	0.200	-0.247154
8.166667	0.200	-0.249160
8.170000	0.200	-0.249921
8.173333	0.200	-0.249309
8.176667	0.200	-0.248008
8.180000	0.200	-0.249159
8.183333	0.200	-0.260689
8.186667	0.200	-0.292860
8.190000	0.200	-0.349711
8.193333	0.200	-0.424057
8.196667	0.200	-0.501630
8.200000	0.200	-0.568592
8.203333	0.200	-0.616802
8.206667	0.200	-0.645470
8.210000	0.200	-0.659223
8.213333	0.200	-0.664449
8.216667	0.200	-0.666602
8.220000	0.200	-0.669120
8.223333	0.200	-0.673209
8.226667	0.200	-0.678288
8.230000	0.200	-0.683141
8.233333	0.200	-0.687164
8.236667	0.200	-0.690603
8.240000	0.200	-0.693641
8.243333	0.200	-0.695790
8.246667	0.200	-0.696522
8.250000	0.200	-0.695929
8.253333	0.200	-0.694629
8.256667	0.200	-0.693385
8.260000	0.200	-0.692725
8.263333	0.200	-0.692820
8.266667	0.200	-0.693490
8.270000	0.200	-0.694151
8.273333	0.200	-0.694327
8.276667	0.200	-0.694069
8.280000	0.200	-0.693368
8.283333	0.200	-0.692036
8.286667	0.200	-0.690399
8.290000	0.200	-0.689283
8.293333	0.200	-0.689364
8.296667	0.200	-0.690857
8.300000	0.200	-0.693494
8.303333	0.200	-0.696502
8.306667	0.200	-0.698925
8.310000	0.200	-0.700381
8.313333	0.200	-0.701186
8.316667	0.200	-0.701835
8.320000	0.200	-0.702793
8.323333	0.200	-0.704204
8.326667	0.200	-0.705499
8.330000	0.200	-0.706008
8.333333	0.200	-0.705886
8.336667	0.200	-0.706092
8.340000	0.200	-0.707711
8.343333	0.200	-0.711174
8.346667	0.200	-0.715909
8.350000	0.200	-0.720598
8.353333	0.200	-0.723680
8.356667	0.200	-0.724135
8.360000	0.200	-0.722291
8.363333	0.200	-0.719663
8.366667	0.200	-0.717768
8.370000	0.200	-0.717061
8.373333	0.200	-0.716940
8.376667	0.200	-0.716589
8.380000	0.200	-0.715845
8.383333	0.200	-0.715412
8.386667	0.200	-0.716194
8.390000	0.200	-0.718438
8.393333	0.200	-0.721511
8.396667	0.200	-0.724233
8.400000	0.200	-0.725721
8.403333	0.200	-0.726194
8.406667	0.200	-0.726416
8.410000	0.200	-0.726533
8.413333	0.200	-0.726188
8.416667	0.200	-0.725496
8.420000	0.200	-0.725142
8.423333	0.200	-0.725731
8.426667	0.200	-0.727601
8.430000	0.200	-0.730633
8.433333	0.200	-0.733781
8.436667	0.200	-0.735467
8.440000	0.200	-0.734634
8.443333	0.200	-0.731458
8.446667	0.200	-0.727393
8.450000	0.200	-0.724444
8.453333	0.200	-0.723965
8.456667	0.200	-0.725781
8.460000	0.200	-0.728479
8.463333	0.200	-0.730711
8.466667	0.200	-0.732056
8.470000	0.200	-0.732699
8.473333	0.200	-0.732931
8.476667	0.200	-0.732998
8.480000	0.200	-0.732942
8.483333	0.200	-0.732790
8.486667	0.200	-0.732859
8.490000	0.200	-0.733410
8.493333	0.200	-0.734416
8.496667	0.200	-0.735879
8.500000	0.200	-0.737946
8.503333	0.200	-0.740547
8.506667	0.200	-0.743032
8.510000	0.200	-0.744486
8.513333	0.200	-0.744528
8.516667	0.200	-0.743724
8.520000	0.200	-0.743258
8.523333	0.200	-0.744251
8.526667	0.200	-0.747103
8.530000	0.200	-0.751181
8.533333	0.200	-0.755253
8.536667	0.200	-0.758329
8.540000	0.200	-0.759894
8.543333	0.200	-0.759726
8.546667	0.200	-0.758087
8.550000	0.200	-0.755711
8.553333	0.200	-0.753224
8.556667	0.200	-0.750774
8.560000	0.200	-0.748458
8.563333	0.200	-0.746781
8.566667	0.200	-0.746346
8.570000	0.200	-0.747222
8.573333	0.200	-0.748618
8.576667	0.200	-0.749476
8.580000	0.200	-0.749550
8.583333	0.200	-0.749273
8.586667	0.200	-0.748739
8.590000	0.200	-0.747567
8.593333	0.200	-0.745778
8.596667	0.200	-0.744263
8.600000	0.200	-0.743852
8.603333	0.200	-0.744359
8.606667	0.200	-0.744996
8.610000	0.200	-0.745255
8.613333	0.200	-0.745196
8.616667	0.200	-0.745019
8.620000	0.200	-0.744254
8.623333	0.200	-0.741934
8.626667	0.200	-0.738197
8.630000	0.200	-0.735112
8.633333	0.200	-0.735122
8.636667	0.200	-0.738701
8.640000	0.200	-0.743928
8.643333	0.200	-0.748335
8.646667	0.200	-0.750655
8.650000	0.200	-0.750911
8.653333	0.200	-0.749773
8.656667	0.200	-0.748272
8.660000	0.200	-0.747473
8.663333	0.200	-0.747494
8.666667	0.200	-0.747062
8.670000	0.200	-0.745015
8.673333	0.200	-0.742005
8.676667	0.200	-0.739924
8.680000	0.200	-0.739960
8.683333	0.200	-0.741962
8.686667	0.200	-0.745271
8.690000	0.200	-0.749109
8.693333	0.200	-0.752469
8.696667	0.200	-0.754688
8.700000	0.200	-0.755998
8.703333	0.200	-0.756868
8.706667	0.200	-0.757189
8.710000	0.200	-0.756825
8.713333	0.200	-0.756399
8.716667	0.200	-0.756719
8.720000	0.200	-0.757992
8.723333	0.200	-0.759851
8.726667	0.200	-0.761572
8.730000	0.200	-0.762573
8.733333	0.200	-0.762878
8.736667	0.200	-0.762858
8.740000	0.200	-0.762788
8.743333	0.200	-0.762805
8.746667	0.200	-0.762962
8.750000	0.200	-0.763074
8.753333	0.200	-0.762405
8.756667	0.200	-0.760188
8.760000	0.200	-0.756740
8.763333	0.200	-0.753278
8.766667	0.200	-0.750885
8.770000	0.200	-0.750306
8.773333	0.200	-0.751790
8.776667	0.200	-0.754578
8.780000	0.200	-0.757214
8.783333	0.200	-0.758585
8.786667	0.200	-0.758593
8.790000	0.200	-0.757950
8.793333	0.200	-0.757450
8.796667	0.200	-0.757503
8.800000	0.200	-0.758108
8.803333	0.200	-0.759241
8.806667	0.200	-0.761258
8.810000	0.200	-0.764491
8.813333	0.200	-0.768584
8.816667	0.200	-0.772728
8.820000	0.200	-0.776570
8.823333	0.200	-0.780480
8.826667	0.200	-0.784916
8.830000	0.200	-0.789775
8.833333	0.200	-0.794293
8.836667	0.200	-0.797494
8.840000	0.200	-0.798812
8.843333	0.200	-0.798522
8.846667	0.200	-0.797917
8.850000	0.200	-0.798645
8.853333	0.200	-0.801300
8.856667	0.200	-0.805123
8.860000	0.200	-0.809120
8.863333	0.200	-0.812799
8.866667	0.200	-0.815895
8.870000	0.200	-0.817938
8.873333	0.200	-0.818237
8.876667	0.200	-0.816480
8.880000	0.200	-0.813652
8.883333	0.200	-0.812004
8.886667	0.200	-0.813513
8.890000	0.200	-0.818465
8.893333	0.200	-0.825597
8.896667	0.200	-0.833165
8.900000	0.200	-0.839801
8.903333	0.200	-0.844878
8.906667	0.200	-0.848599
8.910000	0.200	-0.851600
8.913333	0.200	-0.854244
8.916667	0.200	-0.856587
8.920000	0.200	-0.858683
8.923333	0.200	-0.860517
8.926667	0.200	-0.862204
8.930000	0.200	-0.864382
8.933333	0.200	-0.867782
8.936667	0.200	-0.872351
8.940000	0.200	-0.877097
8.943333	0.200	-0.880915
8.946667	0.200	-0.883477
8.950000	0.200	-0.885249
8.953333	0.200	-0.886954
8.956667	0.200	-0.889102
8.960000	0.200	-0.891749
8.963333	0.200	-0.894539
8.966667	0.200	-0.896884
8.970000	0.200	-0.898201
8.973333	0.200	-0.898152
8.976667	0.200	-0.896549
8.980000	0.200	-0.892888
8.983333	0.200	-0.886495
8.986667	0.200	-0.877304
8.990000	0.200	-0.865485
8.993333	0.200	-0.850222
8.996667	0.200	-0.829685
9.000000	0.200	-0.802062
9.003333	0.200	-0.766464
9.006667	0.200	-0.723353
9.010000	0.200	-0.674363
9.013333	0.200	-0.621868
9.016667	0.200	-0.569091
9.020000	0.200	-0.520372
9.023333	0.200	-0.480671
9.026667	0.200	-0.454276
9.030000	0.200	-0.443841
9.033333	0.200	-0.450291
9.036667	0.200	-0.472852
9.040000	0.200	-0.509017
9.043333	0.200	-0.554838
9.046667	0.200	-0.605374
9.050000	0.200	-0.655581
9.053333	0.200	-0.701657
9.056667	0.200	-0.741666
9.060000	0.200	-0.775168
9.063333	0.200	-0.802546
9.066667	0.200	-0.824356
9.070000	0.200	-0.841292
9.073333	0.200	-0.854590
9.076667	0.200	-0.865503
9.080000	0.200	-0.874454
9.083333	0.200	-0.881318
9.086667	0.200	-0.886069
9.090000	0.200	-0.888788
9.093333	0.200	-0.889828
9.096667	0.200	-0.890081
9.100000	0.200	-0.890343
9.103333	0.200	-0.890763
9.106667	0.200	-0.891367
9.110000	0.200	-0.892340
9.113333	0.200	-0.893752
9.116667	0.200	-0.895658
9.120000	0.200	-0.898386
9.123333	0.200	-0.902661
9.126667	0.200	-0.908687
9.130000	0.200	-0.914958
9.133333	0.200	-0.919165
9.136667	0.200	-0.920143
9.140000	0.200	-0.918420
9.143333	0.200	-0.915471
9.146667	0.200	-0.912709
9.150000	0.200	-0.911124
9.153333	0.200	-0.911454
9.156667	0.200	-0.913752
9.160000	0.200	-0.916860
9.163333	0.200	-0.919181
9.166667	0.200	-0.920024
9.170000	0.200	-0.919973
9.173333	0.200	-0.920040
9.176667	0.200	-0.920567
9.180000	0.200	-0.920910
9.183333	0.200	-0.920253
9.186667	0.200	-0.918497
9.190000	0.200	-0.915973
9.193333	0.200	-0.912791
9.196667	0.200	-0.909292
9.200000	0.200	-0.906528
9.203333	0.200	-0.905350
9.206667	0.200	-0.905446
9.210000	0.200	-0.905756
9.213333	0.200	-0.905475
9.216667	0.200	-0.904416
9.220000	0.200	-0.902830
9.223333	0.200	-0.901282
9.226667	0.200	-0.900404
9.230000	0.200	-0.900343
9.233333	0.200	-0.900832
9.236667	0.200	-0.901664
9.240000	0.200	-0.902593
9.243333	0.200	-0.903305
9.246667	0.200	-0.903699
9.250000	0.200	-0.903748
9.253333	0.200	-0.903030
9.256667	0.200	-0.900864
9.260000	0.200	-0.897181
9.263333	0.200	-0.892927
9.266667	0.200	-0.889611
9.270000	0.200	-0.888515
9.273333	0.200	-0.889860
9.276667	0.200	-0.892811
9.280000	0.200	-0.896352
9.283333	0.200	-0.899617
9.286667	0.200	-0.901594
9.290000	0.200	-0.901410
9.293333	0.200	-0.899098
9.296667	0.200	-0.895793
9.300000	0.200	-0.893128
9.303333	0.200	-0.892349
9.306667	0.200	-0.893641
9.310000	0.200	-0.895999
9.313333	0.200	-0.897899
9.316667	0.200	-0.898342
9.320000	0.200	-0.897057
9.323333	0.200	-0.894137
9.326667	0.200	-0.890196
9.330000	0.200	-0.886382
9.333333	0.200	-0.883512
9.336667	0.200	-0.881458
9.340000	0.200	-0.879825
9.343333	0.200	-0.878877
9.346667	0.200	-0.879218
9.350000	0.200	-0.881045
9.353333	0.200	-0.884209
9.356667	0.200	-0.888494
9.360000	0.200	-0.893461
9.363333	0.200	-0.898270
9.366667	0.200	-0.901923
9.370000	0.200	-0.903606
9.373333	0.200	-0.902883
9.376667	0.200	-0.900304
9.380000	0.200	-0.897716
9.383333	0.200	-0.897000
9.386667	0.200	-0.898421
9.390000	0.200	-0.900883
9.393333	0.200	-0.903234
9.396667	0.200	-0.904292
9.400000	0.200	-0.902454
9.403333	0.200	-0.896867
9.406667	0.200	-0.888856
9.410000	0.200	-0.881143
9.413333	0.200	-0.875795
9.416667	0.200	-0.873580
9.420000	0.200	-0.874426
9.423333	0.200	-0.877432
9.426667	0.200	-0.881266
9.430000	0.200	-0.885223
9.433333	0.200	-0.889409
9.436667	0.200	-0.894165
9.440000	0.200	-0.899653
9.443333	0.200	-0.905372
9.446667	0.200	-0.909775
9.450000	0.200	-0.911050
9.453333	0.200	-0.908610
9.456667	0.200	-0.903692
9.460000	0.200	-0.898914
9.463333	0.200	-0.897034
9.466667	0.200	-0.899148
9.470000	0.200	-0.903879
9.473333	0.200	-0.908125
9.476667	0.200	-0.908553
9.480000	0.200	-0.903494
9.483333	0.200	-0.894084
9.486667	0.200	-0.883224
9.490000	0.200	-0.873794
9.493333	0.200	-0.867794
9.496667	0.200	-0.865919
9.500000	0.200	-0.867599
9.503333	0.200	-0.871672
9.506667	0.200	-0.876691
9.510000	0.200	-0.881232
9.513333	0.200	-0.884700
9.516667	0.200	-0.887232
9.520000	0.200	-0.888788
9.523333	0.200	-0.889117
9.526667	0.200	-0.888145
9.530000	0.200	-0.885793
9.533333	0.200	-0.882141
9.536667	0.200	-0.878013
9.540000	0.200	-0.874514
9.543333	0.200	-0.871995
9.546667	0.200	-0.870266
9.550000	0.200	-0.869086
9.553333	0.200	-0.867315
9.556667	0.200	-0.862847
9.560000	0.200	-0.854523
9.563333	0.200	-0.843224
9.566667	0.200	-0.831214
9.570000	0.200	-0.821350
9.573333	0.200	-0.816188
9.576667	0.200	-0.816793
9.580000	0.200	-0.822191
9.583333	0.200	-0.830008
9.586667	0.200	-0.837816
9.590000	0.200	-0.844396
9.593333	0.200	-0.850035
9.596667	0.200	-0.855725
9.600000	0.200	-0.862086
9.603333	0.200	-0.868721
9.606667	0.200	-0.874369
9.610000	0.200	-0.877858
9.613333	0.200	-0.879088
9.616667	0.200	-0.879183
9.620000	0.200	-0.879468
9.623333	0.200	-0.880243
9.626667	0.200	-0.880777
9.630000	0.200	-0.879691
9.633333	0.200	-0.875081
9.636667	0.200	-0.865880
9.640000	0.200	-0.853551
9.643333	0.200	-0.841431
9.646667	0.200	-0.832479
9.650000	0.200	-0.828002
9.653333	0.200	-0.827878
9.656667	0.200	-0.831282
9.660000	0.200	-0.837298
9.663333	0.200	-0.845301
9.666667	0.200	-0.854929
9.670000	0.200	-0.865444
9.673333	0.200	-0.875312
9.676667	0.200	-0.882794
9.680000	0.200	-0.886645
9.683333	0.200	-0.886423
9.686667	0.200	-0.882921
9.690000	0.200	-0.878129
9.693333	0.200	-0.874133
9.696667	0.200	-0.871874
9.700000	0.200	-0.870858
9.703333	0.200	-0.869762
9.706667	0.200	-0.867140
9.710000	0.200	-0.861873
9.713333	0.200	-0.853605
9.716667	0.200	-0.843073
9.720000	0.200	-0.831816
9.723333	0.200	-0.821412
9.726667	0.200	-0.812875
9.730000	0.200	-0.806529
9.733333	0.200	-0.802262
9.736667	0.200	-0.798897
9.740000	0.200	-0.792122
9.743333	0.200	-0.774407
9.746667	0.200	-0.740028
9.750000	0.200	-0.690858
9.753333	0.200	-0.635996
9.756667	0.200	-0.585781
9.760000	0.200	-0.546693
9.763333	0.200	-0.520520
9.766667	0.200	-0.505889
9.770000	0.200	-0.499852
9.773333	0.200	-0.499216
9.776667	0.200	-0.501317
9.780000	0.200	-0.504061
9.783333	0.200	-0.505931
9.786667	0.200	-0.506300
9.790000	0.200	-0.505436
9.793333	0.200	-0.503705
9.796667	0.200	-0.500895
9.800000	0.200	-0.496660
9.803333	0.200	-0.491317
9.806667	0.200	-0.485928
9.810000	0.200	-0.481761
9.813333	0.200	-0.479627
9.816667	0.200	-0.479554
9.820000	0.200	-0.481109
9.823333	0.200	-0.483982
9.826667	0.200	-0.487989
9.830000	0.200	-0.492593
9.833333	0.200	-0.496838
9.836667	0.200	-0.499686
9.840000	0.200	-0.500438
9.843333	0.200	-0.499141
9.846667	0.200	-0.496737
9.850000	0.200	-0.494670
9.853333	0.200	-0.494008
9.856667	0.200	-0.494904
9.860000	0.200	-0.496987
9.863333	0.200	-0.499886
9.866667	0.200	-0.503115
9.870000	0.200	-0.505814
9.873333	0.200	-0.507014
9.876667	0.200	-0.506297
9.880000	0.200	-0.504088
9.883333	0.200	-0.501319
9.886667	0.200	-0.498897
9.890000	0.200	-0.497307
9.893333	0.200	-0.496487
9.896667	0.200	-0.496260
9.900000	0.200	-0.496762
9.903333	0.200	-0.498050
9.906667	0.200	-0.499695
9.910000	0.200	-0.501140
9.913333	0.200	-0.501981
9.916667	0.200	-0.501949
9.920000	0.200	-0.501125
9.923333	0.200	-0.499983
9.926667	0.200	-0.499071
9.930000	0.200	-0.498833
9.933333	0.200	-0.499429
9.936667	0.200	-0.500434
9.940000	0.200	-0.501237
9.943333	0.200	-0.502086
9.946667	0.200	-0.504215
9.950000	0.200	-0.508349
9.953333	0.200	-0.513302
9.956667	0.200	-0.516611
9.960000	0.200	-0.516615
9.963333	0.200	-0.513599
9.966667	0.200	-0.509049
9.970000	0.200	-0.504490
9.973333	0.200	-0.501181
9.976667	0.200	-0.499988
9.980000	0.200	-0.500998
9.983333	0.200	-0.503638
9.986667	0.200	-0.506954
9.990000	0.200	-0.509595
9.993333	0.200	-0.510251
9.996667	0.200	-0.508670
10.000000	0.200	-0.505862
10.003333	0.200	-0.503179
10.006667	0.200	-0.501564
10.010000	0.200	-0.501372
10.013333	0.200	-0.502464
10.016667	0.200	-0.504454
10.020000	0.200	-0.506939
10.023333	0.200	-0.509560
10.026667	0.200	-0.511996
10.030000	0.200	-0.514049
10.033333	0.200	-0.515549
10.036667	0.200	-0.515939
10.040000	0.200	-0.514540
10.043333	0.200	-0.511350
10.046667	0.200	-0.507040
10.050000	0.200	-0.502442
10.053333	0.200	-0.498400
10.056667	0.200	-0.495866
10.060000	0.200	-0.495758
10.063333	0.200	-0.498096
10.066667	0.200	-0.501518
10.070000	0.200	-0.504261
10.073333	0.200	-0.505237
10.076667	0.200	-0.504390
10.080000	0.200	-0.502696
10.083333	0.200	-0.501434
10.086667	0.200	-0.501187
10.090000	0.200	-0.501598
10.093333	0.200	-0.501788
10.096667	0.200	-0.501224
10.100000	0.200	-0.500288
10.103333	0.200	-0.499809
10.106667	0.200	-0.500224
10.110000	0.200	-0.501231
10.113333	0.200	-0.501989
10.116667	0.200	-0.501480
10.120000	0.200	-0.499066
10.123333	0.200	-0.495005
10.126667	0.200	-0.490192
10.130000	0.200	-0.485566
10.133333	0.200	-0.482149
10.136667	0.200	-0.481067
10.140000	0.200	-0.482742
10.143333	0.200	-0.486107
10.146667	0.200	-0.488913
10.150000	0.200	-0.489019
10.153333	0.200	-0.485721
10.156667	0.200	-0.480155
10.160000	0.200	-0.474564
10.163333	0.200	-0.471049
10.166667	0.200	-0.470479
10.170000	0.200	-0.472110
10.173333	0.200	-0.474354
10.176667	0.200	-0.476082
10.180000	0.200	-0.477268
10.183333	0.200	-0.478695
10.186667	0.200	-0.480997
10.190000	0.200	-0.483698
10.193333	0.200	-0.485504
10.196667	0.200	-0.485581
10.200000	0.200	-0.483825
10.203333	0.200	-0.480100
10.206667	0.200	-0.474441
10.210000	0.200	-0.467912
10.213333	0.200	-0.462323
10.216667	0.200	-0.459281
10.220000	0.200	-0.459403
10.223333	0.200	-0.461574
10.226667	0.200	-0.463229
10.230000	0.200	-0.462096
10.233333	0.200	-0.457742
10.236667	0.200	-0.451582
10.240000	0.200	-0.445842
10.243333	0.200	-0.442344
10.246667	0.200	-0.441602
10.250000	0.200	-0.442878
10.253333	0.200	-0.445239
10.256667	0.200	-0.448461
10.260000	0.200	-0.452547
10.263333	0.200	-0.456792
10.266667	0.200	-0.460113
10.270000	0.200	-0.461941
10.273333	0.200	-0.462452
10.276667	0.200	-0.462293
10.280000	0.200	-0.462182
10.283333	0.200	-0.462590
10.286667	0.200	-0.463862
10.290000	0.200	-0.467619
10.293333	0.200	-0.479249
10.296667	0.200	-0.507202
10.300000	0.200	-0.556525
10.303333	0.200	-0.623207
10.306667	0.200	-0.696109
10.310000	0.200	-0.763449
10.313333	0.200	-0.817457
10.316667	0.200	-0.855574
10.320000	0.200	-0.879489
10.323333	0.200	-0.893237
10.326667	0.200	-0.901204
10.330000	0.200	-0.906516
10.333333	0.200	-0.910435
10.336667	0.200	-0.912986
10.340000	0.200	-0.914030
10.343333	0.200	-0.914143
10.346667	0.200	-0.914467
10.350000	0.200	-0.915589
10.353333	0.200	-0.917131
10.356667	0.200	-0.918454
10.360000	0.200	-0.919452
10.363333	0.200	-0.920677
10.366667	0.200	-0.922711
10.370000	0.200	-0.925601
10.373333	0.200	-0.928880
10.376667	0.200	-0.932058
10.380000	0.200	-0.935010
10.383333	0.200	-0.937557
10.386667	0.200	-0.938977
10.390000	0.200	-0.938812
10.393333	0.200	-0.937964
10.396667	0.200	-0.938123
10.400000	0.200	-0.940107
10.403333	0.200	-0.943072
10.406667	0.200	-0.945577
10.410000	0.200	-0.947368
10.413333	0.200	-0.949351
10.416667	0.200	-0.951947
10.420000	0.200	-0.954485
10.423333	0.200	-0.956188
10.426667	0.200	-0.957075
10.430000	0.200	-0.957923
10.433333	0.200	-0.959650
10.436667	0.200	-0.962520
10.440000	0.200	-0.965810
10.443333	0.200	-0.968346
10.446667	0.200	-0.969485
10.450000	0.200	-0.969831
10.453333	0.200	-0.970695
10.456667	0.200	-0.972424
10.460000	0.200	-0.973798
10.463333	0.200	-0.973381
10.466667	0.200	-0.970984
10.470000	0.200	-0.967632
10.473333	0.200	-0.964711
10.476667	0.200	-0.963581
10.480000	0.200	-0.965429
10.483333	0.200	-0.970661
10.486667	0.200	-0.978340
10.490000	0.200	-0.986569
10.493333	0.200	-0.993452
10.496667	0.200	-0.997682
10.500000	0.200	-0.998800
10.503333	0.200	-0.997013
10.506667	0.200	-0.992757
10.510000	0.200	-0.986940
10.513333	0.200	-0.981412
10.516667	0.200	-0.978278
10.520000	0.200	-0.978414
10.523333	0.200	-0.980929
10.526667	0.200	-0.984325
10.530000	0.200	-0.987585
10.533333	0.200	-0.990058
10.536667	0.200	-0.991323
10.540000	0.200	-0.991331
10.543333	0.200	-0.990118
10.546667	0.200	-0.987550
10.550000	0.200	-0.983751
10.553333	0.200	-0.979492
10.556667	0.200	-0.975910
10.560000	0.200	-0.974033
10.563333	0.200	-0.974372
10.566667	0.200	-0.976566
10.570000	0.200	-0.979536
10.573333	0.200	-0.981955
10.576667	0.200	-0.982641
10.580000	0.200	-0.981093
10.583333	0.200	-0.977786
10.586667	0.200	-0.973739
10.590000	0.200	-0.969711
10.593333	0.200	-0.965809
10.596667	0.200	-0.961977
10.600000	0.200	-0.958565
10.603333	0.200	-0.955973
10.606667	0.200	-0.954033
10.610000	0.200	-0.951991
10.613333	0.200	-0.949020
10.616667	0.200	-0.944824
10.620000	0.200	-0.939869
10.623333	0.200	-0.934941
10.626667	0.200	-0.930382
10.630000	0.200	-0.925936
10.633333	0.200	-0.921168
10.636667	0.200	-0.915692
10.640000	0.200	-0.909442
10.643333	0.200	-0.902875
10.646667	0.200	-0.896583
10.650000	0.200	-0.890954
10.653333	0.200	-0.886250
10.656667	0.200	-0.882178
10.660000	0.200	-0.877394
10.663333	0.200	-0.870367
10.666667	0.200	-0.860582
10.670000	0.200	-0.848445
10.673333	0.200	-0.834488
10.676667	0.200	-0.818901
10.680000	0.200	-0.801515
10.683333	0.200	-0.782224
10.686667	0.200	-0.761496
10.690000	0.200	-0.740340
10.693333	0.200	-0.719698
10.696667	0.200	-0.699971
10.700000	0.200	-0.681351
10.703333	0.200	-0.664383
10.706667	0.200	-0.649778
10.710000	0.200	-0.638006
10.713333	0.200	-0.629157
10.716667	0.200	-0.622736
10.720000	0.200	-0.617644
10.723333	0.200	-0.612715
10.726667	0.200	-0.607426
10.730000	0.200	-0.601999
10.733333	0.200	-0.596712
10.736667	0.200	-0.591562
10.740000	0.200	-0.586864
10.743333	0.200	-0.583193
10.746667	0.200	-0.580563
10.750000	0.200	-0.578593
10.753333	0.200	-0.577162
10.756667	0.200	-0.576447
10.760000	0.200	-0.576564
10.763333	0.200	-0.577032
10.766667	0.200	-0.576663
10.770000	0.200	-0.574549
10.773333	0.200	-0.570836
10.776667	0.200	-0.566159
10.780000	0.200	-0.561319
10.783333	0.200	-0.557554
10.786667	0.200	-0.555708
10.790000	0.200	-0.555139
10.793333	0.200	-0.554265
10.796667	0.200	-0.552032
10.800000	0.200	-0.548592
10.803333	0.200	-0.544983
10.806667	0.200	-0.542381
10.810000	0.200	-0.541249
10.813333	0.200	-0.541129
10.816667	0.200	-0.541234
10.820000	0.200	-0.540869
10.823333	0.200	-0.539462
10.826667	0.200	-0.536769
10.830000	0.200	-0.533169
10.833333	0.200	-0.529476
10.836667	0.200	-0.526414
10.840000	0.200	-0.524398
10.843333	0.200	-0.523355
10.846667	0.200	-0.522307
10.850000	0.200	-0.519839
10.853333	0.200	-0.515370
10.856667	0.200	-0.509592
10.860000	0.200	-0.503802
10.863333	0.200	-0.499128
10.866667	0.200	-0.496144
10.870000	0.200	-0.494810
10.873333	0.200	-0.494629
10.876667	0.200	-0.494883
10.880000	0.200	-0.494848
10.883333	0.200	-0.493906
10.886667	0.200	-0.491720
10.890000	0.200	-0.488480
10.893333	0.200	-0.484586
10.896667	0.200	-0.480062
10.900000	0.200	-0.474729
10.903333	0.200	-0.468871
10.906667	0.200	-0.463254
10.910000	0.200	-0.458546
10.913333	0.200	-0.454978
10.916667	0.200	-0.452223
10.920000	0.200	-0.449636
10.923333	0.200	-0.447006
10.926667	0.200	-0.444532
10.930000	0.200	-0.441958
10.933333	0.200	-0.438596
10.936667	0.200	-0.434198
10.940000	0.200	-0.429405
10.943333	0.200	-0.425419
10.946667	0.200	-0.423000
10.950000	0.200	-0.421863
10.953333	0.200	-0.421315
10.956667	0.200	-0.420721
10.960000	0.200	-0.419375
10.963333	0.200	-0.416852
10.966667	0.200	-0.413268
10.970000	0.200	-0.408749
10.973333	0.200	-0.403135
10.976667	0.200	-0.396623
10.980000	0.200	-0.390205
10.983333	0.200	-0.384945
10.986667	0.200	-0.381240
10.990000	0.200	-0.378870
10.993333	0.200	-0.377126
10.996667	0.200	-0.375231
11.000000	0.200	-0.373054
