File Path	chrom://nnfcb-l0286/ChromeleonLocal/metk/20171013_HMP_C61_metk.seq/569.smp/UV_VIS_2.channel/UV_VIS_2.chm
Channel	UV_VIS_2

Injection Information:
Data Vault	ChromeleonLocal
Injection	2500 ug/ml HIGH
Injection Number	95
Position	RB5
Comment	
Processing Method	HMP New ProcMethod
Instrument Method	HM_metode_ZorBax_0,02%_Acetic_acid_ver6
Type	Calibration Standard
Status	Finished
Injection Date	10/14/2017
Injection Time	8:40:15 AM
Injection Volume (µl)	1.000
Dilution Factor	1.0000
Weight	1.0000

Raw Data Information:
Time Min. (min)	0.000000
Time Max. (min)	11.000000
Data Points	3301
Detector	UV
Exporting Data System	Chromeleon 7.1.3.2425
Operator	
Signal Quantity	Absorbance
Signal Unit	mAU
Signal Min.	-0.939294
Signal Max.	844.080767
Channel	UV_VIS_2
Driver Name	DAD3000.dll
Channel Type	Evaluation
Min. Step (s)	0.200
Max. Step (s)	0.200
Average Step (s)	0.200

Signal Parameter Information:
Signal Info	WVL:280 nm

Raw Data:
Time (min)	Step (s)	Value (mAU)
0.000000	0.000	0.000000
0.003333	0.200	-0.002001
0.006667	0.200	-0.014401
0.010000	0.200	-0.048160
0.013333	0.200	-0.101246
0.016667	0.200	-0.153445
0.020000	0.200	-0.182457
0.023333	0.200	-0.180079
0.026667	0.200	-0.153176
0.030000	0.200	-0.115820
0.033333	0.200	-0.081215
0.036667	0.200	-0.056922
0.040000	0.200	-0.044555
0.043333	0.200	-0.042220
0.046667	0.200	-0.047038
0.050000	0.200	-0.056705
0.053333	0.200	-0.069752
0.056667	0.200	-0.085038
0.060000	0.200	-0.101362
0.063333	0.200	-0.117370
0.066667	0.200	-0.131954
0.070000	0.200	-0.144950
0.073333	0.200	-0.157041
0.076667	0.200	-0.168771
0.080000	0.200	-0.180031
0.083333	0.200	-0.190663
0.086667	0.200	-0.200801
0.090000	0.200	-0.210375
0.093333	0.200	-0.219183
0.096667	0.200	-0.227493
0.100000	0.200	-0.235913
0.103333	0.200	-0.244761
0.106667	0.200	-0.253797
0.110000	0.200	-0.262640
0.113333	0.200	-0.271204
0.116667	0.200	-0.279605
0.120000	0.200	-0.288062
0.123333	0.200	-0.296935
0.126667	0.200	-0.306311
0.130000	0.200	-0.315442
0.133333	0.200	-0.323039
0.136667	0.200	-0.328277
0.140000	0.200	-0.331579
0.143333	0.200	-0.334647
0.146667	0.200	-0.339322
0.150000	0.200	-0.346084
0.153333	0.200	-0.354154
0.156667	0.200	-0.362850
0.160000	0.200	-0.372167
0.163333	0.200	-0.382232
0.166667	0.200	-0.392596
0.170000	0.200	-0.402224
0.173333	0.200	-0.410443
0.176667	0.200	-0.417779
0.180000	0.200	-0.425077
0.183333	0.200	-0.431996
0.186667	0.200	-0.437345
0.190000	0.200	-0.440558
0.193333	0.200	-0.442335
0.196667	0.200	-0.444294
0.200000	0.200	-0.447927
0.203333	0.200	-0.453765
0.206667	0.200	-0.461538
0.210000	0.200	-0.470475
0.213333	0.200	-0.479450
0.216667	0.200	-0.487476
0.220000	0.200	-0.494009
0.223333	0.200	-0.498750
0.226667	0.200	-0.501704
0.230000	0.200	-0.503709
0.233333	0.200	-0.506267
0.236667	0.200	-0.510329
0.240000	0.200	-0.515660
0.243333	0.200	-0.521446
0.246667	0.200	-0.526981
0.250000	0.200	-0.531839
0.253333	0.200	-0.536065
0.256667	0.200	-0.540303
0.260000	0.200	-0.545092
0.263333	0.200	-0.550060
0.266667	0.200	-0.554335
0.270000	0.200	-0.557432
0.273333	0.200	-0.559552
0.276667	0.200	-0.561572
0.280000	0.200	-0.564594
0.283333	0.200	-0.569052
0.286667	0.200	-0.574395
0.290000	0.200	-0.579665
0.293333	0.200	-0.584240
0.296667	0.200	-0.588078
0.300000	0.200	-0.591447
0.303333	0.200	-0.594576
0.306667	0.200	-0.597505
0.310000	0.200	-0.600233
0.313333	0.200	-0.602997
0.316667	0.200	-0.606283
0.320000	0.200	-0.610482
0.323333	0.200	-0.615586
0.326667	0.200	-0.620984
0.330000	0.200	-0.625550
0.333333	0.200	-0.628510
0.336667	0.200	-0.630261
0.340000	0.200	-0.631863
0.343333	0.200	-0.633972
0.346667	0.200	-0.636711
0.350000	0.200	-0.640181
0.353333	0.200	-0.644476
0.356667	0.200	-0.649403
0.360000	0.200	-0.654694
0.363333	0.200	-0.660452
0.366667	0.200	-0.666886
0.370000	0.200	-0.673356
0.373333	0.200	-0.678382
0.376667	0.200	-0.680913
0.380000	0.200	-0.680997
0.383333	0.200	-0.679374
0.386667	0.200	-0.677098
0.390000	0.200	-0.675432
0.393333	0.200	-0.675449
0.396667	0.200	-0.677386
0.400000	0.200	-0.680562
0.403333	0.200	-0.684068
0.406667	0.200	-0.687565
0.410000	0.200	-0.691342
0.413333	0.200	-0.695531
0.416667	0.200	-0.699648
0.420000	0.200	-0.703117
0.423333	0.200	-0.705622
0.426667	0.200	-0.706972
0.430000	0.200	-0.707240
0.433333	0.200	-0.707147
0.436667	0.200	-0.707855
0.440000	0.200	-0.710218
0.443333	0.200	-0.714450
0.446667	0.200	-0.720115
0.450000	0.200	-0.725976
0.453333	0.200	-0.730304
0.456667	0.200	-0.732002
0.460000	0.200	-0.731395
0.463333	0.200	-0.729857
0.466667	0.200	-0.728882
0.470000	0.200	-0.729290
0.473333	0.200	-0.730951
0.476667	0.200	-0.733262
0.480000	0.200	-0.735825
0.483333	0.200	-0.738524
0.486667	0.200	-0.741287
0.490000	0.200	-0.744159
0.493333	0.200	-0.747242
0.496667	0.200	-0.750514
0.500000	0.200	-0.753861
0.503333	0.200	-0.756986
0.506667	0.200	-0.759428
0.510000	0.200	-0.760990
0.513333	0.200	-0.762022
0.516667	0.200	-0.763278
0.520000	0.200	-0.765218
0.523333	0.200	-0.767465
0.526667	0.200	-0.769333
0.530000	0.200	-0.770468
0.533333	0.200	-0.770645
0.536667	0.200	-0.769638
0.540000	0.200	-0.767739
0.543333	0.200	-0.765984
0.546667	0.200	-0.765572
0.550000	0.200	-0.767184
0.553333	0.200	-0.770649
0.556667	0.200	-0.774886
0.560000	0.200	-0.778368
0.563333	0.200	-0.780056
0.566667	0.200	-0.779958
0.570000	0.200	-0.778819
0.573333	0.200	-0.777444
0.576667	0.200	-0.776466
0.580000	0.200	-0.776367
0.583333	0.200	-0.777241
0.586667	0.200	-0.778762
0.590000	0.200	-0.780675
0.593333	0.200	-0.783077
0.596667	0.200	-0.786114
0.600000	0.200	-0.789814
0.603333	0.200	-0.794168
0.606667	0.200	-0.798734
0.610000	0.200	-0.802364
0.613333	0.200	-0.803957
0.616667	0.200	-0.803345
0.620000	0.200	-0.801426
0.623333	0.200	-0.799695
0.626667	0.200	-0.799304
0.630000	0.200	-0.800482
0.633333	0.200	-0.802848
0.636667	0.200	-0.805663
0.640000	0.200	-0.807903
0.643333	0.200	-0.808929
0.646667	0.200	-0.808992
0.650000	0.200	-0.808671
0.653333	0.200	-0.808283
0.656667	0.200	-0.808161
0.660000	0.200	-0.808908
0.663333	0.200	-0.810969
0.666667	0.200	-0.814196
0.670000	0.200	-0.818112
0.673333	0.200	-0.822441
0.676667	0.200	-0.826860
0.680000	0.200	-0.830485
0.683333	0.200	-0.832260
0.686667	0.200	-0.831860
0.690000	0.200	-0.830020
0.693333	0.200	-0.828123
0.696667	0.200	-0.827434
0.700000	0.200	-0.828513
0.703333	0.200	-0.831144
0.706667	0.200	-0.834294
0.710000	0.200	-0.836349
0.713333	0.200	-0.836335
0.716667	0.200	-0.834815
0.720000	0.200	-0.833077
0.723333	0.200	-0.832113
0.726667	0.200	-0.832645
0.730000	0.200	-0.834980
0.733333	0.200	-0.838497
0.736667	0.200	-0.841855
0.740000	0.200	-0.843896
0.743333	0.200	-0.844392
0.746667	0.200	-0.843999
0.750000	0.200	-0.843802
0.753333	0.200	-0.844884
0.756667	0.200	-0.847768
0.760000	0.200	-0.851887
0.763333	0.200	-0.855744
0.766667	0.200	-0.857871
0.770000	0.200	-0.857767
0.773333	0.200	-0.856138
0.776667	0.200	-0.854493
0.780000	0.200	-0.854167
0.783333	0.200	-0.855381
0.786667	0.200	-0.857343
0.790000	0.200	-0.859246
0.793333	0.200	-0.860856
0.796667	0.200	-0.862225
0.800000	0.200	-0.863435
0.803333	0.200	-0.864771
0.806667	0.200	-0.866563
0.810000	0.200	-0.868809
0.813333	0.200	-0.871382
0.816667	0.200	-0.874161
0.820000	0.200	-0.876756
0.823333	0.200	-0.878775
0.826667	0.200	-0.880223
0.830000	0.200	-0.881339
0.833333	0.200	-0.882480
0.836667	0.200	-0.884169
0.840000	0.200	-0.887048
0.843333	0.200	-0.891596
0.846667	0.200	-0.897495
0.850000	0.200	-0.903450
0.853333	0.200	-0.907967
0.856667	0.200	-0.910115
0.860000	0.200	-0.909642
0.863333	0.200	-0.906868
0.866667	0.200	-0.902504
0.870000	0.200	-0.897139
0.873333	0.200	-0.890400
0.876667	0.200	-0.879499
0.880000	0.200	-0.857773
0.883333	0.200	-0.815835
0.886667	0.200	-0.745786
0.890000	0.200	-0.645707
0.893333	0.200	-0.521690
0.896667	0.200	-0.385865
0.900000	0.200	-0.252046
0.903333	0.200	-0.132683
0.906667	0.200	-0.037870
0.910000	0.200	0.025613
0.913333	0.200	0.055792
0.916667	0.200	0.055953
0.920000	0.200	0.033286
0.923333	0.200	-0.003574
0.926667	0.200	-0.047450
0.930000	0.200	-0.094324
0.933333	0.200	-0.142315
0.936667	0.200	-0.189555
0.940000	0.200	-0.233152
0.943333	0.200	-0.269242
0.946667	0.200	-0.293274
0.950000	0.200	-0.300443
0.953333	0.200	-0.287087
0.956667	0.200	-0.253044
0.960000	0.200	-0.203395
0.963333	0.200	-0.147984
0.966667	0.200	-0.098542
0.970000	0.200	-0.065236
0.973333	0.200	-0.054175
0.976667	0.200	-0.065699
0.980000	0.200	-0.094274
0.983333	0.200	-0.131380
0.986667	0.200	-0.169599
0.990000	0.200	-0.205103
0.993333	0.200	-0.237952
0.996667	0.200	-0.271058
1.000000	0.200	-0.308121
1.003333	0.200	-0.351068
1.006667	0.200	-0.398670
1.010000	0.200	-0.447442
1.013333	0.200	-0.493852
1.016667	0.200	-0.535644
1.020000	0.200	-0.571460
1.023333	0.200	-0.600394
1.026667	0.200	-0.622325
1.030000	0.200	-0.638031
1.033333	0.200	-0.648695
1.036667	0.200	-0.655666
1.040000	0.200	-0.660329
1.043333	0.200	-0.663325
1.046667	0.200	-0.664456
1.050000	0.200	-0.663619
1.053333	0.200	-0.660600
1.056667	0.200	-0.653860
1.060000	0.200	-0.640141
1.063333	0.200	-0.614403
1.066667	0.200	-0.568492
1.070000	0.200	-0.487370
1.073333	0.200	-0.342059
1.076667	0.200	-0.077284
1.080000	0.200	0.409613
1.083333	0.200	1.297390
1.086667	0.200	2.861001
1.090000	0.200	5.449443
1.093333	0.200	9.389567
1.096667	0.200	14.820276
1.100000	0.200	21.519606
1.103333	0.200	28.825010
1.106667	0.200	35.724337
1.110000	0.200	41.113234
1.113333	0.200	44.121153
1.116667	0.200	44.364831
1.120000	0.200	42.026003
1.123333	0.200	37.740911
1.126667	0.200	32.371829
1.130000	0.200	26.763235
1.133333	0.200	21.565080
1.136667	0.200	17.157670
1.140000	0.200	13.667131
1.143333	0.200	11.035068
1.146667	0.200	9.102788
1.150000	0.200	7.682465
1.153333	0.200	6.603740
1.156667	0.200	5.735906
1.160000	0.200	4.991686
1.163333	0.200	4.320540
1.166667	0.200	3.698311
1.170000	0.200	3.117157
1.173333	0.200	2.577521
1.176667	0.200	2.082583
1.180000	0.200	1.635089
1.183333	0.200	1.236162
1.186667	0.200	0.885375
1.190000	0.200	0.581456
1.193333	0.200	0.323473
1.196667	0.200	0.111567
1.200000	0.200	-0.053644
1.203333	0.200	-0.171257
1.206667	0.200	-0.238767
1.210000	0.200	-0.251780
1.213333	0.200	-0.206311
1.216667	0.200	-0.102668
1.220000	0.200	0.050023
1.223333	0.200	0.230840
1.226667	0.200	0.408910
1.230000	0.200	0.550398
1.233333	0.200	0.627310
1.236667	0.200	0.624575
1.240000	0.200	0.543125
1.243333	0.200	0.398200
1.246667	0.200	0.214079
1.250000	0.200	0.017351
1.253333	0.200	-0.169289
1.256667	0.200	-0.330789
1.260000	0.200	-0.460188
1.263333	0.200	-0.556934
1.266667	0.200	-0.624488
1.270000	0.200	-0.667687
1.273333	0.200	-0.690144
1.276667	0.200	-0.692708
1.280000	0.200	-0.673968
1.283333	0.200	-0.632761
1.286667	0.200	-0.571506
1.290000	0.200	-0.498354
1.293333	0.200	-0.426564
1.296667	0.200	-0.371181
1.300000	0.200	-0.344234
1.303333	0.200	-0.350127
1.306667	0.200	-0.383481
1.310000	0.200	-0.431278
1.313333	0.200	-0.478077
1.316667	0.200	-0.510930
1.320000	0.200	-0.522346
1.323333	0.200	-0.511332
1.326667	0.200	-0.482441
1.330000	0.200	-0.443122
1.333333	0.200	-0.401203
1.336667	0.200	-0.363622
1.340000	0.200	-0.335410
1.343333	0.200	-0.318579
1.346667	0.200	-0.312104
1.350000	0.200	-0.313376
1.353333	0.200	-0.319803
1.356667	0.200	-0.329562
1.360000	0.200	-0.341645
1.363333	0.200	-0.355259
1.366667	0.200	-0.369283
1.370000	0.200	-0.382732
1.373333	0.200	-0.395688
1.376667	0.200	-0.409422
1.380000	0.200	-0.425458
1.383333	0.200	-0.444411
1.386667	0.200	-0.465772
1.390000	0.200	-0.488708
1.393333	0.200	-0.512859
1.396667	0.200	-0.538325
1.400000	0.200	-0.564908
1.403333	0.200	-0.591702
1.406667	0.200	-0.617607
1.410000	0.200	-0.642123
1.413333	0.200	-0.665649
1.416667	0.200	-0.688944
1.420000	0.200	-0.712502
1.423333	0.200	-0.736455
1.426667	0.200	-0.760212
1.430000	0.200	-0.782258
1.433333	0.200	-0.801191
1.436667	0.200	-0.816824
1.440000	0.200	-0.830037
1.443333	0.200	-0.842084
1.446667	0.200	-0.853941
1.450000	0.200	-0.865756
1.453333	0.200	-0.876985
1.456667	0.200	-0.887226
1.460000	0.200	-0.896567
1.463333	0.200	-0.905179
1.466667	0.200	-0.912752
1.470000	0.200	-0.918294
1.473333	0.200	-0.920823
1.476667	0.200	-0.920402
1.480000	0.200	-0.918418
1.483333	0.200	-0.916756
1.486667	0.200	-0.916417
1.490000	0.200	-0.917001
1.493333	0.200	-0.917513
1.496667	0.200	-0.917134
1.500000	0.200	-0.915515
1.503333	0.200	-0.913023
1.506667	0.200	-0.910527
1.510000	0.200	-0.908560
1.513333	0.200	-0.906819
1.516667	0.200	-0.904687
1.520000	0.200	-0.901970
1.523333	0.200	-0.898700
1.526667	0.200	-0.894679
1.530000	0.200	-0.890065
1.533333	0.200	-0.885739
1.536667	0.200	-0.882468
1.540000	0.200	-0.880045
1.543333	0.200	-0.877184
1.546667	0.200	-0.872426
1.550000	0.200	-0.865561
1.553333	0.200	-0.857703
1.556667	0.200	-0.849825
1.560000	0.200	-0.842005
1.563333	0.200	-0.834114
1.566667	0.200	-0.826436
1.570000	0.200	-0.819602
1.573333	0.200	-0.814430
1.576667	0.200	-0.811532
1.580000	0.200	-0.810545
1.583333	0.200	-0.810335
1.586667	0.200	-0.810205
1.590000	0.200	-0.810230
1.593333	0.200	-0.810587
1.596667	0.200	-0.811467
1.600000	0.200	-0.813580
1.603333	0.200	-0.817912
1.606667	0.200	-0.824749
1.610000	0.200	-0.833499
1.613333	0.200	-0.843177
1.616667	0.200	-0.852555
1.620000	0.200	-0.860504
1.623333	0.200	-0.866598
1.626667	0.200	-0.871161
1.630000	0.200	-0.874824
1.633333	0.200	-0.878213
1.636667	0.200	-0.881795
1.640000	0.200	-0.885419
1.643333	0.200	-0.888246
1.646667	0.200	-0.889697
1.650000	0.200	-0.890183
1.653333	0.200	-0.890623
1.656667	0.200	-0.891857
1.660000	0.200	-0.894620
1.663333	0.200	-0.898930
1.666667	0.200	-0.903602
1.670000	0.200	-0.907359
1.673333	0.200	-0.909947
1.676667	0.200	-0.911741
1.680000	0.200	-0.912836
1.683333	0.200	-0.912945
1.686667	0.200	-0.912137
1.690000	0.200	-0.910990
1.693333	0.200	-0.909876
1.696667	0.200	-0.908823
1.700000	0.200	-0.908034
1.703333	0.200	-0.907927
1.706667	0.200	-0.908684
1.710000	0.200	-0.909875
1.713333	0.200	-0.910363
1.716667	0.200	-0.908797
1.720000	0.200	-0.904921
1.723333	0.200	-0.900205
1.726667	0.200	-0.896787
1.730000	0.200	-0.896036
1.733333	0.200	-0.897804
1.736667	0.200	-0.900437
1.740000	0.200	-0.901901
1.743333	0.200	-0.901271
1.746667	0.200	-0.899085
1.750000	0.200	-0.896748
1.753333	0.200	-0.895678
1.756667	0.200	-0.896448
1.760000	0.200	-0.898840
1.763333	0.200	-0.902487
1.766667	0.200	-0.906800
1.770000	0.200	-0.910769
1.773333	0.200	-0.913494
1.776667	0.200	-0.914837
1.780000	0.200	-0.915373
1.783333	0.200	-0.915365
1.786667	0.200	-0.913925
1.790000	0.200	-0.909861
1.793333	0.200	-0.902903
1.796667	0.200	-0.893555
1.800000	0.200	-0.882692
1.803333	0.200	-0.871665
1.806667	0.200	-0.861915
1.810000	0.200	-0.854353
1.813333	0.200	-0.849244
1.816667	0.200	-0.846248
1.820000	0.200	-0.844795
1.823333	0.200	-0.844763
1.826667	0.200	-0.846418
1.830000	0.200	-0.849677
1.833333	0.200	-0.853832
1.836667	0.200	-0.857819
1.840000	0.200	-0.860781
1.843333	0.200	-0.862747
1.846667	0.200	-0.864574
1.850000	0.200	-0.866867
1.853333	0.200	-0.869228
1.856667	0.200	-0.870518
1.860000	0.200	-0.869379
1.863333	0.200	-0.864613
1.866667	0.200	-0.855500
1.870000	0.200	-0.842066
1.873333	0.200	-0.824981
1.876667	0.200	-0.805031
1.880000	0.200	-0.782797
1.883333	0.200	-0.758966
1.886667	0.200	-0.734870
1.890000	0.200	-0.712395
1.893333	0.200	-0.693283
1.896667	0.200	-0.678575
1.900000	0.200	-0.668714
1.903333	0.200	-0.664096
1.906667	0.200	-0.665353
1.910000	0.200	-0.672914
1.913333	0.200	-0.686282
1.916667	0.200	-0.704118
1.920000	0.200	-0.725035
1.923333	0.200	-0.747971
1.926667	0.200	-0.772026
1.930000	0.200	-0.796216
1.933333	0.200	-0.819504
1.936667	0.200	-0.841119
1.940000	0.200	-0.860563
1.943333	0.200	-0.877448
1.946667	0.200	-0.891467
1.950000	0.200	-0.902378
1.953333	0.200	-0.910373
1.956667	0.200	-0.916412
1.960000	0.200	-0.921530
1.963333	0.200	-0.926117
1.966667	0.200	-0.930167
1.970000	0.200	-0.933493
1.973333	0.200	-0.935674
1.976667	0.200	-0.936495
1.980000	0.200	-0.936396
1.983333	0.200	-0.936233
1.986667	0.200	-0.936674
1.990000	0.200	-0.937761
1.993333	0.200	-0.938904
1.996667	0.200	-0.939294
2.000000	0.200	-0.938238
2.003333	0.200	-0.935384
2.006667	0.200	-0.931088
2.010000	0.200	-0.926180
2.013333	0.200	-0.921196
2.016667	0.200	-0.916306
2.020000	0.200	-0.911820
2.023333	0.200	-0.908143
2.026667	0.200	-0.905174
2.030000	0.200	-0.902211
2.033333	0.200	-0.898651
2.036667	0.200	-0.894605
2.040000	0.200	-0.890917
2.043333	0.200	-0.888590
2.046667	0.200	-0.887862
2.050000	0.200	-0.887843
2.053333	0.200	-0.887306
2.056667	0.200	-0.885877
2.060000	0.200	-0.884290
2.063333	0.200	-0.883701
2.066667	0.200	-0.885151
2.070000	0.200	-0.889307
2.073333	0.200	-0.895984
2.076667	0.200	-0.903909
2.080000	0.200	-0.911229
2.083333	0.200	-0.916434
2.086667	0.200	-0.919035
2.090000	0.200	-0.919620
2.093333	0.200	-0.919430
2.096667	0.200	-0.919608
2.100000	0.200	-0.920475
2.103333	0.200	-0.921568
2.106667	0.200	-0.922352
2.110000	0.200	-0.922671
2.113333	0.200	-0.922672
2.116667	0.200	-0.922693
2.120000	0.200	-0.923121
2.123333	0.200	-0.923814
2.126667	0.200	-0.923794
2.130000	0.200	-0.922076
2.133333	0.200	-0.918858
2.136667	0.200	-0.915546
2.140000	0.200	-0.913361
2.143333	0.200	-0.912426
2.146667	0.200	-0.912463
2.150000	0.200	-0.913638
2.153333	0.200	-0.916060
2.156667	0.200	-0.918847
2.160000	0.200	-0.920701
2.163333	0.200	-0.921419
2.166667	0.200	-0.921902
2.170000	0.200	-0.922752
2.173333	0.200	-0.923607
2.176667	0.200	-0.923794
2.180000	0.200	-0.923050
2.183333	0.200	-0.921661
2.186667	0.200	-0.920332
2.190000	0.200	-0.919766
2.193333	0.200	-0.920144
2.196667	0.200	-0.921113
2.200000	0.200	-0.922024
2.203333	0.200	-0.922221
2.206667	0.200	-0.921551
2.210000	0.200	-0.920407
2.213333	0.200	-0.919016
2.216667	0.200	-0.917127
2.220000	0.200	-0.914686
2.223333	0.200	-0.912304
2.226667	0.200	-0.910751
2.230000	0.200	-0.910285
2.233333	0.200	-0.910772
2.236667	0.200	-0.911965
2.240000	0.200	-0.913245
2.243333	0.200	-0.913747
2.246667	0.200	-0.913229
2.250000	0.200	-0.912253
2.253333	0.200	-0.911298
2.256667	0.200	-0.910217
2.260000	0.200	-0.908744
2.263333	0.200	-0.907176
2.266667	0.200	-0.906123
2.270000	0.200	-0.905612
2.273333	0.200	-0.905213
2.276667	0.200	-0.904981
2.280000	0.200	-0.905419
2.283333	0.200	-0.906764
2.286667	0.200	-0.908732
2.290000	0.200	-0.910686
2.293333	0.200	-0.912011
2.296667	0.200	-0.912188
2.300000	0.200	-0.910693
2.303333	0.200	-0.907521
2.306667	0.200	-0.903788
2.310000	0.200	-0.901029
2.313333	0.200	-0.899773
2.316667	0.200	-0.899275
2.320000	0.200	-0.898575
2.323333	0.200	-0.897171
2.326667	0.200	-0.894766
2.330000	0.200	-0.891164
2.333333	0.200	-0.886538
2.336667	0.200	-0.881395
2.340000	0.200	-0.876071
2.343333	0.200	-0.870233
2.346667	0.200	-0.863167
2.350000	0.200	-0.854680
2.353333	0.200	-0.845430
2.356667	0.200	-0.836433
2.360000	0.200	-0.828601
2.363333	0.200	-0.822553
2.366667	0.200	-0.818402
2.370000	0.200	-0.815796
2.373333	0.200	-0.814254
2.376667	0.200	-0.813390
2.380000	0.200	-0.813162
2.383333	0.200	-0.814068
2.386667	0.200	-0.816826
2.390000	0.200	-0.821702
2.393333	0.200	-0.828149
2.396667	0.200	-0.835214
2.400000	0.200	-0.842401
2.403333	0.200	-0.849860
2.406667	0.200	-0.857675
2.410000	0.200	-0.865479
2.413333	0.200	-0.872575
2.416667	0.200	-0.877937
2.420000	0.200	-0.880773
2.423333	0.200	-0.881539
2.426667	0.200	-0.881641
2.430000	0.200	-0.882014
2.433333	0.200	-0.882547
2.436667	0.200	-0.882777
2.440000	0.200	-0.882687
2.443333	0.200	-0.882739
2.446667	0.200	-0.883287
2.450000	0.200	-0.884161
2.453333	0.200	-0.884777
2.456667	0.200	-0.884669
2.460000	0.200	-0.883963
2.463333	0.200	-0.883060
2.466667	0.200	-0.881921
2.470000	0.200	-0.880074
2.473333	0.200	-0.877097
2.476667	0.200	-0.872539
2.480000	0.200	-0.865741
2.483333	0.200	-0.856297
2.486667	0.200	-0.844473
2.490000	0.200	-0.831113
2.493333	0.200	-0.817380
2.496667	0.200	-0.804334
2.500000	0.200	-0.792177
2.503333	0.200	-0.780177
2.506667	0.200	-0.767923
2.510000	0.200	-0.756313
2.513333	0.200	-0.746956
2.516667	0.200	-0.740995
2.520000	0.200	-0.738562
2.523333	0.200	-0.739193
2.526667	0.200	-0.742528
2.530000	0.200	-0.748201
2.533333	0.200	-0.755737
2.536667	0.200	-0.765113
2.540000	0.200	-0.776548
2.543333	0.200	-0.789531
2.546667	0.200	-0.802810
2.550000	0.200	-0.815195
2.553333	0.200	-0.825955
2.556667	0.200	-0.834729
2.560000	0.200	-0.841577
2.563333	0.200	-0.846982
2.566667	0.200	-0.851386
2.570000	0.200	-0.854705
2.573333	0.200	-0.856796
2.576667	0.200	-0.858112
2.580000	0.200	-0.859055
2.583333	0.200	-0.859293
2.586667	0.200	-0.858503
2.590000	0.200	-0.856993
2.593333	0.200	-0.855217
2.596667	0.200	-0.853162
2.600000	0.200	-0.850429
2.603333	0.200	-0.846938
2.606667	0.200	-0.843072
2.610000	0.200	-0.839145
2.613333	0.200	-0.835173
2.616667	0.200	-0.831059
2.620000	0.200	-0.826796
2.623333	0.200	-0.822458
2.626667	0.200	-0.818269
2.630000	0.200	-0.814756
2.633333	0.200	-0.812421
2.636667	0.200	-0.811190
2.640000	0.200	-0.810613
2.643333	0.200	-0.810562
2.646667	0.200	-0.811331
2.650000	0.200	-0.813032
2.653333	0.200	-0.815166
2.656667	0.200	-0.817090
2.660000	0.200	-0.818895
2.663333	0.200	-0.821378
2.666667	0.200	-0.824821
2.670000	0.200	-0.828036
2.673333	0.200	-0.829068
2.676667	0.200	-0.826900
2.680000	0.200	-0.822129
2.683333	0.200	-0.816182
2.686667	0.200	-0.810316
2.690000	0.200	-0.805324
2.693333	0.200	-0.801496
2.696667	0.200	-0.798546
2.700000	0.200	-0.796132
2.703333	0.200	-0.794377
2.706667	0.200	-0.793441
2.710000	0.200	-0.793174
2.713333	0.200	-0.793523
2.716667	0.200	-0.794668
2.720000	0.200	-0.796582
2.723333	0.200	-0.798786
2.726667	0.200	-0.800658
2.730000	0.200	-0.801874
2.733333	0.200	-0.802631
2.736667	0.200	-0.803606
2.740000	0.200	-0.805452
2.743333	0.200	-0.808118
2.746667	0.200	-0.810799
2.750000	0.200	-0.812618
2.753333	0.200	-0.813227
2.756667	0.200	-0.812887
2.760000	0.200	-0.812270
2.763333	0.200	-0.812124
2.766667	0.200	-0.812733
2.770000	0.200	-0.813495
2.773333	0.200	-0.813323
2.776667	0.200	-0.811614
2.780000	0.200	-0.808674
2.783333	0.200	-0.805475
2.786667	0.200	-0.802904
2.790000	0.200	-0.800978
2.793333	0.200	-0.799185
2.796667	0.200	-0.797313
2.800000	0.200	-0.795541
2.803333	0.200	-0.794180
2.806667	0.200	-0.793610
2.810000	0.200	-0.794212
2.813333	0.200	-0.796065
2.816667	0.200	-0.798810
2.820000	0.200	-0.801899
2.823333	0.200	-0.804722
2.826667	0.200	-0.806635
2.830000	0.200	-0.807169
2.833333	0.200	-0.806244
2.836667	0.200	-0.804120
2.840000	0.200	-0.801177
2.843333	0.200	-0.797901
2.846667	0.200	-0.794978
2.850000	0.200	-0.793043
2.853333	0.200	-0.792032
2.856667	0.200	-0.791075
2.860000	0.200	-0.789417
2.863333	0.200	-0.787260
2.866667	0.200	-0.785513
2.870000	0.200	-0.784733
2.873333	0.200	-0.784553
2.876667	0.200	-0.784380
2.880000	0.200	-0.784194
2.883333	0.200	-0.784392
2.886667	0.200	-0.785236
2.890000	0.200	-0.786329
2.893333	0.200	-0.786482
2.896667	0.200	-0.784586
2.900000	0.200	-0.781017
2.903333	0.200	-0.777633
2.906667	0.200	-0.775904
2.910000	0.200	-0.775751
2.913333	0.200	-0.776220
2.916667	0.200	-0.776300
2.920000	0.200	-0.775253
2.923333	0.200	-0.773053
2.926667	0.200	-0.770424
2.930000	0.200	-0.768202
2.933333	0.200	-0.766914
2.936667	0.200	-0.766543
2.940000	0.200	-0.766467
2.943333	0.200	-0.766314
2.946667	0.200	-0.766383
2.950000	0.200	-0.766674
2.953333	0.200	-0.766533
2.956667	0.200	-0.765563
2.960000	0.200	-0.764055
2.963333	0.200	-0.762534
2.966667	0.200	-0.761272
2.970000	0.200	-0.760162
2.973333	0.200	-0.759000
2.976667	0.200	-0.758050
2.980000	0.200	-0.758062
2.983333	0.200	-0.759375
2.986667	0.200	-0.761553
2.990000	0.200	-0.764070
2.993333	0.200	-0.766605
2.996667	0.200	-0.768557
3.000000	0.200	-0.769015
3.003333	0.200	-0.767694
3.006667	0.200	-0.765312
3.010000	0.200	-0.762716
3.013333	0.200	-0.760252
3.016667	0.200	-0.757960
3.020000	0.200	-0.755788
3.023333	0.200	-0.753596
3.026667	0.200	-0.751269
3.030000	0.200	-0.748968
3.033333	0.200	-0.746957
3.036667	0.200	-0.745193
3.040000	0.200	-0.743606
3.043333	0.200	-0.742317
3.046667	0.200	-0.741211
3.050000	0.200	-0.739774
3.053333	0.200	-0.737221
3.056667	0.200	-0.733003
3.060000	0.200	-0.727756
3.063333	0.200	-0.723211
3.066667	0.200	-0.720699
3.070000	0.200	-0.720200
3.073333	0.200	-0.721077
3.076667	0.200	-0.723020
3.080000	0.200	-0.725680
3.083333	0.200	-0.728129
3.086667	0.200	-0.729409
3.090000	0.200	-0.729092
3.093333	0.200	-0.727288
3.096667	0.200	-0.724547
3.100000	0.200	-0.721590
3.103333	0.200	-0.718978
3.106667	0.200	-0.717044
3.110000	0.200	-0.716045
3.113333	0.200	-0.716101
3.116667	0.200	-0.716900
3.120000	0.200	-0.717987
3.123333	0.200	-0.719351
3.126667	0.200	-0.721317
3.130000	0.200	-0.724017
3.133333	0.200	-0.727079
3.136667	0.200	-0.729645
3.140000	0.200	-0.730877
3.143333	0.200	-0.730525
3.146667	0.200	-0.728779
3.150000	0.200	-0.725979
3.153333	0.200	-0.722965
3.156667	0.200	-0.721120
3.160000	0.200	-0.721378
3.163333	0.200	-0.723244
3.166667	0.200	-0.725168
3.170000	0.200	-0.726095
3.173333	0.200	-0.726350
3.176667	0.200	-0.726592
3.180000	0.200	-0.726570
3.183333	0.200	-0.725654
3.186667	0.200	-0.723959
3.190000	0.200	-0.722314
3.193333	0.200	-0.721388
3.196667	0.200	-0.721158
3.200000	0.200	-0.721191
3.203333	0.200	-0.720936
3.206667	0.200	-0.719836
3.210000	0.200	-0.717841
3.213333	0.200	-0.715647
3.216667	0.200	-0.714127
3.220000	0.200	-0.713686
3.223333	0.200	-0.714060
3.226667	0.200	-0.714523
3.230000	0.200	-0.714189
3.233333	0.200	-0.712179
3.236667	0.200	-0.707717
3.240000	0.200	-0.700315
3.243333	0.200	-0.690351
3.246667	0.200	-0.679257
3.250000	0.200	-0.668375
3.253333	0.200	-0.658001
3.256667	0.200	-0.648328
3.260000	0.200	-0.640579
3.263333	0.200	-0.636282
3.266667	0.200	-0.635858
3.270000	0.200	-0.638565
3.273333	0.200	-0.643406
3.276667	0.200	-0.649469
3.280000	0.200	-0.655845
3.283333	0.200	-0.661864
3.286667	0.200	-0.667308
3.290000	0.200	-0.672178
3.293333	0.200	-0.676254
3.296667	0.200	-0.679232
3.300000	0.200	-0.681054
3.303333	0.200	-0.681587
3.306667	0.200	-0.680526
3.310000	0.200	-0.678087
3.313333	0.200	-0.675292
3.316667	0.200	-0.673442
3.320000	0.200	-0.673451
3.323333	0.200	-0.675426
3.326667	0.200	-0.678641
3.330000	0.200	-0.681640
3.333333	0.200	-0.681155
3.336667	0.200	-0.666562
3.340000	0.200	-0.601723
3.343333	0.200	-0.373851
3.346667	0.200	0.325797
3.350000	0.200	2.217744
3.353333	0.200	6.720407
3.356667	0.200	16.186279
3.360000	0.200	33.894771
3.363333	0.200	63.637309
3.366667	0.200	108.887364
3.370000	0.200	171.755987
3.373333	0.200	252.062068
3.376667	0.200	346.824825
3.380000	0.200	450.356485
3.383333	0.200	554.978388
3.386667	0.200	652.229889
3.390000	0.200	734.291109
3.393333	0.200	795.257203
3.396667	0.200	831.946304
3.400000	0.200	844.080767
3.403333	0.200	833.877818
3.406667	0.200	805.244065
3.410000	0.200	762.842359
3.413333	0.200	711.275690
3.416667	0.200	654.534316
3.420000	0.200	595.737418
3.423333	0.200	537.116946
3.426667	0.200	480.153346
3.430000	0.200	425.773161
3.433333	0.200	374.540648
3.436667	0.200	326.805175
3.440000	0.200	282.792705
3.443333	0.200	242.648854
3.446667	0.200	206.450326
3.450000	0.200	174.201913
3.453333	0.200	145.832656
3.456667	0.200	121.196958
3.460000	0.200	100.079739
3.463333	0.200	82.205848
3.466667	0.200	67.254911
3.470000	0.200	54.880113
3.473333	0.200	44.727833
3.476667	0.200	36.455352
3.480000	0.200	29.745044
3.483333	0.200	24.314338
3.486667	0.200	19.920694
3.490000	0.200	16.361883
3.493333	0.200	13.473179
3.496667	0.200	11.122648
3.500000	0.200	9.205809
3.503333	0.200	7.640478
3.506667	0.200	6.361576
3.510000	0.200	5.316595
3.513333	0.200	4.462585
3.516667	0.200	3.764475
3.520000	0.200	3.193969
3.523333	0.200	2.727866
3.526667	0.200	2.346401
3.530000	0.200	2.033099
3.533333	0.200	1.774941
3.536667	0.200	1.561357
3.540000	0.200	1.383202
3.543333	0.200	1.232816
3.546667	0.200	1.104264
3.550000	0.200	0.993005
3.553333	0.200	0.895496
3.556667	0.200	0.809241
3.560000	0.200	0.732770
3.563333	0.200	0.665094
3.566667	0.200	0.605025
3.570000	0.200	0.550756
3.573333	0.200	0.499941
3.576667	0.200	0.450718
3.580000	0.200	0.402714
3.583333	0.200	0.356516
3.586667	0.200	0.312602
3.590000	0.200	0.271441
3.593333	0.200	0.233703
3.596667	0.200	0.199228
3.600000	0.200	0.166555
3.603333	0.200	0.134440
3.606667	0.200	0.102819
3.610000	0.200	0.071758
3.613333	0.200	0.040976
3.616667	0.200	0.010703
3.620000	0.200	-0.018315
3.623333	0.200	-0.045766
3.626667	0.200	-0.071960
3.630000	0.200	-0.097258
3.633333	0.200	-0.121688
3.636667	0.200	-0.144828
3.640000	0.200	-0.165856
3.643333	0.200	-0.184091
3.646667	0.200	-0.199778
3.650000	0.200	-0.213980
3.653333	0.200	-0.227337
3.656667	0.200	-0.239461
3.660000	0.200	-0.249833
3.663333	0.200	-0.258553
3.666667	0.200	-0.265566
3.670000	0.200	-0.269814
3.673333	0.200	-0.270464
3.676667	0.200	-0.268513
3.680000	0.200	-0.266053
3.683333	0.200	-0.264437
3.686667	0.200	-0.263790
3.690000	0.200	-0.264087
3.693333	0.200	-0.266168
3.696667	0.200	-0.271123
3.700000	0.200	-0.279232
3.703333	0.200	-0.290502
3.706667	0.200	-0.305405
3.710000	0.200	-0.323885
3.713333	0.200	-0.344338
3.716667	0.200	-0.364317
3.720000	0.200	-0.381923
3.723333	0.200	-0.396373
3.726667	0.200	-0.407834
3.730000	0.200	-0.417151
3.733333	0.200	-0.425292
3.736667	0.200	-0.432818
3.740000	0.200	-0.440175
3.743333	0.200	-0.448019
3.746667	0.200	-0.456714
3.750000	0.200	-0.465872
3.753333	0.200	-0.474718
3.756667	0.200	-0.482688
3.760000	0.200	-0.489613
3.763333	0.200	-0.495583
3.766667	0.200	-0.500666
3.770000	0.200	-0.504771
3.773333	0.200	-0.507866
3.776667	0.200	-0.510200
3.780000	0.200	-0.512144
3.783333	0.200	-0.513937
3.786667	0.200	-0.515764
3.790000	0.200	-0.517591
3.793333	0.200	-0.518814
3.796667	0.200	-0.518804
3.800000	0.200	-0.517776
3.803333	0.200	-0.516434
3.806667	0.200	-0.515149
3.810000	0.200	-0.513906
3.813333	0.200	-0.512570
3.816667	0.200	-0.511146
3.820000	0.200	-0.510002
3.823333	0.200	-0.509692
3.826667	0.200	-0.510597
3.830000	0.200	-0.512660
3.833333	0.200	-0.515228
3.836667	0.200	-0.517289
3.840000	0.200	-0.518142
3.843333	0.200	-0.517648
3.846667	0.200	-0.515807
3.850000	0.200	-0.512728
3.853333	0.200	-0.508981
3.856667	0.200	-0.505471
3.860000	0.200	-0.502962
3.863333	0.200	-0.501684
3.866667	0.200	-0.501461
3.870000	0.200	-0.502134
3.873333	0.200	-0.503448
3.876667	0.200	-0.504758
3.880000	0.200	-0.505517
3.883333	0.200	-0.505721
3.886667	0.200	-0.505631
3.890000	0.200	-0.505565
3.893333	0.200	-0.505960
3.896667	0.200	-0.507199
3.900000	0.200	-0.509164
3.903333	0.200	-0.510978
3.906667	0.200	-0.511851
3.910000	0.200	-0.512007
3.913333	0.200	-0.511927
3.916667	0.200	-0.511292
3.920000	0.200	-0.509661
3.923333	0.200	-0.507593
3.926667	0.200	-0.506327
3.930000	0.200	-0.506651
3.933333	0.200	-0.508432
3.936667	0.200	-0.510997
3.940000	0.200	-0.513784
3.943333	0.200	-0.516706
3.946667	0.200	-0.519753
3.950000	0.200	-0.522378
3.953333	0.200	-0.523802
3.956667	0.200	-0.523827
3.960000	0.200	-0.523135
3.963333	0.200	-0.522743
3.966667	0.200	-0.523095
3.970000	0.200	-0.523659
3.973333	0.200	-0.523123
3.976667	0.200	-0.519877
3.980000	0.200	-0.512764
3.983333	0.200	-0.501632
3.986667	0.200	-0.486966
3.990000	0.200	-0.468673
3.993333	0.200	-0.445665
3.996667	0.200	-0.416910
4.000000	0.200	-0.382388
4.003333	0.200	-0.342832
4.006667	0.200	-0.298925
4.010000	0.200	-0.251530
4.013333	0.200	-0.202870
4.016667	0.200	-0.156575
4.020000	0.200	-0.116443
4.023333	0.200	-0.085496
4.026667	0.200	-0.065631
4.030000	0.200	-0.057505
4.033333	0.200	-0.060702
4.036667	0.200	-0.074120
4.040000	0.200	-0.096438
4.043333	0.200	-0.126384
4.046667	0.200	-0.162527
4.050000	0.200	-0.202966
4.053333	0.200	-0.245463
4.056667	0.200	-0.287740
4.060000	0.200	-0.327778
4.063333	0.200	-0.364291
4.066667	0.200	-0.396777
4.070000	0.200	-0.424990
4.073333	0.200	-0.448942
4.076667	0.200	-0.469269
4.080000	0.200	-0.486897
4.083333	0.200	-0.502277
4.086667	0.200	-0.515169
4.090000	0.200	-0.525363
4.093333	0.200	-0.533423
4.096667	0.200	-0.540338
4.100000	0.200	-0.546663
4.103333	0.200	-0.552356
4.106667	0.200	-0.557291
4.110000	0.200	-0.561693
4.113333	0.200	-0.565980
4.116667	0.200	-0.570261
4.120000	0.200	-0.574202
4.123333	0.200	-0.577435
4.126667	0.200	-0.579748
4.130000	0.200	-0.580861
4.133333	0.200	-0.580538
4.136667	0.200	-0.579196
4.140000	0.200	-0.577907
4.143333	0.200	-0.577496
4.146667	0.200	-0.577985
4.150000	0.200	-0.578944
4.153333	0.200	-0.580062
4.156667	0.200	-0.581335
4.160000	0.200	-0.582647
4.163333	0.200	-0.583386
4.166667	0.200	-0.582938
4.170000	0.200	-0.581581
4.173333	0.200	-0.580415
4.176667	0.200	-0.580215
4.180000	0.200	-0.580639
4.183333	0.200	-0.580776
4.186667	0.200	-0.580024
4.190000	0.200	-0.578138
4.193333	0.200	-0.574967
4.196667	0.200	-0.570583
4.200000	0.200	-0.565340
4.203333	0.200	-0.559791
4.206667	0.200	-0.554774
4.210000	0.200	-0.550952
4.213333	0.200	-0.548206
4.216667	0.200	-0.546167
4.220000	0.200	-0.544883
4.223333	0.200	-0.544717
4.226667	0.200	-0.546128
4.230000	0.200	-0.549292
4.233333	0.200	-0.553656
4.236667	0.200	-0.558198
4.240000	0.200	-0.562319
4.243333	0.200	-0.566203
4.246667	0.200	-0.570290
4.250000	0.200	-0.574534
4.253333	0.200	-0.578354
4.256667	0.200	-0.581390
4.260000	0.200	-0.583977
4.263333	0.200	-0.586571
4.266667	0.200	-0.588941
4.270000	0.200	-0.590282
4.273333	0.200	-0.590113
4.276667	0.200	-0.588742
4.280000	0.200	-0.586941
4.283333	0.200	-0.585452
4.286667	0.200	-0.584702
4.290000	0.200	-0.584800
4.293333	0.200	-0.585682
4.296667	0.200	-0.587164
4.300000	0.200	-0.589084
4.303333	0.200	-0.591329
4.306667	0.200	-0.593494
4.310000	0.200	-0.594904
4.313333	0.200	-0.595096
4.316667	0.200	-0.593962
4.320000	0.200	-0.591711
4.323333	0.200	-0.589030
4.326667	0.200	-0.586842
4.330000	0.200	-0.585746
4.333333	0.200	-0.585840
4.336667	0.200	-0.586805
4.340000	0.200	-0.587948
4.343333	0.200	-0.588537
4.346667	0.200	-0.588277
4.350000	0.200	-0.587340
4.353333	0.200	-0.586367
4.356667	0.200	-0.586505
4.360000	0.200	-0.588377
4.363333	0.200	-0.591076
4.366667	0.200	-0.593141
4.370000	0.200	-0.593980
4.373333	0.200	-0.593794
4.376667	0.200	-0.593009
4.380000	0.200	-0.592332
4.383333	0.200	-0.592602
4.386667	0.200	-0.593964
4.390000	0.200	-0.595412
4.393333	0.200	-0.595623
4.396667	0.200	-0.594250
4.400000	0.200	-0.592003
4.403333	0.200	-0.589808
4.406667	0.200	-0.588398
4.410000	0.200	-0.588101
4.413333	0.200	-0.588511
4.416667	0.200	-0.588805
4.420000	0.200	-0.588508
4.423333	0.200	-0.587623
4.426667	0.200	-0.586207
4.430000	0.200	-0.584353
4.433333	0.200	-0.582442
4.436667	0.200	-0.580953
4.440000	0.200	-0.580105
4.443333	0.200	-0.579790
4.446667	0.200	-0.579701
4.450000	0.200	-0.579545
4.453333	0.200	-0.579108
4.456667	0.200	-0.578100
4.460000	0.200	-0.576368
4.463333	0.200	-0.574393
4.466667	0.200	-0.572840
4.470000	0.200	-0.571764
4.473333	0.200	-0.570936
4.476667	0.200	-0.570199
4.480000	0.200	-0.569108
4.483333	0.200	-0.567126
4.486667	0.200	-0.564185
4.490000	0.200	-0.560672
4.493333	0.200	-0.557193
4.496667	0.200	-0.554374
4.500000	0.200	-0.552450
4.503333	0.200	-0.551130
4.506667	0.200	-0.550263
4.510000	0.200	-0.550262
4.513333	0.200	-0.551374
4.516667	0.200	-0.552968
4.520000	0.200	-0.553926
4.523333	0.200	-0.553395
4.526667	0.200	-0.551388
4.530000	0.200	-0.549057
4.533333	0.200	-0.547971
4.536667	0.200	-0.548889
4.540000	0.200	-0.551307
4.543333	0.200	-0.554004
4.546667	0.200	-0.555919
4.550000	0.200	-0.556766
4.553333	0.200	-0.557129
4.556667	0.200	-0.557514
4.560000	0.200	-0.557333
4.563333	0.200	-0.555702
4.566667	0.200	-0.552641
4.570000	0.200	-0.548523
4.573333	0.200	-0.543335
4.576667	0.200	-0.537191
4.580000	0.200	-0.530788
4.583333	0.200	-0.524907
4.586667	0.200	-0.519636
4.590000	0.200	-0.514731
4.593333	0.200	-0.510639
4.596667	0.200	-0.508187
4.600000	0.200	-0.507548
4.603333	0.200	-0.508207
4.606667	0.200	-0.509459
4.610000	0.200	-0.510695
4.613333	0.200	-0.511500
4.616667	0.200	-0.511693
4.620000	0.200	-0.511454
4.623333	0.200	-0.511320
4.626667	0.200	-0.511690
4.630000	0.200	-0.512529
4.633333	0.200	-0.513749
4.636667	0.200	-0.515314
4.640000	0.200	-0.516738
4.643333	0.200	-0.517207
4.646667	0.200	-0.516367
4.650000	0.200	-0.514442
4.653333	0.200	-0.511776
4.656667	0.200	-0.508687
4.660000	0.200	-0.505496
4.663333	0.200	-0.502455
4.666667	0.200	-0.499517
4.670000	0.200	-0.496259
4.673333	0.200	-0.492431
4.676667	0.200	-0.488359
4.680000	0.200	-0.484669
4.683333	0.200	-0.481988
4.686667	0.200	-0.480579
4.690000	0.200	-0.479911
4.693333	0.200	-0.479083
4.696667	0.200	-0.477770
4.700000	0.200	-0.476474
4.703333	0.200	-0.476134
4.706667	0.200	-0.477440
4.710000	0.200	-0.479913
4.713333	0.200	-0.481744
4.716667	0.200	-0.481314
4.720000	0.200	-0.478780
4.723333	0.200	-0.475482
4.726667	0.200	-0.472371
4.730000	0.200	-0.469644
4.733333	0.200	-0.467193
4.736667	0.200	-0.464785
4.740000	0.200	-0.461984
4.743333	0.200	-0.458543
4.746667	0.200	-0.454816
4.750000	0.200	-0.451089
4.753333	0.200	-0.447086
4.756667	0.200	-0.442740
4.760000	0.200	-0.438720
4.763333	0.200	-0.436051
4.766667	0.200	-0.435667
4.770000	0.200	-0.438053
4.773333	0.200	-0.442643
4.776667	0.200	-0.447864
4.780000	0.200	-0.452310
4.783333	0.200	-0.455592
4.786667	0.200	-0.457883
4.790000	0.200	-0.459201
4.793333	0.200	-0.459395
4.796667	0.200	-0.458570
4.800000	0.200	-0.457304
4.803333	0.200	-0.456249
4.806667	0.200	-0.455312
4.810000	0.200	-0.453574
4.813333	0.200	-0.450308
4.816667	0.200	-0.445641
4.820000	0.200	-0.440059
4.823333	0.200	-0.433766
4.826667	0.200	-0.426773
4.830000	0.200	-0.419309
4.833333	0.200	-0.411627
4.836667	0.200	-0.403392
4.840000	0.200	-0.394050
4.843333	0.200	-0.383880
4.846667	0.200	-0.373978
4.850000	0.200	-0.365323
4.853333	0.200	-0.358371
4.856667	0.200	-0.353300
4.860000	0.200	-0.350214
4.863333	0.200	-0.349122
4.866667	0.200	-0.349777
4.870000	0.200	-0.351423
4.873333	0.200	-0.352858
4.876667	0.200	-0.353264
4.880000	0.200	-0.352768
4.883333	0.200	-0.351606
4.886667	0.200	-0.349429
4.890000	0.200	-0.345945
4.893333	0.200	-0.341515
4.896667	0.200	-0.336607
4.900000	0.200	-0.330955
4.903333	0.200	-0.323595
4.906667	0.200	-0.313822
4.910000	0.200	-0.301699
4.913333	0.200	-0.287414
4.916667	0.200	-0.270973
4.920000	0.200	-0.252960
4.923333	0.200	-0.235085
4.926667	0.200	-0.220093
4.930000	0.200	-0.211058
4.933333	0.200	-0.209861
4.936667	0.200	-0.216102
4.940000	0.200	-0.227760
4.943333	0.200	-0.242385
4.946667	0.200	-0.257503
4.950000	0.200	-0.270576
4.953333	0.200	-0.279002
4.956667	0.200	-0.280533
4.960000	0.200	-0.273631
4.963333	0.200	-0.256941
4.966667	0.200	-0.229202
4.970000	0.200	-0.190566
4.973333	0.200	-0.143837
4.976667	0.200	-0.094353
4.980000	0.200	-0.048548
4.983333	0.200	-0.012422
4.986667	0.200	0.009100
4.990000	0.200	0.012906
4.993333	0.200	-0.001169
4.996667	0.200	-0.030299
5.000000	0.200	-0.069710
5.003333	0.200	-0.113761
5.006667	0.200	-0.157137
5.010000	0.200	-0.195753
5.013333	0.200	-0.227127
5.016667	0.200	-0.250752
5.020000	0.200	-0.267813
5.023333	0.200	-0.279911
5.026667	0.200	-0.288100
5.030000	0.200	-0.292717
5.033333	0.200	-0.293584
5.036667	0.200	-0.290235
5.040000	0.200	-0.282154
5.043333	0.200	-0.269128
5.046667	0.200	-0.251309
5.050000	0.200	-0.229100
5.053333	0.200	-0.203332
5.056667	0.200	-0.175452
5.060000	0.200	-0.147300
5.063333	0.200	-0.120752
5.066667	0.200	-0.097683
5.070000	0.200	-0.080031
5.073333	0.200	-0.069750
5.076667	0.200	-0.068301
5.080000	0.200	-0.075761
5.083333	0.200	-0.090550
5.086667	0.200	-0.110045
5.090000	0.200	-0.131367
5.093333	0.200	-0.151919
5.096667	0.200	-0.169829
5.100000	0.200	-0.184486
5.103333	0.200	-0.196475
5.106667	0.200	-0.206876
5.110000	0.200	-0.216692
5.113333	0.200	-0.226324
5.116667	0.200	-0.235470
5.120000	0.200	-0.243819
5.123333	0.200	-0.251539
5.126667	0.200	-0.259150
5.130000	0.200	-0.267062
5.133333	0.200	-0.275004
5.136667	0.200	-0.282148
5.140000	0.200	-0.287937
5.143333	0.200	-0.292246
5.146667	0.200	-0.294915
5.150000	0.200	-0.295913
5.153333	0.200	-0.295874
5.156667	0.200	-0.295975
5.160000	0.200	-0.297064
5.163333	0.200	-0.298990
5.166667	0.200	-0.300999
5.170000	0.200	-0.302312
5.173333	0.200	-0.301873
5.176667	0.200	-0.298217
5.180000	0.200	-0.290085
5.183333	0.200	-0.277303
5.186667	0.200	-0.261231
5.190000	0.200	-0.243926
5.193333	0.200	-0.226458
5.196667	0.200	-0.207709
5.200000	0.200	-0.183972
5.203333	0.200	-0.149029
5.206667	0.200	-0.095209
5.210000	0.200	-0.016207
5.213333	0.200	0.089381
5.216667	0.200	0.215787
5.220000	0.200	0.349551
5.223333	0.200	0.471293
5.226667	0.200	0.560664
5.230000	0.200	0.602582
5.233333	0.200	0.591185
5.236667	0.200	0.530583
5.240000	0.200	0.433089
5.243333	0.200	0.315326
5.246667	0.200	0.193910
5.250000	0.200	0.082441
5.253333	0.200	-0.010216
5.256667	0.200	-0.080436
5.260000	0.200	-0.129154
5.263333	0.200	-0.160599
5.266667	0.200	-0.180300
5.270000	0.200	-0.192794
5.273333	0.200	-0.200823
5.276667	0.200	-0.206004
5.280000	0.200	-0.209111
5.283333	0.200	-0.209862
5.286667	0.200	-0.207237
5.290000	0.200	-0.200336
5.293333	0.200	-0.189216
5.296667	0.200	-0.175281
5.300000	0.200	-0.161054
5.303333	0.200	-0.149487
5.306667	0.200	-0.142957
5.310000	0.200	-0.142527
5.313333	0.200	-0.147779
5.316667	0.200	-0.157317
5.320000	0.200	-0.169617
5.323333	0.200	-0.183250
5.326667	0.200	-0.196726
5.330000	0.200	-0.208924
5.333333	0.200	-0.219411
5.336667	0.200	-0.227828
5.340000	0.200	-0.233465
5.343333	0.200	-0.235935
5.346667	0.200	-0.235463
5.350000	0.200	-0.232009
5.353333	0.200	-0.224854
5.356667	0.200	-0.213379
5.360000	0.200	-0.197776
5.363333	0.200	-0.178642
5.366667	0.200	-0.156619
5.370000	0.200	-0.133055
5.373333	0.200	-0.110047
5.376667	0.200	-0.089352
5.380000	0.200	-0.071673
5.383333	0.200	-0.056844
5.386667	0.200	-0.044340
5.390000	0.200	-0.033300
5.393333	0.200	-0.022428
5.396667	0.200	-0.010548
5.400000	0.200	0.002816
5.403333	0.200	0.017352
5.406667	0.200	0.031970
5.410000	0.200	0.044821
5.413333	0.200	0.053823
5.416667	0.200	0.057693
5.420000	0.200	0.056545
5.423333	0.200	0.051367
5.426667	0.200	0.042994
5.430000	0.200	0.031607
5.433333	0.200	0.017068
5.436667	0.200	-0.000277
5.440000	0.200	-0.019220
5.443333	0.200	-0.038023
5.446667	0.200	-0.054765
5.450000	0.200	-0.067607
5.453333	0.200	-0.075437
5.456667	0.200	-0.078525
5.460000	0.200	-0.078295
5.463333	0.200	-0.076542
5.466667	0.200	-0.075149
5.470000	0.200	-0.075929
5.473333	0.200	-0.079832
5.476667	0.200	-0.086402
5.480000	0.200	-0.094128
5.483333	0.200	-0.101223
5.486667	0.200	-0.106473
5.490000	0.200	-0.109653
5.493333	0.200	-0.111332
5.496667	0.200	-0.112257
5.500000	0.200	-0.112539
5.503333	0.200	-0.111678
5.506667	0.200	-0.109612
5.510000	0.200	-0.106933
5.513333	0.200	-0.103930
5.516667	0.200	-0.100082
5.520000	0.200	-0.093956
5.523333	0.200	-0.082480
5.526667	0.200	-0.061246
5.530000	0.200	-0.027334
5.533333	0.200	0.018242
5.536667	0.200	0.071120
5.540000	0.200	0.125343
5.543333	0.200	0.174296
5.546667	0.200	0.211447
5.550000	0.200	0.231693
5.553333	0.200	0.232860
5.556667	0.200	0.216469
5.560000	0.200	0.187059
5.563333	0.200	0.150458
5.566667	0.200	0.112335
5.570000	0.200	0.077318
5.573333	0.200	0.048295
5.576667	0.200	0.026055
5.580000	0.200	0.009316
5.583333	0.200	-0.004330
5.586667	0.200	-0.016657
5.590000	0.200	-0.028050
5.593333	0.200	-0.037977
5.596667	0.200	-0.045417
5.600000	0.200	-0.049405
5.603333	0.200	-0.049673
5.606667	0.200	-0.046672
5.610000	0.200	-0.041015
5.613333	0.200	-0.032951
5.616667	0.200	-0.022619
5.620000	0.200	-0.010720
5.623333	0.200	0.001341
5.626667	0.200	0.011798
5.630000	0.200	0.019269
5.633333	0.200	0.023671
5.636667	0.200	0.026195
5.640000	0.200	0.028258
5.643333	0.200	0.030900
5.646667	0.200	0.034853
5.650000	0.200	0.040022
5.653333	0.200	0.045108
5.656667	0.200	0.048712
5.660000	0.200	0.050568
5.663333	0.200	0.051108
5.666667	0.200	0.050157
5.670000	0.200	0.046776
5.673333	0.200	0.040442
5.676667	0.200	0.031709
5.680000	0.200	0.021856
5.683333	0.200	0.012640
5.686667	0.200	0.005791
5.690000	0.200	0.001993
5.693333	0.200	0.000682
5.696667	0.200	0.000771
5.700000	0.200	0.001191
5.703333	0.200	0.001034
5.706667	0.200	-0.000262
5.710000	0.200	-0.002644
5.713333	0.200	-0.005316
5.716667	0.200	-0.007088
5.720000	0.200	-0.007259
5.723333	0.200	-0.006038
5.726667	0.200	-0.003821
5.730000	0.200	-0.000498
5.733333	0.200	0.004333
5.736667	0.200	0.010932
5.740000	0.200	0.019112
5.743333	0.200	0.027966
5.746667	0.200	0.036248
5.750000	0.200	0.043260
5.753333	0.200	0.049146
5.756667	0.200	0.054477
5.760000	0.200	0.059517
5.763333	0.200	0.063623
5.766667	0.200	0.065503
5.770000	0.200	0.064298
5.773333	0.200	0.060462
5.776667	0.200	0.055594
5.780000	0.200	0.051350
5.783333	0.200	0.048510
5.786667	0.200	0.047116
5.790000	0.200	0.047133
5.793333	0.200	0.048694
5.796667	0.200	0.052029
5.800000	0.200	0.057174
5.803333	0.200	0.063385
5.806667	0.200	0.069289
5.810000	0.200	0.073971
5.813333	0.200	0.077450
5.816667	0.200	0.080056
5.820000	0.200	0.082010
5.823333	0.200	0.083408
5.826667	0.200	0.083951
5.830000	0.200	0.083032
5.833333	0.200	0.080412
5.836667	0.200	0.076592
5.840000	0.200	0.072593
5.843333	0.200	0.069568
5.846667	0.200	0.068423
5.850000	0.200	0.069317
5.853333	0.200	0.071464
5.856667	0.200	0.073615
5.860000	0.200	0.074757
5.863333	0.200	0.074564
5.866667	0.200	0.073500
5.870000	0.200	0.072476
5.873333	0.200	0.072068
5.876667	0.200	0.072058
5.880000	0.200	0.071976
5.883333	0.200	0.071767
5.886667	0.200	0.071840
5.890000	0.200	0.072982
5.893333	0.200	0.076054
5.896667	0.200	0.081268
5.900000	0.200	0.088094
5.903333	0.200	0.095813
5.906667	0.200	0.103528
5.910000	0.200	0.110117
5.913333	0.200	0.114835
5.916667	0.200	0.117693
5.920000	0.200	0.119094
5.923333	0.200	0.119260
5.926667	0.200	0.117547
5.930000	0.200	0.112390
5.933333	0.200	0.102775
5.936667	0.200	0.089738
5.940000	0.200	0.075934
5.943333	0.200	0.064039
5.946667	0.200	0.055971
5.950000	0.200	0.053211
5.953333	0.200	0.057299
5.956667	0.200	0.069660
5.960000	0.200	0.090701
5.963333	0.200	0.119153
5.966667	0.200	0.152639
5.970000	0.200	0.189350
5.973333	0.200	0.229244
5.976667	0.200	0.272983
5.980000	0.200	0.319719
5.983333	0.200	0.366174
5.986667	0.200	0.407253
5.990000	0.200	0.437590
5.993333	0.200	0.453500
5.996667	0.200	0.454186
6.000000	0.200	0.441794
6.003333	0.200	0.420580
6.006667	0.200	0.395455
6.010000	0.200	0.370639
6.013333	0.200	0.349191
6.016667	0.200	0.332936
6.020000	0.200	0.321989
6.023333	0.200	0.314737
6.026667	0.200	0.308885
6.030000	0.200	0.302477
6.033333	0.200	0.294226
6.036667	0.200	0.283512
6.040000	0.200	0.270560
6.043333	0.200	0.256731
6.046667	0.200	0.244022
6.050000	0.200	0.233829
6.053333	0.200	0.226338
6.056667	0.200	0.220833
6.060000	0.200	0.216313
6.063333	0.200	0.212151
6.066667	0.200	0.208359
6.070000	0.200	0.205567
6.073333	0.200	0.204740
6.076667	0.200	0.206211
6.080000	0.200	0.209202
6.083333	0.200	0.212680
6.086667	0.200	0.216330
6.090000	0.200	0.220361
6.093333	0.200	0.224476
6.096667	0.200	0.227746
6.100000	0.200	0.229794
6.103333	0.200	0.231563
6.106667	0.200	0.234928
6.110000	0.200	0.241765
6.113333	0.200	0.252907
6.116667	0.200	0.267764
6.120000	0.200	0.285040
6.123333	0.200	0.303661
6.126667	0.200	0.322772
6.130000	0.200	0.340977
6.133333	0.200	0.356072
6.136667	0.200	0.365824
6.140000	0.200	0.369019
6.143333	0.200	0.365819
6.146667	0.200	0.357388
6.150000	0.200	0.345413
6.153333	0.200	0.331986
6.156667	0.200	0.319617
6.160000	0.200	0.310652
6.163333	0.200	0.306292
6.166667	0.200	0.306079
6.170000	0.200	0.308263
6.173333	0.200	0.310672
6.176667	0.200	0.311448
6.180000	0.200	0.309350
6.183333	0.200	0.303954
6.186667	0.200	0.295881
6.190000	0.200	0.286391
6.193333	0.200	0.276572
6.196667	0.200	0.267136
6.200000	0.200	0.258530
6.203333	0.200	0.250909
6.206667	0.200	0.244314
6.210000	0.200	0.238948
6.213333	0.200	0.235106
6.216667	0.200	0.232878
6.220000	0.200	0.231989
6.223333	0.200	0.231840
6.226667	0.200	0.231668
6.230000	0.200	0.230817
6.233333	0.200	0.229169
6.236667	0.200	0.227330
6.240000	0.200	0.226184
6.243333	0.200	0.226226
6.246667	0.200	0.227294
6.250000	0.200	0.228739
6.253333	0.200	0.229944
6.256667	0.200	0.230860
6.260000	0.200	0.231975
6.263333	0.200	0.233747
6.266667	0.200	0.236087
6.270000	0.200	0.238379
6.273333	0.200	0.240078
6.276667	0.200	0.241217
6.280000	0.200	0.242161
6.283333	0.200	0.243081
6.286667	0.200	0.244012
6.290000	0.200	0.244914
6.293333	0.200	0.245331
6.296667	0.200	0.244757
6.300000	0.200	0.243358
6.303333	0.200	0.241849
6.306667	0.200	0.240858
6.310000	0.200	0.240609
6.313333	0.200	0.240956
6.316667	0.200	0.241504
6.320000	0.200	0.241880
6.323333	0.200	0.241879
6.326667	0.200	0.241206
6.330000	0.200	0.239518
6.333333	0.200	0.237155
6.336667	0.200	0.235550
6.340000	0.200	0.236473
6.343333	0.200	0.241112
6.346667	0.200	0.249955
6.350000	0.200	0.262612
6.353333	0.200	0.277730
6.356667	0.200	0.293516
6.360000	0.200	0.307973
6.363333	0.200	0.318922
6.366667	0.200	0.324534
6.370000	0.200	0.323987
6.373333	0.200	0.317891
6.376667	0.200	0.308219
6.380000	0.200	0.297440
6.383333	0.200	0.287495
6.386667	0.200	0.279239
6.390000	0.200	0.272444
6.393333	0.200	0.266474
6.396667	0.200	0.261019
6.400000	0.200	0.256322
6.403333	0.200	0.253075
6.406667	0.200	0.251832
6.410000	0.200	0.252419
6.413333	0.200	0.254022
6.416667	0.200	0.255442
6.420000	0.200	0.255513
6.423333	0.200	0.254077
6.426667	0.200	0.252271
6.430000	0.200	0.251355
6.433333	0.200	0.251612
6.436667	0.200	0.252480
6.440000	0.200	0.253184
6.443333	0.200	0.253291
6.446667	0.200	0.252870
6.450000	0.200	0.252089
6.453333	0.200	0.251275
6.456667	0.200	0.251403
6.460000	0.200	0.253362
6.463333	0.200	0.256708
6.466667	0.200	0.259955
6.470000	0.200	0.261928
6.473333	0.200	0.262278
6.476667	0.200	0.261140
6.480000	0.200	0.259307
6.483333	0.200	0.258320
6.486667	0.200	0.259262
6.490000	0.200	0.261784
6.493333	0.200	0.264618
6.496667	0.200	0.266609
6.500000	0.200	0.267287
6.503333	0.200	0.266769
6.506667	0.200	0.265447
6.510000	0.200	0.263829
6.513333	0.200	0.262355
6.516667	0.200	0.261329
6.520000	0.200	0.260990
6.523333	0.200	0.261372
6.526667	0.200	0.262233
6.530000	0.200	0.263207
6.533333	0.200	0.264054
6.536667	0.200	0.264899
6.540000	0.200	0.266105
6.543333	0.200	0.267835
6.546667	0.200	0.269845
6.550000	0.200	0.271618
6.553333	0.200	0.272594
6.556667	0.200	0.272509
6.560000	0.200	0.271658
6.563333	0.200	0.270730
6.566667	0.200	0.270338
6.570000	0.200	0.270675
6.573333	0.200	0.271566
6.576667	0.200	0.272792
6.580000	0.200	0.274381
6.583333	0.200	0.276582
6.586667	0.200	0.279294
6.590000	0.200	0.281660
6.593333	0.200	0.282939
6.596667	0.200	0.283455
6.600000	0.200	0.284003
6.603333	0.200	0.284974
6.606667	0.200	0.286454
6.610000	0.200	0.288411
6.613333	0.200	0.290495
6.616667	0.200	0.292000
6.620000	0.200	0.292204
6.623333	0.200	0.290912
6.626667	0.200	0.288841
6.630000	0.200	0.287346
6.633333	0.200	0.287717
6.636667	0.200	0.290555
6.640000	0.200	0.295395
6.643333	0.200	0.301159
6.646667	0.200	0.307265
6.650000	0.200	0.313888
6.653333	0.200	0.321132
6.656667	0.200	0.328577
6.660000	0.200	0.335728
6.663333	0.200	0.342384
6.666667	0.200	0.348438
6.670000	0.200	0.354050
6.673333	0.200	0.359826
6.676667	0.200	0.366025
6.680000	0.200	0.372042
6.683333	0.200	0.376894
6.686667	0.200	0.379869
6.690000	0.200	0.380954
6.693333	0.200	0.380536
6.696667	0.200	0.378953
6.700000	0.200	0.376608
6.703333	0.200	0.373785
6.706667	0.200	0.370562
6.710000	0.200	0.367359
6.713333	0.200	0.364824
6.716667	0.200	0.362926
6.720000	0.200	0.360750
6.723333	0.200	0.357358
6.726667	0.200	0.352658
6.730000	0.200	0.347681
6.733333	0.200	0.343995
6.736667	0.200	0.342598
6.740000	0.200	0.343480
6.743333	0.200	0.346080
6.746667	0.200	0.349773
6.750000	0.200	0.353944
6.753333	0.200	0.357675
6.756667	0.200	0.359751
6.760000	0.200	0.359657
6.763333	0.200	0.358297
6.766667	0.200	0.357053
6.770000	0.200	0.356659
6.773333	0.200	0.357249
6.776667	0.200	0.358614
6.780000	0.200	0.360328
6.783333	0.200	0.361980
6.786667	0.200	0.363264
6.790000	0.200	0.364113
6.793333	0.200	0.364518
6.796667	0.200	0.364293
6.800000	0.200	0.363630
6.803333	0.200	0.363398
6.806667	0.200	0.364468
6.810000	0.200	0.367070
6.813333	0.200	0.370900
6.816667	0.200	0.375728
6.820000	0.200	0.381528
6.823333	0.200	0.388054
6.826667	0.200	0.394903
6.830000	0.200	0.401927
6.833333	0.200	0.409247
6.836667	0.200	0.416873
6.840000	0.200	0.424470
6.843333	0.200	0.431582
6.846667	0.200	0.437909
6.850000	0.200	0.443084
6.853333	0.200	0.446416
6.856667	0.200	0.447469
6.860000	0.200	0.446863
6.863333	0.200	0.445822
6.866667	0.200	0.445331
6.870000	0.200	0.446946
6.873333	0.200	0.454791
6.876667	0.200	0.478123
6.880000	0.200	0.535484
6.883333	0.200	0.660946
6.886667	0.200	0.913729
6.890000	0.200	1.393395
6.893333	0.200	2.261053
6.896667	0.200	3.765625
6.900000	0.200	6.274080
6.903333	0.200	10.302858
6.906667	0.200	16.543505
6.910000	0.200	25.872050
6.913333	0.200	39.331259
6.916667	0.200	58.076090
6.920000	0.200	83.275553
6.923333	0.200	115.971425
6.926667	0.200	156.903481
6.930000	0.200	206.318961
6.933333	0.200	263.793300
6.936667	0.200	328.099003
6.940000	0.200	397.161286
6.943333	0.200	468.127352
6.946667	0.200	537.553641
6.950000	0.200	601.693046
6.953333	0.200	656.847686
6.956667	0.200	699.739487
6.960000	0.200	727.846138
6.963333	0.200	739.657229
6.966667	0.200	734.815969
6.970000	0.200	714.126082
6.973333	0.200	679.424735
6.976667	0.200	633.346267
6.980000	0.200	579.017814
6.983333	0.200	519.730978
6.986667	0.200	458.632573
6.990000	0.200	398.473104
6.993333	0.200	341.438765
6.996667	0.200	289.076526
7.000000	0.200	242.305042
7.003333	0.200	201.490438
7.006667	0.200	166.560810
7.010000	0.200	137.134610
7.013333	0.200	112.642912
7.016667	0.200	92.432823
7.020000	0.200	75.845922
7.023333	0.200	62.270001
7.026667	0.200	51.166397
7.030000	0.200	42.079095
7.033333	0.200	34.632315
7.036667	0.200	28.521698
7.040000	0.200	23.503184
7.043333	0.200	19.381852
7.046667	0.200	16.001319
7.050000	0.200	13.234303
7.053333	0.200	10.975263
7.056667	0.200	9.135746
7.060000	0.200	7.641665
7.063333	0.200	6.430741
7.066667	0.200	5.450184
7.070000	0.200	4.655669
7.073333	0.200	4.011086
7.076667	0.200	3.487744
7.080000	0.200	3.062687
7.083333	0.200	2.717049
7.086667	0.200	2.435226
7.090000	0.200	2.204496
7.093333	0.200	2.014572
7.096667	0.200	1.857267
7.100000	0.200	1.726357
7.103333	0.200	1.617122
7.106667	0.200	1.525543
7.110000	0.200	1.448140
7.113333	0.200	1.382321
7.116667	0.200	1.326082
7.120000	0.200	1.277428
7.123333	0.200	1.234481
7.126667	0.200	1.195867
7.130000	0.200	1.160846
7.133333	0.200	1.129320
7.136667	0.200	1.101552
7.140000	0.200	1.077450
7.143333	0.200	1.056082
7.146667	0.200	1.036173
7.150000	0.200	1.016873
7.153333	0.200	0.997751
7.156667	0.200	0.978449
7.160000	0.200	0.958794
7.163333	0.200	0.939026
7.166667	0.200	0.919339
7.170000	0.200	0.899170
7.173333	0.200	0.877632
7.176667	0.200	0.854783
7.180000	0.200	0.831876
7.183333	0.200	0.810164
7.186667	0.200	0.789941
7.190000	0.200	0.771095
7.193333	0.200	0.753964
7.196667	0.200	0.738861
7.200000	0.200	0.725199
7.203333	0.200	0.711822
7.206667	0.200	0.697772
7.210000	0.200	0.682521
7.213333	0.200	0.666173
7.216667	0.200	0.649481
7.220000	0.200	0.633314
7.223333	0.200	0.618338
7.226667	0.200	0.605215
7.230000	0.200	0.594449
7.233333	0.200	0.585789
7.236667	0.200	0.578210
7.240000	0.200	0.570755
7.243333	0.200	0.563130
7.246667	0.200	0.555287
7.250000	0.200	0.546999
7.253333	0.200	0.538306
7.256667	0.200	0.529791
7.260000	0.200	0.522198
7.263333	0.200	0.515906
7.266667	0.200	0.510632
7.270000	0.200	0.505787
7.273333	0.200	0.501062
7.276667	0.200	0.496388
7.280000	0.200	0.491635
7.283333	0.200	0.486685
7.286667	0.200	0.481640
7.290000	0.200	0.476698
7.293333	0.200	0.471920
7.296667	0.200	0.467385
7.300000	0.200	0.463401
7.303333	0.200	0.460264
7.306667	0.200	0.458113
7.310000	0.200	0.456993
7.313333	0.200	0.456586
7.316667	0.200	0.455967
7.320000	0.200	0.454066
7.323333	0.200	0.450505
7.326667	0.200	0.445714
7.330000	0.200	0.440344
7.333333	0.200	0.435056
7.336667	0.200	0.430453
7.340000	0.200	0.426803
7.343333	0.200	0.424144
7.346667	0.200	0.422335
7.350000	0.200	0.420850
7.353333	0.200	0.419207
7.356667	0.200	0.417414
7.360000	0.200	0.415548
7.363333	0.200	0.413348
7.366667	0.200	0.410438
7.370000	0.200	0.406672
7.373333	0.200	0.402518
7.376667	0.200	0.399193
7.380000	0.200	0.397920
7.383333	0.200	0.398902
7.386667	0.200	0.401267
7.390000	0.200	0.403894
7.393333	0.200	0.406164
7.396667	0.200	0.408067
7.400000	0.200	0.409827
7.403333	0.200	0.412053
7.406667	0.200	0.416143
7.410000	0.200	0.423277
7.413333	0.200	0.432885
7.416667	0.200	0.443099
7.420000	0.200	0.452615
7.423333	0.200	0.461420
7.426667	0.200	0.469953
7.430000	0.200	0.478159
7.433333	0.200	0.485272
7.436667	0.200	0.490143
7.440000	0.200	0.491732
7.443333	0.200	0.489576
7.446667	0.200	0.484122
7.450000	0.200	0.476545
7.453333	0.200	0.468120
7.456667	0.200	0.459895
7.460000	0.200	0.452552
7.463333	0.200	0.446186
7.466667	0.200	0.440473
7.470000	0.200	0.435201
7.473333	0.200	0.430655
7.476667	0.200	0.427324
7.480000	0.200	0.425178
7.483333	0.200	0.423271
7.486667	0.200	0.420399
7.490000	0.200	0.416546
7.493333	0.200	0.413055
7.496667	0.200	0.411022
7.500000	0.200	0.410188
7.503333	0.200	0.409628
7.506667	0.200	0.409000
7.510000	0.200	0.408683
7.513333	0.200	0.409013
7.516667	0.200	0.410151
7.520000	0.200	0.412516
7.523333	0.200	0.416648
7.526667	0.200	0.422431
7.530000	0.200	0.428982
7.533333	0.200	0.435556
7.536667	0.200	0.441858
7.540000	0.200	0.447322
7.543333	0.200	0.450954
7.546667	0.200	0.451986
7.550000	0.200	0.450313
7.553333	0.200	0.446458
7.556667	0.200	0.441219
7.560000	0.200	0.435305
7.563333	0.200	0.429191
7.566667	0.200	0.422920
7.570000	0.200	0.416100
7.573333	0.200	0.408341
7.576667	0.200	0.399868
7.580000	0.200	0.391710
7.583333	0.200	0.385078
7.586667	0.200	0.380552
7.590000	0.200	0.377777
7.593333	0.200	0.375843
7.596667	0.200	0.373978
7.600000	0.200	0.371824
7.603333	0.200	0.369526
7.606667	0.200	0.367611
7.610000	0.200	0.366287
7.613333	0.200	0.365087
7.616667	0.200	0.363621
7.620000	0.200	0.362296
7.623333	0.200	0.361794
7.626667	0.200	0.362209
7.630000	0.200	0.363164
7.633333	0.200	0.364440
7.636667	0.200	0.366059
7.640000	0.200	0.367962
7.643333	0.200	0.369997
7.646667	0.200	0.372084
7.650000	0.200	0.373883
7.653333	0.200	0.374532
7.656667	0.200	0.373330
7.660000	0.200	0.370546
7.663333	0.200	0.367248
7.666667	0.200	0.364515
7.670000	0.200	0.362690
7.673333	0.200	0.361298
7.676667	0.200	0.359819
7.680000	0.200	0.358089
7.683333	0.200	0.356008
7.686667	0.200	0.353699
7.690000	0.200	0.351741
7.693333	0.200	0.350561
7.696667	0.200	0.349976
7.700000	0.200	0.349639
7.703333	0.200	0.349547
7.706667	0.200	0.349985
7.710000	0.200	0.351272
7.713333	0.200	0.353448
7.716667	0.200	0.356074
7.720000	0.200	0.358572
7.723333	0.200	0.360750
7.726667	0.200	0.362746
7.730000	0.200	0.364673
7.733333	0.200	0.366839
7.736667	0.200	0.370024
7.740000	0.200	0.374898
7.743333	0.200	0.381580
7.746667	0.200	0.390188
7.750000	0.200	0.401094
7.753333	0.200	0.414296
7.756667	0.200	0.429043
7.760000	0.200	0.444180
7.763333	0.200	0.458520
7.766667	0.200	0.470932
7.770000	0.200	0.480421
7.773333	0.200	0.486383
7.776667	0.200	0.488816
7.780000	0.200	0.488035
7.783333	0.200	0.484202
7.786667	0.200	0.477320
7.790000	0.200	0.467612
7.793333	0.200	0.455440
7.796667	0.200	0.441072
7.800000	0.200	0.425118
7.803333	0.200	0.408935
7.806667	0.200	0.394283
7.810000	0.200	0.382620
7.813333	0.200	0.374495
7.816667	0.200	0.369602
7.820000	0.200	0.367618
7.823333	0.200	0.368947
7.826667	0.200	0.374556
7.830000	0.200	0.385344
7.833333	0.200	0.402080
7.836667	0.200	0.425883
7.840000	0.200	0.458153
7.843333	0.200	0.499554
7.846667	0.200	0.548948
7.850000	0.200	0.603123
7.853333	0.200	0.657185
7.856667	0.200	0.705373
7.860000	0.200	0.742393
7.863333	0.200	0.764568
7.866667	0.200	0.770466
7.870000	0.200	0.761186
7.873333	0.200	0.739604
7.876667	0.200	0.709068
7.880000	0.200	0.672984
7.883333	0.200	0.634680
7.886667	0.200	0.596925
7.890000	0.200	0.561904
7.893333	0.200	0.531200
7.896667	0.200	0.505269
7.900000	0.200	0.483430
7.903333	0.200	0.464619
7.906667	0.200	0.447941
7.910000	0.200	0.432667
7.913333	0.200	0.418222
7.916667	0.200	0.404395
7.920000	0.200	0.391487
7.923333	0.200	0.380138
7.926667	0.200	0.370897
7.930000	0.200	0.363845
7.933333	0.200	0.358494
7.936667	0.200	0.354197
7.940000	0.200	0.350829
7.943333	0.200	0.348739
7.946667	0.200	0.348091
7.950000	0.200	0.348685
7.953333	0.200	0.350211
7.956667	0.200	0.352457
7.960000	0.200	0.355300
7.963333	0.200	0.358424
7.966667	0.200	0.361346
7.970000	0.200	0.363758
7.973333	0.200	0.365225
7.976667	0.200	0.364831
7.980000	0.200	0.361728
7.983333	0.200	0.355791
7.986667	0.200	0.347532
7.990000	0.200	0.337785
7.993333	0.200	0.327799
7.996667	0.200	0.319181
8.000000	0.200	0.313165
8.003333	0.200	0.309837
8.006667	0.200	0.308245
8.010000	0.200	0.307361
8.013333	0.200	0.306673
8.016667	0.200	0.305671
8.020000	0.200	0.303608
8.023333	0.200	0.300329
8.026667	0.200	0.296705
8.030000	0.200	0.293907
8.033333	0.200	0.292360
8.036667	0.200	0.291433
8.040000	0.200	0.290280
8.043333	0.200	0.288705
8.046667	0.200	0.287288
8.050000	0.200	0.286968
8.053333	0.200	0.288338
8.056667	0.200	0.291617
8.060000	0.200	0.297640
8.063333	0.200	0.308674
8.066667	0.200	0.328129
8.070000	0.200	0.359486
8.073333	0.200	0.405449
8.076667	0.200	0.467575
8.080000	0.200	0.545617
8.083333	0.200	0.636318
8.086667	0.200	0.732530
8.090000	0.200	0.823727
8.093333	0.200	0.898172
8.096667	0.200	0.946217
8.100000	0.200	0.962785
8.103333	0.200	0.947604
8.106667	0.200	0.904251
8.110000	0.200	0.839235
8.113333	0.200	0.761007
8.116667	0.200	0.678465
8.120000	0.200	0.599469
8.123333	0.200	0.530039
8.126667	0.200	0.473785
8.130000	0.200	0.431451
8.133333	0.200	0.401376
8.136667	0.200	0.380955
8.140000	0.200	0.367937
8.143333	0.200	0.360717
8.146667	0.200	0.358239
8.150000	0.200	0.359903
8.153333	0.200	0.365210
8.156667	0.200	0.373516
8.160000	0.200	0.384070
8.163333	0.200	0.396155
8.166667	0.200	0.409564
8.170000	0.200	0.425386
8.173333	0.200	0.446201
8.176667	0.200	0.475336
8.180000	0.200	0.515725
8.183333	0.200	0.568775
8.186667	0.200	0.633363
8.190000	0.200	0.705119
8.193333	0.200	0.776452
8.196667	0.200	0.837682
8.200000	0.200	0.879457
8.203333	0.200	0.895367
8.206667	0.200	0.883064
8.210000	0.200	0.844398
8.213333	0.200	0.785174
8.216667	0.200	0.713612
8.220000	0.200	0.638378
8.223333	0.200	0.567140
8.226667	0.200	0.505513
8.230000	0.200	0.456892
8.233333	0.200	0.422804
8.236667	0.200	0.402806
8.240000	0.200	0.394569
8.243333	0.200	0.394732
8.246667	0.200	0.399844
8.250000	0.200	0.406693
8.253333	0.200	0.412456
8.256667	0.200	0.415052
8.260000	0.200	0.413182
8.263333	0.200	0.406249
8.266667	0.200	0.394722
8.270000	0.200	0.380396
8.273333	0.200	0.365750
8.276667	0.200	0.352654
8.280000	0.200	0.341860
8.283333	0.200	0.333474
8.286667	0.200	0.327025
8.290000	0.200	0.321354
8.293333	0.200	0.315422
8.296667	0.200	0.308984
8.300000	0.200	0.302340
8.303333	0.200	0.296245
8.306667	0.200	0.291911
8.310000	0.200	0.290332
8.313333	0.200	0.291729
8.316667	0.200	0.295808
8.320000	0.200	0.302356
8.323333	0.200	0.311535
8.326667	0.200	0.323524
8.330000	0.200	0.337623
8.333333	0.200	0.351939
8.336667	0.200	0.364184
8.340000	0.200	0.372416
8.343333	0.200	0.375098
8.346667	0.200	0.371465
8.350000	0.200	0.362081
8.353333	0.200	0.348664
8.356667	0.200	0.333671
8.360000	0.200	0.319842
8.363333	0.200	0.309075
8.366667	0.200	0.301577
8.370000	0.200	0.296325
8.373333	0.200	0.292015
8.376667	0.200	0.287905
8.380000	0.200	0.284473
8.383333	0.200	0.283061
8.386667	0.200	0.284597
8.390000	0.200	0.288744
8.393333	0.200	0.294101
8.396667	0.200	0.299300
8.400000	0.200	0.304179
8.403333	0.200	0.309811
8.406667	0.200	0.317029
8.410000	0.200	0.324961
8.413333	0.200	0.331330
8.416667	0.200	0.334116
8.420000	0.200	0.332679
8.423333	0.200	0.327472
8.426667	0.200	0.319389
8.430000	0.200	0.309711
8.433333	0.200	0.300116
8.436667	0.200	0.292212
8.440000	0.200	0.286857
8.443333	0.200	0.283849
8.446667	0.200	0.282297
8.450000	0.200	0.281230
8.453333	0.200	0.280127
8.456667	0.200	0.279044
8.460000	0.200	0.277874
8.463333	0.200	0.276149
8.466667	0.200	0.274094
8.470000	0.200	0.272649
8.473333	0.200	0.272291
8.476667	0.200	0.272838
8.480000	0.200	0.273885
8.483333	0.200	0.275088
8.486667	0.200	0.276680
8.490000	0.200	0.279569
8.493333	0.200	0.284538
8.496667	0.200	0.291441
8.500000	0.200	0.299385
8.503333	0.200	0.307319
8.506667	0.200	0.313933
8.510000	0.200	0.317943
8.513333	0.200	0.319291
8.516667	0.200	0.319160
8.520000	0.200	0.318501
8.523333	0.200	0.317204
8.526667	0.200	0.314506
8.530000	0.200	0.309758
8.533333	0.200	0.302963
8.536667	0.200	0.294836
8.540000	0.200	0.286295
8.543333	0.200	0.277993
8.546667	0.200	0.270423
8.550000	0.200	0.264056
8.553333	0.200	0.259054
8.556667	0.200	0.255001
8.560000	0.200	0.251182
8.563333	0.200	0.247336
8.566667	0.200	0.244046
8.570000	0.200	0.242006
8.573333	0.200	0.241149
8.576667	0.200	0.240828
8.580000	0.200	0.240647
8.583333	0.200	0.241018
8.586667	0.200	0.242825
8.590000	0.200	0.246371
8.593333	0.200	0.250857
8.596667	0.200	0.255047
8.600000	0.200	0.258214
8.603333	0.200	0.260356
8.606667	0.200	0.261709
8.610000	0.200	0.262330
8.613333	0.200	0.262129
8.616667	0.200	0.261113
8.620000	0.200	0.259702
8.623333	0.200	0.258732
8.626667	0.200	0.259069
8.630000	0.200	0.261240
8.633333	0.200	0.264953
8.636667	0.200	0.268963
8.640000	0.200	0.271875
8.643333	0.200	0.273152
8.646667	0.200	0.273411
8.650000	0.200	0.273740
8.653333	0.200	0.274835
8.656667	0.200	0.276881
8.660000	0.200	0.279664
8.663333	0.200	0.282609
8.666667	0.200	0.285278
8.670000	0.200	0.288036
8.673333	0.200	0.291806
8.676667	0.200	0.296930
8.680000	0.200	0.302497
8.683333	0.200	0.306890
8.686667	0.200	0.308837
8.690000	0.200	0.307780
8.693333	0.200	0.303564
8.696667	0.200	0.296487
8.700000	0.200	0.287670
8.703333	0.200	0.278814
8.706667	0.200	0.271275
8.710000	0.200	0.265146
8.713333	0.200	0.259213
8.716667	0.200	0.252035
8.720000	0.200	0.243356
8.723333	0.200	0.234598
8.726667	0.200	0.227857
8.730000	0.200	0.224246
8.733333	0.200	0.223177
8.736667	0.200	0.223204
8.740000	0.200	0.223244
8.743333	0.200	0.223005
8.746667	0.200	0.222963
8.750000	0.200	0.224031
8.753333	0.200	0.226577
8.756667	0.200	0.229587
8.760000	0.200	0.231211
8.763333	0.200	0.230374
8.766667	0.200	0.227536
8.770000	0.200	0.224030
8.773333	0.200	0.221218
8.776667	0.200	0.219857
8.780000	0.200	0.219806
8.783333	0.200	0.220341
8.786667	0.200	0.220621
8.790000	0.200	0.220029
8.793333	0.200	0.218417
8.796667	0.200	0.216141
8.800000	0.200	0.213835
8.803333	0.200	0.211779
8.806667	0.200	0.209578
8.810000	0.200	0.206753
8.813333	0.200	0.203227
8.816667	0.200	0.199196
8.820000	0.200	0.195011
8.823333	0.200	0.191229
8.826667	0.200	0.188411
8.830000	0.200	0.186802
8.833333	0.200	0.186364
8.836667	0.200	0.186793
8.840000	0.200	0.187436
8.843333	0.200	0.187589
8.846667	0.200	0.186868
8.850000	0.200	0.185336
8.853333	0.200	0.183456
8.856667	0.200	0.181806
8.860000	0.200	0.181077
8.863333	0.200	0.182949
8.866667	0.200	0.190837
8.870000	0.200	0.209562
8.873333	0.200	0.244866
8.876667	0.200	0.303510
8.880000	0.200	0.392536
8.883333	0.200	0.516658
8.886667	0.200	0.674991
8.890000	0.200	0.858815
8.893333	0.200	1.051614
8.896667	0.200	1.231943
8.900000	0.200	1.377741
8.903333	0.200	1.470367
8.906667	0.200	1.497879
8.910000	0.200	1.457342
8.913333	0.200	1.355650
8.916667	0.200	1.208131
8.920000	0.200	1.035038
8.923333	0.200	0.857130
8.926667	0.200	0.691586
8.930000	0.200	0.549306
8.933333	0.200	0.434575
8.936667	0.200	0.346716
8.940000	0.200	0.282117
8.943333	0.200	0.235988
8.946667	0.200	0.203834
8.950000	0.200	0.181864
8.953333	0.200	0.166656
8.956667	0.200	0.155453
8.960000	0.200	0.146707
8.963333	0.200	0.139682
8.966667	0.200	0.133607
8.970000	0.200	0.127559
8.973333	0.200	0.120917
8.976667	0.200	0.113697
8.980000	0.200	0.106577
8.983333	0.200	0.100557
8.986667	0.200	0.096395
8.990000	0.200	0.094170
8.993333	0.200	0.093785
8.996667	0.200	0.096475
9.000000	0.200	0.105668
9.003333	0.200	0.126292
9.006667	0.200	0.163291
9.010000	0.200	0.220137
9.013333	0.200	0.297619
9.016667	0.200	0.393263
9.020000	0.200	0.501379
9.023333	0.200	0.613155
9.026667	0.200	0.717080
9.030000	0.200	0.800584
9.033333	0.200	0.852636
9.036667	0.200	0.866395
9.040000	0.200	0.840752
9.043333	0.200	0.780102
9.046667	0.200	0.693267
9.050000	0.200	0.591900
9.053333	0.200	0.487974
9.056667	0.200	0.391357
9.060000	0.200	0.308643
9.063333	0.200	0.243017
9.066667	0.200	0.194355
9.070000	0.200	0.159647
9.073333	0.200	0.134436
9.076667	0.200	0.114842
9.080000	0.200	0.098758
9.083333	0.200	0.085563
9.086667	0.200	0.075185
9.090000	0.200	0.067557
9.093333	0.200	0.062407
9.096667	0.200	0.059126
9.100000	0.200	0.057081
9.103333	0.200	0.055997
9.106667	0.200	0.055583
9.110000	0.200	0.055123
9.113333	0.200	0.053920
9.116667	0.200	0.051788
9.120000	0.200	0.048888
9.123333	0.200	0.045535
9.126667	0.200	0.042273
9.130000	0.200	0.039741
9.133333	0.200	0.038438
9.136667	0.200	0.038767
9.140000	0.200	0.040849
9.143333	0.200	0.043862
9.146667	0.200	0.046222
9.150000	0.200	0.046714
9.153333	0.200	0.045083
9.156667	0.200	0.041819
9.160000	0.200	0.037694
9.163333	0.200	0.033485
9.166667	0.200	0.030000
9.170000	0.200	0.027907
9.173333	0.200	0.027229
9.176667	0.200	0.027310
9.180000	0.200	0.027453
9.183333	0.200	0.027440
9.186667	0.200	0.027515
9.190000	0.200	0.027978
9.193333	0.200	0.028665
9.196667	0.200	0.028978
9.200000	0.200	0.028510
9.203333	0.200	0.027500
9.206667	0.200	0.026716
9.210000	0.200	0.026921
9.213333	0.200	0.028523
9.216667	0.200	0.031709
9.220000	0.200	0.036348
9.223333	0.200	0.041569
9.226667	0.200	0.045974
9.230000	0.200	0.048357
9.233333	0.200	0.048111
9.236667	0.200	0.045441
9.240000	0.200	0.041622
9.243333	0.200	0.038798
9.246667	0.200	0.038828
9.250000	0.200	0.041917
9.253333	0.200	0.046559
9.256667	0.200	0.050961
9.260000	0.200	0.054347
9.263333	0.200	0.056646
9.266667	0.200	0.057633
9.270000	0.200	0.057116
9.273333	0.200	0.055225
9.276667	0.200	0.052243
9.280000	0.200	0.048625
9.283333	0.200	0.044900
9.286667	0.200	0.041553
9.290000	0.200	0.039153
9.293333	0.200	0.038210
9.296667	0.200	0.038711
9.300000	0.200	0.040012
9.303333	0.200	0.041285
9.306667	0.200	0.041831
9.310000	0.200	0.041335
9.313333	0.200	0.040050
9.316667	0.200	0.038368
9.320000	0.200	0.036904
9.323333	0.200	0.037199
9.326667	0.200	0.040959
9.330000	0.200	0.048156
9.333333	0.200	0.056457
9.336667	0.200	0.062606
9.340000	0.200	0.064614
9.343333	0.200	0.062970
9.346667	0.200	0.059669
9.350000	0.200	0.056458
9.353333	0.200	0.053923
9.356667	0.200	0.051451
9.360000	0.200	0.048055
9.363333	0.200	0.043379
9.366667	0.200	0.038203
9.370000	0.200	0.034447
9.373333	0.200	0.033965
9.376667	0.200	0.036748
9.380000	0.200	0.040697
9.383333	0.200	0.043248
9.386667	0.200	0.043155
9.390000	0.200	0.040978
9.393333	0.200	0.038342
9.396667	0.200	0.037191
9.400000	0.200	0.039314
9.403333	0.200	0.045433
9.406667	0.200	0.054351
9.410000	0.200	0.063295
9.413333	0.200	0.069540
9.416667	0.200	0.071896
9.420000	0.200	0.070668
9.423333	0.200	0.066722
9.426667	0.200	0.060909
9.430000	0.200	0.053936
9.433333	0.200	0.046387
9.436667	0.200	0.038908
9.440000	0.200	0.032273
9.443333	0.200	0.027208
9.446667	0.200	0.024459
9.450000	0.200	0.024664
9.453333	0.200	0.027497
9.456667	0.200	0.031261
9.460000	0.200	0.033874
9.463333	0.200	0.034245
9.466667	0.200	0.032722
9.470000	0.200	0.030450
9.473333	0.200	0.028829
9.476667	0.200	0.029799
9.480000	0.200	0.035142
9.483333	0.200	0.044541
9.486667	0.200	0.055430
9.490000	0.200	0.064915
9.493333	0.200	0.071211
9.496667	0.200	0.073880
9.500000	0.200	0.073421
9.503333	0.200	0.070706
9.506667	0.200	0.066650
9.510000	0.200	0.061959
9.513333	0.200	0.056732
9.516667	0.200	0.050574
9.520000	0.200	0.043667
9.523333	0.200	0.037598
9.526667	0.200	0.034534
9.530000	0.200	0.035340
9.533333	0.200	0.038602
9.536667	0.200	0.041561
9.540000	0.200	0.042123
9.543333	0.200	0.040150
9.546667	0.200	0.037010
9.550000	0.200	0.034454
9.553333	0.200	0.034324
9.556667	0.200	0.038455
9.560000	0.200	0.047477
9.563333	0.200	0.059651
9.566667	0.200	0.071621
9.570000	0.200	0.080553
9.573333	0.200	0.085326
9.576667	0.200	0.085848
9.580000	0.200	0.082342
9.583333	0.200	0.075784
9.586667	0.200	0.067969
9.590000	0.200	0.060361
9.593333	0.200	0.053007
9.596667	0.200	0.045102
9.600000	0.200	0.036490
9.603333	0.200	0.028168
9.606667	0.200	0.021594
9.610000	0.200	0.017708
9.613333	0.200	0.016168
9.616667	0.200	0.015382
9.620000	0.200	0.013805
9.623333	0.200	0.011460
9.626667	0.200	0.009716
9.630000	0.200	0.009956
9.633333	0.200	0.013309
9.636667	0.200	0.020609
9.640000	0.200	0.031443
9.643333	0.200	0.043756
9.646667	0.200	0.054706
9.650000	0.200	0.061815
9.653333	0.200	0.063880
9.656667	0.200	0.061375
9.660000	0.200	0.055950
9.663333	0.200	0.049221
9.666667	0.200	0.041937
9.670000	0.200	0.034174
9.673333	0.200	0.026086
9.676667	0.200	0.018345
9.680000	0.200	0.011990
9.683333	0.200	0.007987
9.686667	0.200	0.006758
9.690000	0.200	0.007648
9.693333	0.200	0.008815
9.696667	0.200	0.008304
9.700000	0.200	0.005650
9.703333	0.200	0.002266
9.706667	0.200	0.000384
9.710000	0.200	0.001992
9.713333	0.200	0.008406
9.716667	0.200	0.019648
9.720000	0.200	0.033634
9.723333	0.200	0.046777
9.726667	0.200	0.055782
9.730000	0.200	0.058770
9.733333	0.200	0.055647
9.736667	0.200	0.048177
9.740000	0.200	0.038873
9.743333	0.200	0.029475
9.746667	0.200	0.020688
9.750000	0.200	0.012700
9.753333	0.200	0.005463
9.756667	0.200	-0.000992
9.760000	0.200	-0.006160
9.763333	0.200	-0.009019
9.766667	0.200	-0.008906
9.770000	0.200	-0.006816
9.773333	0.200	-0.005152
9.776667	0.200	-0.005739
9.780000	0.200	-0.008384
9.783333	0.200	-0.011270
9.786667	0.200	-0.012263
9.790000	0.200	-0.009864
9.793333	0.200	-0.003964
9.796667	0.200	0.003922
9.800000	0.200	0.011682
9.803333	0.200	0.017580
9.806667	0.200	0.020502
9.810000	0.200	0.020390
9.813333	0.200	0.018282
9.816667	0.200	0.015253
9.820000	0.200	0.011509
9.823333	0.200	0.006576
9.826667	0.200	0.000259
9.830000	0.200	-0.006653
9.833333	0.200	-0.012699
9.836667	0.200	-0.016420
9.840000	0.200	-0.016876
9.843333	0.200	-0.014283
9.846667	0.200	-0.010343
9.850000	0.200	-0.007478
9.853333	0.200	-0.007406
9.856667	0.200	-0.010004
9.860000	0.200	-0.013437
9.863333	0.200	-0.015799
9.866667	0.200	-0.016490
9.870000	0.200	-0.015764
9.873333	0.200	-0.013643
9.876667	0.200	-0.009947
9.880000	0.200	-0.004905
9.883333	0.200	0.000909
9.886667	0.200	0.006733
9.890000	0.200	0.011284
9.893333	0.200	0.013162
9.896667	0.200	0.012171
9.900000	0.200	0.009579
9.903333	0.200	0.006634
9.906667	0.200	0.003406
9.910000	0.200	-0.000634
9.913333	0.200	-0.005231
9.916667	0.200	-0.008835
9.920000	0.200	-0.009865
9.923333	0.200	-0.008317
9.926667	0.200	-0.005655
9.930000	0.200	-0.003662
9.933333	0.200	-0.003551
9.936667	0.200	-0.005261
9.940000	0.200	-0.007621
9.943333	0.200	-0.009714
9.946667	0.200	-0.011745
9.950000	0.200	-0.014399
9.953333	0.200	-0.017808
9.956667	0.200	-0.021299
9.960000	0.200	-0.023830
9.963333	0.200	-0.024573
9.966667	0.200	-0.023155
9.970000	0.200	-0.019752
9.973333	0.200	-0.015405
9.976667	0.200	-0.011714
9.980000	0.200	-0.009521
9.983333	0.200	-0.008374
9.986667	0.200	-0.007565
9.990000	0.200	-0.006911
9.993333	0.200	-0.006293
9.996667	0.200	-0.005238
10.000000	0.200	-0.003424
10.003333	0.200	-0.001133
10.006667	0.200	0.000966
10.010000	0.200	0.002080
10.013333	0.200	0.001519
10.016667	0.200	-0.000664
10.020000	0.200	-0.003550
10.023333	0.200	-0.006219
10.026667	0.200	-0.008332
10.030000	0.200	-0.009876
10.033333	0.200	-0.011054
10.036667	0.200	-0.012201
10.040000	0.200	-0.013262
10.043333	0.200	-0.013827
10.046667	0.200	-0.013683
10.050000	0.200	-0.012746
10.053333	0.200	-0.010911
10.056667	0.200	-0.008343
10.060000	0.200	-0.005596
10.063333	0.200	-0.003412
10.066667	0.200	-0.002179
10.070000	0.200	-0.001461
10.073333	0.200	-0.000462
10.076667	0.200	0.001244
10.080000	0.200	0.003597
10.083333	0.200	0.006257
10.086667	0.200	0.008813
10.090000	0.200	0.010720
10.093333	0.200	0.011088
10.096667	0.200	0.009202
10.100000	0.200	0.005264
10.103333	0.200	0.000127
10.106667	0.200	-0.005130
10.110000	0.200	-0.009283
10.113333	0.200	-0.011387
10.116667	0.200	-0.011060
10.120000	0.200	-0.008304
10.123333	0.200	-0.003694
10.126667	0.200	0.001545
10.130000	0.200	0.006231
10.133333	0.200	0.009495
10.136667	0.200	0.010465
10.140000	0.200	0.008773
10.143333	0.200	0.005356
10.146667	0.200	0.002418
10.150000	0.200	0.002552
10.153333	0.200	0.007172
10.156667	0.200	0.015317
10.160000	0.200	0.024351
10.163333	0.200	0.031634
10.166667	0.200	0.035402
10.170000	0.200	0.035255
10.173333	0.200	0.032332
10.176667	0.200	0.028219
10.180000	0.200	0.023494
10.183333	0.200	0.018048
10.186667	0.200	0.012533
10.190000	0.200	0.008495
10.193333	0.200	0.007258
10.196667	0.200	0.009090
10.200000	0.200	0.013319
10.203333	0.200	0.019028
10.206667	0.200	0.025228
10.210000	0.200	0.030641
10.213333	0.200	0.034154
10.216667	0.200	0.035376
10.220000	0.200	0.034675
10.223333	0.200	0.033520
10.226667	0.200	0.034383
10.230000	0.200	0.038840
10.233333	0.200	0.045967
10.236667	0.200	0.053316
10.240000	0.200	0.058953
10.243333	0.200	0.062129
10.246667	0.200	0.062649
10.250000	0.200	0.060767
10.253333	0.200	0.057499
10.256667	0.200	0.053901
10.260000	0.200	0.050064
10.263333	0.200	0.045445
10.266667	0.200	0.040162
10.270000	0.200	0.035618
10.273333	0.200	0.033459
10.276667	0.200	0.033984
10.280000	0.200	0.036091
10.283333	0.200	0.038550
10.286667	0.200	0.040563
10.290000	0.200	0.041519
10.293333	0.200	0.041152
10.296667	0.200	0.039652
10.300000	0.200	0.037304
10.303333	0.200	0.034471
10.306667	0.200	0.032100
10.310000	0.200	0.031424
10.313333	0.200	0.032652
10.316667	0.200	0.034466
10.320000	0.200	0.034923
10.323333	0.200	0.032743
10.326667	0.200	0.028134
10.330000	0.200	0.022447
10.333333	0.200	0.016882
10.336667	0.200	0.011736
10.340000	0.200	0.006873
10.343333	0.200	0.002341
10.346667	0.200	-0.001644
10.350000	0.200	-0.004729
10.353333	0.200	-0.006409
10.356667	0.200	-0.006196
10.360000	0.200	-0.003854
10.363333	0.200	0.000110
10.366667	0.200	0.004111
10.370000	0.200	0.006257
10.373333	0.200	0.005812
10.376667	0.200	0.003756
10.380000	0.200	0.001822
10.383333	0.200	0.001296
10.386667	0.200	0.002692
10.390000	0.200	0.005530
10.393333	0.200	0.007888
10.396667	0.200	0.007302
10.400000	0.200	0.002980
10.403333	0.200	-0.003312
10.406667	0.200	-0.008843
10.410000	0.200	-0.012219
10.413333	0.200	-0.014174
10.416667	0.200	-0.016304
10.420000	0.200	-0.019335
10.423333	0.200	-0.022807
10.426667	0.200	-0.025766
10.430000	0.200	-0.027347
10.433333	0.200	-0.027346
10.436667	0.200	-0.026370
10.440000	0.200	-0.024992
10.443333	0.200	-0.023463
10.446667	0.200	-0.022476
10.450000	0.200	-0.023005
10.453333	0.200	-0.025217
10.456667	0.200	-0.028226
10.460000	0.200	-0.030627
10.463333	0.200	-0.031130
10.466667	0.200	-0.029345
10.470000	0.200	-0.026329
10.473333	0.200	-0.023989
10.476667	0.200	-0.023830
10.480000	0.200	-0.026383
10.483333	0.200	-0.031212
10.486667	0.200	-0.036988
10.490000	0.200	-0.041955
10.493333	0.200	-0.044758
10.496667	0.200	-0.044949
10.500000	0.200	-0.042891
10.503333	0.200	-0.039351
10.506667	0.200	-0.035199
10.510000	0.200	-0.031409
10.513333	0.200	-0.029079
10.516667	0.200	-0.028958
10.520000	0.200	-0.030995
10.523333	0.200	-0.034536
10.526667	0.200	-0.038651
10.530000	0.200	-0.042270
10.533333	0.200	-0.044348
10.536667	0.200	-0.044019
10.540000	0.200	-0.040920
10.543333	0.200	-0.035661
10.546667	0.200	-0.029818
10.550000	0.200	-0.025384
10.553333	0.200	-0.023857
10.556667	0.200	-0.025070
10.560000	0.200	-0.027198
10.563333	0.200	-0.028555
10.566667	0.200	-0.028839
10.570000	0.200	-0.028598
10.573333	0.200	-0.028420
10.576667	0.200	-0.028596
10.580000	0.200	-0.028935
10.583333	0.200	-0.028873
10.586667	0.200	-0.028010
10.590000	0.200	-0.026266
10.593333	0.200	-0.023329
10.596667	0.200	-0.018706
10.600000	0.200	-0.012607
10.603333	0.200	-0.005965
10.606667	0.200	0.000445
10.610000	0.200	0.006271
10.613333	0.200	0.011440
10.616667	0.200	0.016140
10.620000	0.200	0.020792
10.623333	0.200	0.025939
10.626667	0.200	0.031765
10.630000	0.200	0.037806
10.633333	0.200	0.043413
10.636667	0.200	0.048213
10.640000	0.200	0.052293
10.643333	0.200	0.056123
10.646667	0.200	0.060160
10.650000	0.200	0.064730
10.653333	0.200	0.070262
10.656667	0.200	0.077136
10.660000	0.200	0.085415
10.663333	0.200	0.094927
10.666667	0.200	0.105331
10.670000	0.200	0.116237
10.673333	0.200	0.127874
10.676667	0.200	0.141401
10.680000	0.200	0.158121
10.683333	0.200	0.178637
10.686667	0.200	0.202433
10.690000	0.200	0.227597
10.693333	0.200	0.251441
10.696667	0.200	0.271923
10.700000	0.200	0.288406
10.703333	0.200	0.301366
10.706667	0.200	0.311878
10.710000	0.200	0.321163
10.713333	0.200	0.330063
10.716667	0.200	0.338841
10.720000	0.200	0.347437
10.723333	0.200	0.355457
10.726667	0.200	0.362124
10.730000	0.200	0.366922
10.733333	0.200	0.370133
10.736667	0.200	0.372584
10.740000	0.200	0.375155
10.743333	0.200	0.378261
10.746667	0.200	0.381652
10.750000	0.200	0.385006
10.753333	0.200	0.388290
10.756667	0.200	0.391279
10.760000	0.200	0.393565
10.763333	0.200	0.395169
10.766667	0.200	0.396518
10.770000	0.200	0.397976
10.773333	0.200	0.399721
10.776667	0.200	0.401739
10.780000	0.200	0.403938
10.783333	0.200	0.406324
10.786667	0.200	0.408762
10.790000	0.200	0.410817
10.793333	0.200	0.412037
10.796667	0.200	0.412229
10.800000	0.200	0.411796
10.803333	0.200	0.411748
10.806667	0.200	0.412951
10.810000	0.200	0.415529
10.813333	0.200	0.419112
10.816667	0.200	0.423277
10.820000	0.200	0.427589
10.823333	0.200	0.431715
10.826667	0.200	0.435751
10.830000	0.200	0.439990
10.833333	0.200	0.444272
10.836667	0.200	0.447976
10.840000	0.200	0.450645
10.843333	0.200	0.452204
10.846667	0.200	0.452678
10.850000	0.200	0.452295
10.853333	0.200	0.451915
10.856667	0.200	0.452793
10.860000	0.200	0.455396
10.863333	0.200	0.458792
10.866667	0.200	0.461816
10.870000	0.200	0.464236
10.873333	0.200	0.466443
10.876667	0.200	0.468665
10.880000	0.200	0.470614
10.883333	0.200	0.471991
10.886667	0.200	0.473272
10.890000	0.200	0.475392
10.893333	0.200	0.478694
10.896667	0.200	0.482482
10.900000	0.200	0.485648
10.903333	0.200	0.487973
10.906667	0.200	0.490545
10.910000	0.200	0.494457
10.913333	0.200	0.499563
10.916667	0.200	0.504726
10.920000	0.200	0.508891
10.923333	0.200	0.511764
10.926667	0.200	0.513630
10.930000	0.200	0.515026
10.933333	0.200	0.516544
10.936667	0.200	0.518489
10.940000	0.200	0.520923
10.943333	0.200	0.524125
10.946667	0.200	0.528295
10.950000	0.200	0.532821
10.953333	0.200	0.536737
10.956667	0.200	0.539968
10.960000	0.200	0.543189
10.963333	0.200	0.546465
10.966667	0.200	0.549122
10.970000	0.200	0.551041
10.973333	0.200	0.553105
10.976667	0.200	0.556159
10.980000	0.200	0.560270
10.983333	0.200	0.565089
10.986667	0.200	0.570259
10.990000	0.200	0.575385
10.993333	0.200	0.580054
10.996667	0.200	0.583845
11.000000	0.200	0.586284
