File Path	chrom://nnfcb-l0286/ChromeleonLocal/metk/20171013_HMP_C61_metk.seq/694.smp/UV_VIS_2.channel/UV_VIS_2.chm
Channel	UV_VIS_2

Injection Information:
Data Vault	ChromeleonLocal
Injection	250 ug/ml HIGH ISO
Injection Number	91
Position	RC10
Comment	
Processing Method	HMP New ProcMethod
Instrument Method	HM_metode_ZorBax_0,02%_Acetic_acid_ver6
Type	Calibration Standard
Status	Finished
Injection Date	10/14/2017
Injection Time	7:53:30 AM
Injection Volume (µl)	1.000
Dilution Factor	1.0000
Weight	1.0000

Raw Data Information:
Time Min. (min)	0.000000
Time Max. (min)	11.000000
Data Points	3301
Detector	UV
Exporting Data System	Chromeleon 7.1.3.2425
Operator	
Signal Quantity	Absorbance
Signal Unit	mAU
Signal Min.	-1.166350
Signal Max.	94.822336
Channel	UV_VIS_2
Driver Name	DAD3000.dll
Channel Type	Evaluation
Min. Step (s)	0.200
Max. Step (s)	0.200
Average Step (s)	0.200

Signal Parameter Information:
Signal Info	WVL:280 nm

Raw Data:
Time (min)	Step (s)	Value (mAU)
0.000000	0.000	0.000000
0.003333	0.200	-0.002774
0.006667	0.200	-0.019169
0.010000	0.200	-0.061698
0.013333	0.200	-0.125370
0.016667	0.200	-0.184671
0.020000	0.200	-0.214362
0.023333	0.200	-0.206628
0.026667	0.200	-0.170667
0.030000	0.200	-0.123351
0.033333	0.200	-0.079809
0.036667	0.200	-0.048102
0.040000	0.200	-0.029602
0.043333	0.200	-0.022587
0.046667	0.200	-0.024720
0.050000	0.200	-0.033265
0.053333	0.200	-0.045126
0.056667	0.200	-0.057898
0.060000	0.200	-0.070684
0.063333	0.200	-0.083527
0.066667	0.200	-0.096647
0.070000	0.200	-0.110165
0.073333	0.200	-0.123879
0.076667	0.200	-0.137303
0.080000	0.200	-0.149886
0.083333	0.200	-0.161261
0.086667	0.200	-0.171889
0.090000	0.200	-0.182792
0.093333	0.200	-0.194137
0.096667	0.200	-0.205086
0.100000	0.200	-0.215072
0.103333	0.200	-0.224354
0.106667	0.200	-0.233606
0.110000	0.200	-0.243307
0.113333	0.200	-0.253171
0.116667	0.200	-0.262383
0.120000	0.200	-0.270569
0.123333	0.200	-0.278138
0.126667	0.200	-0.285942
0.130000	0.200	-0.294783
0.133333	0.200	-0.304796
0.136667	0.200	-0.315435
0.140000	0.200	-0.326064
0.143333	0.200	-0.336122
0.146667	0.200	-0.345017
0.150000	0.200	-0.352390
0.153333	0.200	-0.358496
0.156667	0.200	-0.364371
0.160000	0.200	-0.371272
0.163333	0.200	-0.379678
0.166667	0.200	-0.389227
0.170000	0.200	-0.399465
0.173333	0.200	-0.410190
0.176667	0.200	-0.421142
0.180000	0.200	-0.431606
0.183333	0.200	-0.440674
0.186667	0.200	-0.448070
0.190000	0.200	-0.454490
0.193333	0.200	-0.461053
0.196667	0.200	-0.468451
0.200000	0.200	-0.476654
0.203333	0.200	-0.485397
0.206667	0.200	-0.494474
0.210000	0.200	-0.503594
0.213333	0.200	-0.512429
0.216667	0.200	-0.520722
0.220000	0.200	-0.528317
0.223333	0.200	-0.535205
0.226667	0.200	-0.541392
0.230000	0.200	-0.546843
0.233333	0.200	-0.551807
0.236667	0.200	-0.557088
0.240000	0.200	-0.563642
0.243333	0.200	-0.571858
0.246667	0.200	-0.581235
0.250000	0.200	-0.590572
0.253333	0.200	-0.598737
0.256667	0.200	-0.605591
0.260000	0.200	-0.611757
0.263333	0.200	-0.617705
0.266667	0.200	-0.623534
0.270000	0.200	-0.629089
0.273333	0.200	-0.634055
0.276667	0.200	-0.638411
0.280000	0.200	-0.642569
0.283333	0.200	-0.646916
0.286667	0.200	-0.651576
0.290000	0.200	-0.656578
0.293333	0.200	-0.661932
0.296667	0.200	-0.667741
0.300000	0.200	-0.674290
0.303333	0.200	-0.681491
0.306667	0.200	-0.688317
0.310000	0.200	-0.693563
0.313333	0.200	-0.697264
0.316667	0.200	-0.700628
0.320000	0.200	-0.704606
0.323333	0.200	-0.709086
0.326667	0.200	-0.713585
0.330000	0.200	-0.718289
0.333333	0.200	-0.723630
0.336667	0.200	-0.729203
0.340000	0.200	-0.734028
0.343333	0.200	-0.737631
0.346667	0.200	-0.740571
0.350000	0.200	-0.743906
0.353333	0.200	-0.748164
0.356667	0.200	-0.753122
0.360000	0.200	-0.758368
0.363333	0.200	-0.763585
0.366667	0.200	-0.768631
0.370000	0.200	-0.773640
0.373333	0.200	-0.778677
0.376667	0.200	-0.783373
0.380000	0.200	-0.787448
0.383333	0.200	-0.791205
0.386667	0.200	-0.794932
0.390000	0.200	-0.798300
0.393333	0.200	-0.800696
0.396667	0.200	-0.801862
0.400000	0.200	-0.802048
0.403333	0.200	-0.801809
0.406667	0.200	-0.802044
0.410000	0.200	-0.803772
0.413333	0.200	-0.807069
0.416667	0.200	-0.810852
0.420000	0.200	-0.814299
0.423333	0.200	-0.817665
0.426667	0.200	-0.821420
0.430000	0.200	-0.825387
0.433333	0.200	-0.828981
0.436667	0.200	-0.831933
0.440000	0.200	-0.834602
0.443333	0.200	-0.837557
0.446667	0.200	-0.840949
0.450000	0.200	-0.844429
0.453333	0.200	-0.847552
0.456667	0.200	-0.849923
0.460000	0.200	-0.851331
0.463333	0.200	-0.852146
0.466667	0.200	-0.853095
0.470000	0.200	-0.854594
0.473333	0.200	-0.856794
0.476667	0.200	-0.859852
0.480000	0.200	-0.863535
0.483333	0.200	-0.867265
0.486667	0.200	-0.870932
0.490000	0.200	-0.874833
0.493333	0.200	-0.878787
0.496667	0.200	-0.882096
0.500000	0.200	-0.884166
0.503333	0.200	-0.884940
0.506667	0.200	-0.885215
0.510000	0.200	-0.886295
0.513333	0.200	-0.888803
0.516667	0.200	-0.892334
0.520000	0.200	-0.896117
0.523333	0.200	-0.899326
0.526667	0.200	-0.901440
0.530000	0.200	-0.902795
0.533333	0.200	-0.904287
0.536667	0.200	-0.906675
0.540000	0.200	-0.910163
0.543333	0.200	-0.914246
0.546667	0.200	-0.918063
0.550000	0.200	-0.921107
0.553333	0.200	-0.923525
0.556667	0.200	-0.925655
0.560000	0.200	-0.927345
0.563333	0.200	-0.928311
0.566667	0.200	-0.928990
0.570000	0.200	-0.930071
0.573333	0.200	-0.931686
0.576667	0.200	-0.933588
0.580000	0.200	-0.935334
0.583333	0.200	-0.936420
0.586667	0.200	-0.936915
0.590000	0.200	-0.937731
0.593333	0.200	-0.939948
0.596667	0.200	-0.943956
0.600000	0.200	-0.949056
0.603333	0.200	-0.953534
0.606667	0.200	-0.955690
0.610000	0.200	-0.955329
0.613333	0.200	-0.953801
0.616667	0.200	-0.952641
0.620000	0.200	-0.952425
0.623333	0.200	-0.952830
0.626667	0.200	-0.953608
0.630000	0.200	-0.954931
0.633333	0.200	-0.956835
0.636667	0.200	-0.959142
0.640000	0.200	-0.961939
0.643333	0.200	-0.965645
0.646667	0.200	-0.970214
0.650000	0.200	-0.974466
0.653333	0.200	-0.976984
0.656667	0.200	-0.977598
0.660000	0.200	-0.977414
0.663333	0.200	-0.977426
0.666667	0.200	-0.977691
0.670000	0.200	-0.977828
0.673333	0.200	-0.977614
0.676667	0.200	-0.977250
0.680000	0.200	-0.977386
0.683333	0.200	-0.978579
0.686667	0.200	-0.980796
0.690000	0.200	-0.983392
0.693333	0.200	-0.985464
0.696667	0.200	-0.986618
0.700000	0.200	-0.987295
0.703333	0.200	-0.988226
0.706667	0.200	-0.989911
0.710000	0.200	-0.992350
0.713333	0.200	-0.994955
0.716667	0.200	-0.996893
0.720000	0.200	-0.997567
0.723333	0.200	-0.996903
0.726667	0.200	-0.995460
0.730000	0.200	-0.994327
0.733333	0.200	-0.994448
0.736667	0.200	-0.995845
0.740000	0.200	-0.997811
0.743333	0.200	-0.999662
0.746667	0.200	-1.001140
0.750000	0.200	-1.002481
0.753333	0.200	-1.004047
0.756667	0.200	-1.005824
0.760000	0.200	-1.007654
0.763333	0.200	-1.009725
0.766667	0.200	-1.012337
0.770000	0.200	-1.015382
0.773333	0.200	-1.018291
0.776667	0.200	-1.020349
0.780000	0.200	-1.021154
0.783333	0.200	-1.021097
0.786667	0.200	-1.021198
0.790000	0.200	-1.022201
0.793333	0.200	-1.024057
0.796667	0.200	-1.026186
0.800000	0.200	-1.027924
0.803333	0.200	-1.028992
0.806667	0.200	-1.029669
0.810000	0.200	-1.030489
0.813333	0.200	-1.031724
0.816667	0.200	-1.033252
0.820000	0.200	-1.034969
0.823333	0.200	-1.036985
0.826667	0.200	-1.039220
0.830000	0.200	-1.041320
0.833333	0.200	-1.043163
0.836667	0.200	-1.045149
0.840000	0.200	-1.047877
0.843333	0.200	-1.051485
0.846667	0.200	-1.055554
0.850000	0.200	-1.059737
0.853333	0.200	-1.064167
0.856667	0.200	-1.069197
0.860000	0.200	-1.074877
0.863333	0.200	-1.080456
0.866667	0.200	-1.084368
0.870000	0.200	-1.085023
0.873333	0.200	-1.081226
0.876667	0.200	-1.070635
0.880000	0.200	-1.047580
0.883333	0.200	-1.003670
0.886667	0.200	-0.932111
0.890000	0.200	-0.832588
0.893333	0.200	-0.712480
0.896667	0.200	-0.583378
0.900000	0.200	-0.456655
0.903333	0.200	-0.341669
0.906667	0.200	-0.245561
0.910000	0.200	-0.172874
0.913333	0.200	-0.125297
0.916667	0.200	-0.102025
0.920000	0.200	-0.100704
0.923333	0.200	-0.118058
0.926667	0.200	-0.149684
0.930000	0.200	-0.190135
0.933333	0.200	-0.233953
0.936667	0.200	-0.276682
0.940000	0.200	-0.315001
0.943333	0.200	-0.346060
0.946667	0.200	-0.366652
0.950000	0.200	-0.373331
0.953333	0.200	-0.363973
0.956667	0.200	-0.339546
0.960000	0.200	-0.304656
0.963333	0.200	-0.266809
0.966667	0.200	-0.234148
0.970000	0.200	-0.211188
0.973333	0.200	-0.193941
0.976667	0.200	-0.167939
0.980000	0.200	-0.113255
0.983333	0.200	-0.016713
0.986667	0.200	0.115933
0.990000	0.200	0.256982
0.993333	0.200	0.366052
0.996667	0.200	0.407104
1.000000	0.200	0.363711
1.003333	0.200	0.244123
1.006667	0.200	0.074783
1.010000	0.200	-0.111741
1.013333	0.200	-0.287446
1.016667	0.200	-0.434811
1.020000	0.200	-0.547489
1.023333	0.200	-0.627642
1.026667	0.200	-0.682530
1.030000	0.200	-0.721123
1.033333	0.200	-0.750848
1.036667	0.200	-0.775951
1.040000	0.200	-0.798088
1.043333	0.200	-0.817397
1.046667	0.200	-0.832951
1.050000	0.200	-0.843506
1.053333	0.200	-0.848321
1.056667	0.200	-0.846761
1.060000	0.200	-0.836973
1.063333	0.200	-0.815098
1.066667	0.200	-0.774762
1.070000	0.200	-0.704546
1.073333	0.200	-0.582765
1.076667	0.200	-0.370924
1.080000	0.200	-0.006566
1.083333	0.200	0.603207
1.086667	0.200	1.583111
1.090000	0.200	3.078812
1.093333	0.200	5.227728
1.096667	0.200	8.111442
1.100000	0.200	11.700471
1.103333	0.200	15.814671
1.106667	0.200	20.124863
1.110000	0.200	24.205434
1.113333	0.200	27.623466
1.116667	0.200	30.033463
1.120000	0.200	31.245936
1.123333	0.200	31.250124
1.126667	0.200	30.189298
1.130000	0.200	28.304853
1.133333	0.200	25.873239
1.136667	0.200	23.154691
1.140000	0.200	20.362151
1.143333	0.200	17.649752
1.146667	0.200	15.115287
1.150000	0.200	12.810296
1.153333	0.200	10.752776
1.156667	0.200	8.939424
1.160000	0.200	7.355475
1.163333	0.200	5.981180
1.166667	0.200	4.795620
1.170000	0.200	3.779046
1.173333	0.200	2.913921
1.176667	0.200	2.184541
1.180000	0.200	1.575851
1.183333	0.200	1.072727
1.186667	0.200	0.660644
1.190000	0.200	0.327174
1.193333	0.200	0.062876
1.196667	0.200	-0.138807
1.200000	0.200	-0.281815
1.203333	0.200	-0.367272
1.206667	0.200	-0.393823
1.210000	0.200	-0.360154
1.213333	0.200	-0.269330
1.216667	0.200	-0.133380
1.220000	0.200	0.024477
1.223333	0.200	0.172907
1.226667	0.200	0.280056
1.230000	0.200	0.322094
1.233333	0.200	0.289494
1.236667	0.200	0.188491
1.240000	0.200	0.037734
1.243333	0.200	-0.137823
1.246667	0.200	-0.313945
1.250000	0.200	-0.472619
1.253333	0.200	-0.603828
1.256667	0.200	-0.704199
1.260000	0.200	-0.774568
1.263333	0.200	-0.817247
1.266667	0.200	-0.832938
1.270000	0.200	-0.817562
1.273333	0.200	-0.760277
1.276667	0.200	-0.645550
1.280000	0.200	-0.461734
1.283333	0.200	-0.213893
1.286667	0.200	0.066851
1.290000	0.200	0.325919
1.293333	0.200	0.502135
1.296667	0.200	0.551429
1.300000	0.200	0.464531
1.303333	0.200	0.268963
1.306667	0.200	0.015261
1.310000	0.200	-0.243439
1.313333	0.200	-0.467589
1.316667	0.200	-0.637710
1.320000	0.200	-0.752291
1.323333	0.200	-0.821201
1.326667	0.200	-0.858282
1.330000	0.200	-0.876093
1.333333	0.200	-0.883969
1.336667	0.200	-0.887840
1.340000	0.200	-0.890576
1.343333	0.200	-0.893266
1.346667	0.200	-0.896357
1.350000	0.200	-0.899590
1.353333	0.200	-0.901925
1.356667	0.200	-0.902206
1.360000	0.200	-0.899820
1.363333	0.200	-0.895161
1.366667	0.200	-0.889889
1.370000	0.200	-0.886188
1.373333	0.200	-0.885267
1.376667	0.200	-0.887105
1.380000	0.200	-0.891445
1.383333	0.200	-0.897892
1.386667	0.200	-0.905489
1.390000	0.200	-0.913367
1.393333	0.200	-0.921386
1.396667	0.200	-0.929537
1.400000	0.200	-0.937514
1.403333	0.200	-0.945202
1.406667	0.200	-0.952664
1.410000	0.200	-0.959640
1.413333	0.200	-0.965890
1.416667	0.200	-0.971627
1.420000	0.200	-0.977136
1.423333	0.200	-0.982386
1.426667	0.200	-0.987264
1.430000	0.200	-0.991857
1.433333	0.200	-0.996375
1.436667	0.200	-1.001178
1.440000	0.200	-1.007016
1.443333	0.200	-1.014689
1.446667	0.200	-1.024029
1.450000	0.200	-1.033587
1.453333	0.200	-1.041876
1.456667	0.200	-1.048617
1.460000	0.200	-1.054431
1.463333	0.200	-1.059677
1.466667	0.200	-1.063849
1.470000	0.200	-1.066184
1.473333	0.200	-1.066599
1.476667	0.200	-1.065368
1.480000	0.200	-1.062506
1.483333	0.200	-1.058323
1.486667	0.200	-1.053762
1.490000	0.200	-1.049727
1.493333	0.200	-1.046712
1.496667	0.200	-1.044794
1.500000	0.200	-1.043520
1.503333	0.200	-1.042116
1.506667	0.200	-1.039928
1.510000	0.200	-1.036790
1.513333	0.200	-1.033189
1.516667	0.200	-1.030012
1.520000	0.200	-1.027947
1.523333	0.200	-1.026938
1.526667	0.200	-1.026494
1.530000	0.200	-1.026476
1.533333	0.200	-1.026976
1.536667	0.200	-1.027747
1.540000	0.200	-1.028353
1.543333	0.200	-1.028527
1.546667	0.200	-1.028185
1.550000	0.200	-1.027540
1.553333	0.200	-1.027204
1.556667	0.200	-1.027666
1.560000	0.200	-1.028814
1.563333	0.200	-1.030246
1.566667	0.200	-1.031842
1.570000	0.200	-1.033761
1.573333	0.200	-1.036088
1.576667	0.200	-1.038681
1.580000	0.200	-1.041105
1.583333	0.200	-1.042905
1.586667	0.200	-1.044136
1.590000	0.200	-1.045228
1.593333	0.200	-1.046435
1.596667	0.200	-1.047717
1.600000	0.200	-1.048891
1.603333	0.200	-1.049775
1.606667	0.200	-1.050265
1.610000	0.200	-1.050315
1.613333	0.200	-1.049869
1.616667	0.200	-1.048746
1.620000	0.200	-1.046614
1.623333	0.200	-1.043166
1.626667	0.200	-1.038501
1.630000	0.200	-1.033372
1.633333	0.200	-1.028722
1.636667	0.200	-1.024991
1.640000	0.200	-1.022120
1.643333	0.200	-1.019985
1.646667	0.200	-1.018628
1.650000	0.200	-1.018165
1.653333	0.200	-1.018535
1.656667	0.200	-1.019225
1.660000	0.200	-1.019420
1.663333	0.200	-1.018646
1.666667	0.200	-1.017131
1.670000	0.200	-1.015187
1.673333	0.200	-1.010862
1.676667	0.200	-0.988696
1.680000	0.200	-0.879724
1.683333	0.200	-0.483851
1.686667	0.200	0.589058
1.690000	0.200	2.847654
1.693333	0.200	6.682628
1.696667	0.200	12.102690
1.700000	0.200	18.640315
1.703333	0.200	25.495601
1.706667	0.200	31.818765
1.710000	0.200	36.971084
1.713333	0.200	40.655652
1.716667	0.200	42.902171
1.720000	0.200	43.957995
1.723333	0.200	44.155827
1.726667	0.200	43.809391
1.730000	0.200	43.157457
1.733333	0.200	42.351428
1.736667	0.200	41.469570
1.740000	0.200	40.541318
1.743333	0.200	39.571407
1.746667	0.200	38.558195
1.750000	0.200	37.502956
1.753333	0.200	36.411239
1.756667	0.200	35.291035
1.760000	0.200	34.150995
1.763333	0.200	32.999448
1.766667	0.200	31.844064
1.770000	0.200	30.691628
1.773333	0.200	29.547514
1.776667	0.200	28.415144
1.780000	0.200	27.296029
1.783333	0.200	26.190645
1.786667	0.200	25.099661
1.790000	0.200	24.024472
1.793333	0.200	22.966833
1.796667	0.200	21.928470
1.800000	0.200	20.910892
1.803333	0.200	19.915002
1.806667	0.200	18.941012
1.810000	0.200	17.989249
1.813333	0.200	17.060718
1.816667	0.200	16.156456
1.820000	0.200	15.276906
1.823333	0.200	14.422211
1.826667	0.200	13.592418
1.830000	0.200	12.786980
1.833333	0.200	12.004620
1.836667	0.200	11.244172
1.840000	0.200	10.505367
1.843333	0.200	9.788570
1.846667	0.200	9.093821
1.850000	0.200	8.420641
1.853333	0.200	7.768785
1.856667	0.200	7.138446
1.860000	0.200	6.529847
1.863333	0.200	5.943193
1.866667	0.200	5.378956
1.870000	0.200	4.838235
1.873333	0.200	4.322811
1.876667	0.200	3.834478
1.880000	0.200	3.374212
1.883333	0.200	2.941853
1.886667	0.200	2.536489
1.890000	0.200	2.157461
1.893333	0.200	1.804861
1.896667	0.200	1.478892
1.900000	0.200	1.179384
1.903333	0.200	0.905858
1.906667	0.200	0.657592
1.910000	0.200	0.433940
1.913333	0.200	0.234675
1.916667	0.200	0.059429
1.920000	0.200	-0.093241
1.923333	0.200	-0.225902
1.926667	0.200	-0.341332
1.930000	0.200	-0.441738
1.933333	0.200	-0.528624
1.936667	0.200	-0.602803
1.940000	0.200	-0.664379
1.943333	0.200	-0.712683
1.946667	0.200	-0.745690
1.950000	0.200	-0.758828
1.953333	0.200	-0.743211
1.956667	0.200	-0.682921
1.960000	0.200	-0.551352
1.963333	0.200	-0.307195
1.966667	0.200	0.109537
1.970000	0.200	0.781139
1.973333	0.200	1.814219
1.976667	0.200	3.337623
1.980000	0.200	5.494302
1.983333	0.200	8.426767
1.986667	0.200	12.256290
1.990000	0.200	17.056686
1.993333	0.200	22.826047
1.996667	0.200	29.462569
2.000000	0.200	36.750920
2.003333	0.200	44.364254
2.006667	0.200	51.885654
2.010000	0.200	58.848866
2.013333	0.200	64.791914
2.016667	0.200	69.312949
2.020000	0.200	72.118137
2.023333	0.200	73.054383
2.026667	0.200	72.122071
2.030000	0.200	69.466773
2.033333	0.200	65.353277
2.036667	0.200	60.126775
2.040000	0.200	54.168340
2.043333	0.200	47.852999
2.046667	0.200	41.515688
2.050000	0.200	35.428267
2.053333	0.200	29.789115
2.056667	0.200	24.723552
2.060000	0.200	20.291169
2.063333	0.200	16.497414
2.066667	0.200	13.308255
2.070000	0.200	10.665104
2.073333	0.200	8.497055
2.076667	0.200	6.730267
2.080000	0.200	5.294904
2.083333	0.200	4.129306
2.086667	0.200	3.181445
2.090000	0.200	2.408586
2.093333	0.200	1.776542
2.096667	0.200	1.258702
2.100000	0.200	0.834572
2.103333	0.200	0.487959
2.106667	0.200	0.205238
2.110000	0.200	-0.025317
2.113333	0.200	-0.213441
2.116667	0.200	-0.367054
2.120000	0.200	-0.492407
2.123333	0.200	-0.594383
2.126667	0.200	-0.677167
2.130000	0.200	-0.744427
2.133333	0.200	-0.799140
2.136667	0.200	-0.843670
2.140000	0.200	-0.879915
2.143333	0.200	-0.909370
2.146667	0.200	-0.933102
2.150000	0.200	-0.951872
2.153333	0.200	-0.966479
2.156667	0.200	-0.977923
2.160000	0.200	-0.987399
2.163333	0.200	-0.995928
2.166667	0.200	-1.003757
2.170000	0.200	-1.010471
2.173333	0.200	-1.015737
2.176667	0.200	-1.019723
2.180000	0.200	-1.022900
2.183333	0.200	-1.025888
2.186667	0.200	-1.029280
2.190000	0.200	-1.032971
2.193333	0.200	-1.036334
2.196667	0.200	-1.039333
2.200000	0.200	-1.042590
2.203333	0.200	-1.046470
2.206667	0.200	-1.050571
2.210000	0.200	-1.053872
2.213333	0.200	-1.055307
2.216667	0.200	-1.054276
2.220000	0.200	-1.050893
2.223333	0.200	-1.046125
2.226667	0.200	-1.041359
2.230000	0.200	-1.037462
2.233333	0.200	-1.034083
2.236667	0.200	-1.029807
2.240000	0.200	-1.023018
2.243333	0.200	-1.012037
2.246667	0.200	-0.994418
2.250000	0.200	-0.967334
2.253333	0.200	-0.929389
2.256667	0.200	-0.882653
2.260000	0.200	-0.833931
2.263333	0.200	-0.794204
2.266667	0.200	-0.775618
2.270000	0.200	-0.786886
2.273333	0.200	-0.829169
2.276667	0.200	-0.895004
2.280000	0.200	-0.971280
2.283333	0.200	-1.044116
2.286667	0.200	-1.102912
2.290000	0.200	-1.142401
2.293333	0.200	-1.162422
2.296667	0.200	-1.166350
2.300000	0.200	-1.159357
2.303333	0.200	-1.146866
2.306667	0.200	-1.133268
2.310000	0.200	-1.120971
2.313333	0.200	-1.110299
2.316667	0.200	-1.100612
2.320000	0.200	-1.091560
2.323333	0.200	-1.083192
2.326667	0.200	-1.075350
2.330000	0.200	-1.067537
2.333333	0.200	-1.059623
2.336667	0.200	-1.052386
2.340000	0.200	-1.046741
2.343333	0.200	-1.042442
2.346667	0.200	-1.038270
2.350000	0.200	-1.033560
2.353333	0.200	-1.028823
2.356667	0.200	-1.024686
2.360000	0.200	-1.020999
2.363333	0.200	-1.017567
2.366667	0.200	-1.014965
2.370000	0.200	-1.013797
2.373333	0.200	-1.013786
2.376667	0.200	-1.014224
2.380000	0.200	-1.014731
2.383333	0.200	-1.015362
2.386667	0.200	-1.016405
2.390000	0.200	-1.018242
2.393333	0.200	-1.020892
2.396667	0.200	-1.023552
2.400000	0.200	-1.025152
2.403333	0.200	-1.025409
2.406667	0.200	-1.024912
2.410000	0.200	-1.024391
2.413333	0.200	-1.024382
2.416667	0.200	-1.025202
2.420000	0.200	-1.026850
2.423333	0.200	-1.029061
2.426667	0.200	-1.031561
2.430000	0.200	-1.034330
2.433333	0.200	-1.037522
2.436667	0.200	-1.041163
2.440000	0.200	-1.044700
2.443333	0.200	-1.047082
2.446667	0.200	-1.047969
2.450000	0.200	-1.048294
2.453333	0.200	-1.049001
2.456667	0.200	-1.049966
2.460000	0.200	-1.050746
2.463333	0.200	-1.051569
2.466667	0.200	-1.052728
2.470000	0.200	-1.053724
2.473333	0.200	-1.053853
2.476667	0.200	-1.053050
2.480000	0.200	-1.051747
2.483333	0.200	-1.050431
2.486667	0.200	-1.049391
2.490000	0.200	-1.048732
2.493333	0.200	-1.048644
2.496667	0.200	-1.049195
2.500000	0.200	-1.049836
2.503333	0.200	-1.049750
2.506667	0.200	-1.048616
2.510000	0.200	-1.046893
2.513333	0.200	-1.045722
2.516667	0.200	-1.046149
2.520000	0.200	-1.047982
2.523333	0.200	-1.049879
2.526667	0.200	-1.050996
2.530000	0.200	-1.051811
2.533333	0.200	-1.052876
2.536667	0.200	-1.053707
2.540000	0.200	-1.053164
2.543333	0.200	-1.050195
2.546667	0.200	-1.044278
2.550000	0.200	-1.035765
2.553333	0.200	-1.025830
2.556667	0.200	-1.015695
2.560000	0.200	-1.005740
2.563333	0.200	-0.995548
2.566667	0.200	-0.984672
2.570000	0.200	-0.973116
2.573333	0.200	-0.961400
2.576667	0.200	-0.950329
2.580000	0.200	-0.940582
2.583333	0.200	-0.932640
2.586667	0.200	-0.926925
2.590000	0.200	-0.923856
2.593333	0.200	-0.923694
2.596667	0.200	-0.926209
2.600000	0.200	-0.930896
2.603333	0.200	-0.937523
2.606667	0.200	-0.945956
2.610000	0.200	-0.955794
2.613333	0.200	-0.966340
2.616667	0.200	-0.976590
2.620000	0.200	-0.985528
2.623333	0.200	-0.992570
2.626667	0.200	-0.997793
2.630000	0.200	-1.001813
2.633333	0.200	-1.005204
2.636667	0.200	-1.008034
2.640000	0.200	-1.010073
2.643333	0.200	-1.011463
2.646667	0.200	-1.012868
2.650000	0.200	-1.014678
2.653333	0.200	-1.016528
2.656667	0.200	-1.017912
2.660000	0.200	-1.018846
2.663333	0.200	-1.019892
2.666667	0.200	-1.021844
2.670000	0.200	-1.024960
2.673333	0.200	-1.028377
2.676667	0.200	-1.030927
2.680000	0.200	-1.032222
2.683333	0.200	-1.032274
2.686667	0.200	-1.031026
2.690000	0.200	-1.028929
2.693333	0.200	-1.026980
2.696667	0.200	-1.025905
2.700000	0.200	-1.025928
2.703333	0.200	-1.026983
2.706667	0.200	-1.028687
2.710000	0.200	-1.030337
2.713333	0.200	-1.031006
2.716667	0.200	-1.030031
2.720000	0.200	-1.027747
2.723333	0.200	-1.025472
2.726667	0.200	-1.024767
2.730000	0.200	-1.026210
2.733333	0.200	-1.028417
2.736667	0.200	-1.029245
2.740000	0.200	-1.028083
2.743333	0.200	-1.026025
2.746667	0.200	-1.024531
2.750000	0.200	-1.024668
2.753333	0.200	-1.026534
2.756667	0.200	-1.028814
2.760000	0.200	-1.029721
2.763333	0.200	-1.028869
2.766667	0.200	-1.027601
2.770000	0.200	-1.027128
2.773333	0.200	-1.027226
2.776667	0.200	-1.026882
2.780000	0.200	-1.025347
2.783333	0.200	-1.022677
2.786667	0.200	-1.019635
2.790000	0.200	-1.017232
2.793333	0.200	-1.016230
2.796667	0.200	-1.016663
2.800000	0.200	-1.017986
2.803333	0.200	-1.019737
2.806667	0.200	-1.021406
2.810000	0.200	-1.022109
2.813333	0.200	-1.021384
2.816667	0.200	-1.020062
2.820000	0.200	-1.019509
2.823333	0.200	-1.020159
2.826667	0.200	-1.021336
2.830000	0.200	-1.022138
2.833333	0.200	-1.021900
2.836667	0.200	-1.020453
2.840000	0.200	-1.018378
2.843333	0.200	-1.016443
2.846667	0.200	-1.014841
2.850000	0.200	-1.013376
2.853333	0.200	-1.011994
2.856667	0.200	-1.011054
2.860000	0.200	-1.011126
2.863333	0.200	-1.012142
2.866667	0.200	-1.013045
2.870000	0.200	-1.012624
2.873333	0.200	-1.010413
2.876667	0.200	-1.006775
2.880000	0.200	-1.002703
2.883333	0.200	-0.999582
2.886667	0.200	-0.998314
2.890000	0.200	-0.998509
2.893333	0.200	-0.998932
2.896667	0.200	-0.998562
2.900000	0.200	-0.997213
2.903333	0.200	-0.995574
2.906667	0.200	-0.994651
2.910000	0.200	-0.994854
2.913333	0.200	-0.995623
2.916667	0.200	-0.996045
2.920000	0.200	-0.995702
2.923333	0.200	-0.994920
2.926667	0.200	-0.994359
2.930000	0.200	-0.994402
2.933333	0.200	-0.994840
2.936667	0.200	-0.994985
2.940000	0.200	-0.994215
2.943333	0.200	-0.992270
2.946667	0.200	-0.988834
2.950000	0.200	-0.983544
2.953333	0.200	-0.976629
2.956667	0.200	-0.968739
2.960000	0.200	-0.959993
2.963333	0.200	-0.949758
2.966667	0.200	-0.937450
2.970000	0.200	-0.922937
2.973333	0.200	-0.906262
2.976667	0.200	-0.888017
2.980000	0.200	-0.870115
2.983333	0.200	-0.855277
2.986667	0.200	-0.845702
2.990000	0.200	-0.842400
2.993333	0.200	-0.845322
2.996667	0.200	-0.853688
3.000000	0.200	-0.866220
3.003333	0.200	-0.881492
3.006667	0.200	-0.898137
3.010000	0.200	-0.914731
3.013333	0.200	-0.929867
3.016667	0.200	-0.942358
3.020000	0.200	-0.951352
3.023333	0.200	-0.956433
3.026667	0.200	-0.957985
3.030000	0.200	-0.957517
3.033333	0.200	-0.957025
3.036667	0.200	-0.957673
3.040000	0.200	-0.959292
3.043333	0.200	-0.961223
3.046667	0.200	-0.963290
3.050000	0.200	-0.965734
3.053333	0.200	-0.968603
3.056667	0.200	-0.971611
3.060000	0.200	-0.974197
3.063333	0.200	-0.975536
3.066667	0.200	-0.974954
3.070000	0.200	-0.972438
3.073333	0.200	-0.968682
3.076667	0.200	-0.964748
3.080000	0.200	-0.961599
3.083333	0.200	-0.959814
3.086667	0.200	-0.959664
3.090000	0.200	-0.961171
3.093333	0.200	-0.963823
3.096667	0.200	-0.966577
3.100000	0.200	-0.968677
3.103333	0.200	-0.970185
3.106667	0.200	-0.971305
3.110000	0.200	-0.971781
3.113333	0.200	-0.971138
3.116667	0.200	-0.968887
3.120000	0.200	-0.964730
3.123333	0.200	-0.959128
3.126667	0.200	-0.953423
3.130000	0.200	-0.949029
3.133333	0.200	-0.946579
3.136667	0.200	-0.946044
3.140000	0.200	-0.947054
3.143333	0.200	-0.948527
3.146667	0.200	-0.948988
3.150000	0.200	-0.947790
3.153333	0.200	-0.945449
3.156667	0.200	-0.942973
3.160000	0.200	-0.941288
3.163333	0.200	-0.940914
3.166667	0.200	-0.941878
3.170000	0.200	-0.943944
3.173333	0.200	-0.946771
3.176667	0.200	-0.949924
3.180000	0.200	-0.952913
3.183333	0.200	-0.955284
3.186667	0.200	-0.956773
3.190000	0.200	-0.957330
3.193333	0.200	-0.956997
3.196667	0.200	-0.955738
3.200000	0.200	-0.953392
3.203333	0.200	-0.950100
3.206667	0.200	-0.946666
3.210000	0.200	-0.944027
3.213333	0.200	-0.942536
3.216667	0.200	-0.941808
3.220000	0.200	-0.941014
3.223333	0.200	-0.939568
3.226667	0.200	-0.937616
3.230000	0.200	-0.935649
3.233333	0.200	-0.933832
3.236667	0.200	-0.931953
3.240000	0.200	-0.929926
3.243333	0.200	-0.928136
3.246667	0.200	-0.927130
3.250000	0.200	-0.926856
3.253333	0.200	-0.926517
3.256667	0.200	-0.925512
3.260000	0.200	-0.924109
3.263333	0.200	-0.922995
3.266667	0.200	-0.922661
3.270000	0.200	-0.923158
3.273333	0.200	-0.924086
3.276667	0.200	-0.924851
3.280000	0.200	-0.924852
3.283333	0.200	-0.923672
3.286667	0.200	-0.921524
3.290000	0.200	-0.919292
3.293333	0.200	-0.917688
3.296667	0.200	-0.916584
3.300000	0.200	-0.915618
3.303333	0.200	-0.914917
3.306667	0.200	-0.914594
3.310000	0.200	-0.914217
3.313333	0.200	-0.913420
3.316667	0.200	-0.912566
3.320000	0.200	-0.912362
3.323333	0.200	-0.913243
3.326667	0.200	-0.915304
3.330000	0.200	-0.918298
3.333333	0.200	-0.921680
3.336667	0.200	-0.924769
3.340000	0.200	-0.926700
3.343333	0.200	-0.926673
3.346667	0.200	-0.924642
3.350000	0.200	-0.921412
3.353333	0.200	-0.917704
3.356667	0.200	-0.913110
3.360000	0.200	-0.905503
3.363333	0.200	-0.889915
3.366667	0.200	-0.855321
3.370000	0.200	-0.778257
3.373333	0.200	-0.612377
3.376667	0.200	-0.273973
3.380000	0.200	0.374632
3.383333	0.200	1.539518
3.386667	0.200	3.498772
3.390000	0.200	6.584398
3.393333	0.200	11.135293
3.396667	0.200	17.421891
3.400000	0.200	25.554608
3.403333	0.200	35.400776
3.406667	0.200	46.538627
3.410000	0.200	58.269095
3.413333	0.200	69.691712
3.416667	0.200	79.832815
3.420000	0.200	87.798008
3.423333	0.200	92.913191
3.426667	0.200	94.822336
3.430000	0.200	93.523349
3.433333	0.200	89.339607
3.436667	0.200	82.839619
3.440000	0.200	74.728422
3.443333	0.200	65.737351
3.446667	0.200	56.532771
3.450000	0.200	47.654477
3.453333	0.200	39.486417
3.456667	0.200	32.256699
3.460000	0.200	26.058297
3.463333	0.200	20.879855
3.466667	0.200	16.639807
3.470000	0.200	13.218463
3.473333	0.200	10.483004
3.476667	0.200	8.304393
3.480000	0.200	6.567688
3.483333	0.200	5.176980
3.486667	0.200	4.056322
3.490000	0.200	3.147939
3.493333	0.200	2.408857
3.496667	0.200	1.807065
3.500000	0.200	1.318033
3.503333	0.200	0.922057
3.506667	0.200	0.602470
3.510000	0.200	0.344755
3.513333	0.200	0.136649
3.516667	0.200	-0.031390
3.520000	0.200	-0.166390
3.523333	0.200	-0.274083
3.526667	0.200	-0.359980
3.530000	0.200	-0.429137
3.533333	0.200	-0.485367
3.536667	0.200	-0.531203
3.540000	0.200	-0.568545
3.543333	0.200	-0.599341
3.546667	0.200	-0.625659
3.550000	0.200	-0.648966
3.553333	0.200	-0.669762
3.556667	0.200	-0.688139
3.560000	0.200	-0.704070
3.563333	0.200	-0.717324
3.566667	0.200	-0.727824
3.570000	0.200	-0.736068
3.573333	0.200	-0.743029
3.576667	0.200	-0.749587
3.580000	0.200	-0.755944
3.583333	0.200	-0.761661
3.586667	0.200	-0.766381
3.590000	0.200	-0.770391
3.593333	0.200	-0.774309
3.596667	0.200	-0.778595
3.600000	0.200	-0.783454
3.603333	0.200	-0.788720
3.606667	0.200	-0.793805
3.610000	0.200	-0.798205
3.613333	0.200	-0.802073
3.616667	0.200	-0.806067
3.620000	0.200	-0.810448
3.623333	0.200	-0.814745
3.626667	0.200	-0.818450
3.630000	0.200	-0.821344
3.633333	0.200	-0.823396
3.636667	0.200	-0.825157
3.640000	0.200	-0.827774
3.643333	0.200	-0.831857
3.646667	0.200	-0.836581
3.650000	0.200	-0.840389
3.653333	0.200	-0.842290
3.656667	0.200	-0.842249
3.660000	0.200	-0.840815
3.663333	0.200	-0.838891
3.666667	0.200	-0.837579
3.670000	0.200	-0.837581
3.673333	0.200	-0.838702
3.676667	0.200	-0.840174
3.680000	0.200	-0.841216
3.683333	0.200	-0.841400
3.686667	0.200	-0.840897
3.690000	0.200	-0.840291
3.693333	0.200	-0.839969
3.696667	0.200	-0.840014
3.700000	0.200	-0.840570
3.703333	0.200	-0.841723
3.706667	0.200	-0.843202
3.710000	0.200	-0.844526
3.713333	0.200	-0.845383
3.716667	0.200	-0.845868
3.720000	0.200	-0.846321
3.723333	0.200	-0.846947
3.726667	0.200	-0.847572
3.730000	0.200	-0.847817
3.733333	0.200	-0.847593
3.736667	0.200	-0.847284
3.740000	0.200	-0.847382
3.743333	0.200	-0.848165
3.746667	0.200	-0.849586
3.750000	0.200	-0.851276
3.753333	0.200	-0.852738
3.756667	0.200	-0.853683
3.760000	0.200	-0.854311
3.763333	0.200	-0.855080
3.766667	0.200	-0.856055
3.770000	0.200	-0.856759
3.773333	0.200	-0.856574
3.776667	0.200	-0.855174
3.780000	0.200	-0.852994
3.783333	0.200	-0.851248
3.786667	0.200	-0.850943
3.790000	0.200	-0.852075
3.793333	0.200	-0.854066
3.796667	0.200	-0.856334
3.800000	0.200	-0.858157
3.803333	0.200	-0.858672
3.806667	0.200	-0.857563
3.810000	0.200	-0.855478
3.813333	0.200	-0.853433
3.816667	0.200	-0.852067
3.820000	0.200	-0.851394
3.823333	0.200	-0.850819
3.826667	0.200	-0.849873
3.830000	0.200	-0.849051
3.833333	0.200	-0.849066
3.836667	0.200	-0.849669
3.840000	0.200	-0.850180
3.843333	0.200	-0.850510
3.846667	0.200	-0.850825
3.850000	0.200	-0.850789
3.853333	0.200	-0.849920
3.856667	0.200	-0.848423
3.860000	0.200	-0.847147
3.863333	0.200	-0.846673
3.866667	0.200	-0.846768
3.870000	0.200	-0.846936
3.873333	0.200	-0.847104
3.876667	0.200	-0.847484
3.880000	0.200	-0.848191
3.883333	0.200	-0.849217
3.886667	0.200	-0.850478
3.890000	0.200	-0.851710
3.893333	0.200	-0.852470
3.896667	0.200	-0.852392
3.900000	0.200	-0.851639
3.903333	0.200	-0.851013
3.906667	0.200	-0.851273
3.910000	0.200	-0.852551
3.913333	0.200	-0.854473
3.916667	0.200	-0.856520
3.920000	0.200	-0.858283
3.923333	0.200	-0.859584
3.926667	0.200	-0.860489
3.930000	0.200	-0.861279
3.933333	0.200	-0.862174
3.936667	0.200	-0.862887
3.940000	0.200	-0.862721
3.943333	0.200	-0.861401
3.946667	0.200	-0.859481
3.950000	0.200	-0.857634
3.953333	0.200	-0.855886
3.956667	0.200	-0.853984
3.960000	0.200	-0.852178
3.963333	0.200	-0.850819
3.966667	0.200	-0.849562
3.970000	0.200	-0.847968
3.973333	0.200	-0.846440
3.976667	0.200	-0.845725
3.980000	0.200	-0.845812
3.983333	0.200	-0.845623
3.986667	0.200	-0.843776
3.990000	0.200	-0.839957
3.993333	0.200	-0.835269
3.996667	0.200	-0.830825
4.000000	0.200	-0.826793
4.003333	0.200	-0.822906
4.006667	0.200	-0.818896
4.010000	0.200	-0.814626
4.013333	0.200	-0.810369
4.016667	0.200	-0.806855
4.020000	0.200	-0.804860
4.023333	0.200	-0.804745
4.026667	0.200	-0.806371
4.030000	0.200	-0.809167
4.033333	0.200	-0.812196
4.036667	0.200	-0.814749
4.040000	0.200	-0.817041
4.043333	0.200	-0.819912
4.046667	0.200	-0.823927
4.050000	0.200	-0.829051
4.053333	0.200	-0.835131
4.056667	0.200	-0.842116
4.060000	0.200	-0.849485
4.063333	0.200	-0.855962
4.066667	0.200	-0.860364
4.070000	0.200	-0.862484
4.073333	0.200	-0.863010
4.076667	0.200	-0.862964
4.080000	0.200	-0.862913
4.083333	0.200	-0.862431
4.086667	0.200	-0.860983
4.090000	0.200	-0.859168
4.093333	0.200	-0.858159
4.096667	0.200	-0.858302
4.100000	0.200	-0.859155
4.103333	0.200	-0.860290
4.106667	0.200	-0.861462
4.110000	0.200	-0.862592
4.113333	0.200	-0.863815
4.116667	0.200	-0.865164
4.120000	0.200	-0.866409
4.123333	0.200	-0.867258
4.126667	0.200	-0.867466
4.130000	0.200	-0.867032
4.133333	0.200	-0.866413
4.136667	0.200	-0.866386
4.140000	0.200	-0.867481
4.143333	0.200	-0.869379
4.146667	0.200	-0.870895
4.150000	0.200	-0.870725
4.153333	0.200	-0.868516
4.156667	0.200	-0.865096
4.160000	0.200	-0.861556
4.163333	0.200	-0.858652
4.166667	0.200	-0.856995
4.170000	0.200	-0.856990
4.173333	0.200	-0.858334
4.176667	0.200	-0.860134
4.180000	0.200	-0.861800
4.183333	0.200	-0.863363
4.186667	0.200	-0.864881
4.190000	0.200	-0.865885
4.193333	0.200	-0.865550
4.196667	0.200	-0.863475
4.200000	0.200	-0.860001
4.203333	0.200	-0.855856
4.206667	0.200	-0.852078
4.210000	0.200	-0.849816
4.213333	0.200	-0.849558
4.216667	0.200	-0.850701
4.220000	0.200	-0.852157
4.223333	0.200	-0.853313
4.226667	0.200	-0.854135
4.230000	0.200	-0.854531
4.233333	0.200	-0.854310
4.236667	0.200	-0.853638
4.240000	0.200	-0.852893
4.243333	0.200	-0.852226
4.246667	0.200	-0.851644
4.250000	0.200	-0.851184
4.253333	0.200	-0.850789
4.256667	0.200	-0.850401
4.260000	0.200	-0.850247
4.263333	0.200	-0.850653
4.266667	0.200	-0.851572
4.270000	0.200	-0.852439
4.273333	0.200	-0.852530
4.276667	0.200	-0.851723
4.280000	0.200	-0.850761
4.283333	0.200	-0.850405
4.286667	0.200	-0.850831
4.290000	0.200	-0.851873
4.293333	0.200	-0.853166
4.296667	0.200	-0.854049
4.300000	0.200	-0.853875
4.303333	0.200	-0.852552
4.306667	0.200	-0.850584
4.310000	0.200	-0.848624
4.313333	0.200	-0.847005
4.316667	0.200	-0.845739
4.320000	0.200	-0.844910
4.323333	0.200	-0.844693
4.326667	0.200	-0.845031
4.330000	0.200	-0.845528
4.333333	0.200	-0.845713
4.336667	0.200	-0.845370
4.340000	0.200	-0.844522
4.343333	0.200	-0.843229
4.346667	0.200	-0.841577
4.350000	0.200	-0.839857
4.353333	0.200	-0.838638
4.356667	0.200	-0.838395
4.360000	0.200	-0.839095
4.363333	0.200	-0.840406
4.366667	0.200	-0.841938
4.370000	0.200	-0.843107
4.373333	0.200	-0.843513
4.376667	0.200	-0.843478
4.380000	0.200	-0.843524
4.383333	0.200	-0.843646
4.386667	0.200	-0.843425
4.390000	0.200	-0.842415
4.393333	0.200	-0.840395
4.396667	0.200	-0.837670
4.400000	0.200	-0.835148
4.403333	0.200	-0.833762
4.406667	0.200	-0.833608
4.410000	0.200	-0.833760
4.413333	0.200	-0.833069
4.416667	0.200	-0.831371
4.420000	0.200	-0.829805
4.423333	0.200	-0.829623
4.426667	0.200	-0.830719
4.430000	0.200	-0.831602
4.433333	0.200	-0.831031
4.436667	0.200	-0.829239
4.440000	0.200	-0.827293
4.443333	0.200	-0.826023
4.446667	0.200	-0.825815
4.450000	0.200	-0.826613
4.453333	0.200	-0.827871
4.456667	0.200	-0.829054
4.460000	0.200	-0.830040
4.463333	0.200	-0.830794
4.466667	0.200	-0.831194
4.470000	0.200	-0.831057
4.473333	0.200	-0.829931
4.476667	0.200	-0.827385
4.480000	0.200	-0.823734
4.483333	0.200	-0.820139
4.486667	0.200	-0.817802
4.490000	0.200	-0.817051
4.493333	0.200	-0.817236
4.496667	0.200	-0.817458
4.500000	0.200	-0.817198
4.503333	0.200	-0.816309
4.506667	0.200	-0.814823
4.510000	0.200	-0.813032
4.513333	0.200	-0.811626
4.516667	0.200	-0.811346
4.520000	0.200	-0.812236
4.523333	0.200	-0.813463
4.526667	0.200	-0.814003
4.530000	0.200	-0.813381
4.533333	0.200	-0.811814
4.536667	0.200	-0.809951
4.540000	0.200	-0.808605
4.543333	0.200	-0.808227
4.546667	0.200	-0.808411
4.550000	0.200	-0.808400
4.553333	0.200	-0.807943
4.556667	0.200	-0.807263
4.560000	0.200	-0.806475
4.563333	0.200	-0.805290
4.566667	0.200	-0.803236
4.570000	0.200	-0.800078
4.573333	0.200	-0.796150
4.576667	0.200	-0.792408
4.580000	0.200	-0.789827
4.583333	0.200	-0.788761
4.586667	0.200	-0.789036
4.590000	0.200	-0.790136
4.593333	0.200	-0.791142
4.596667	0.200	-0.791114
4.600000	0.200	-0.789716
4.603333	0.200	-0.787227
4.606667	0.200	-0.784183
4.610000	0.200	-0.781264
4.613333	0.200	-0.779056
4.616667	0.200	-0.777668
4.620000	0.200	-0.776887
4.623333	0.200	-0.776488
4.626667	0.200	-0.776126
4.630000	0.200	-0.775358
4.633333	0.200	-0.774088
4.636667	0.200	-0.772667
4.640000	0.200	-0.771444
4.643333	0.200	-0.770339
4.646667	0.200	-0.768990
4.650000	0.200	-0.767391
4.653333	0.200	-0.765914
4.656667	0.200	-0.764557
4.660000	0.200	-0.762851
4.663333	0.200	-0.760460
4.666667	0.200	-0.757592
4.670000	0.200	-0.755046
4.673333	0.200	-0.753639
4.676667	0.200	-0.753368
4.680000	0.200	-0.753629
4.683333	0.200	-0.754234
4.686667	0.200	-0.755370
4.690000	0.200	-0.756618
4.693333	0.200	-0.757086
4.696667	0.200	-0.756401
4.700000	0.200	-0.754828
4.703333	0.200	-0.752774
4.706667	0.200	-0.750684
4.710000	0.200	-0.749072
4.713333	0.200	-0.748346
4.716667	0.200	-0.748670
4.720000	0.200	-0.749648
4.723333	0.200	-0.750292
4.726667	0.200	-0.749903
4.730000	0.200	-0.748662
4.733333	0.200	-0.747189
4.736667	0.200	-0.745958
4.740000	0.200	-0.745094
4.743333	0.200	-0.744495
4.746667	0.200	-0.744060
4.750000	0.200	-0.743815
4.753333	0.200	-0.743905
4.756667	0.200	-0.744407
4.760000	0.200	-0.744993
4.763333	0.200	-0.744970
4.766667	0.200	-0.743806
4.770000	0.200	-0.741540
4.773333	0.200	-0.738783
4.776667	0.200	-0.736389
4.780000	0.200	-0.734943
4.783333	0.200	-0.734219
4.786667	0.200	-0.733197
4.790000	0.200	-0.731144
4.793333	0.200	-0.728358
4.796667	0.200	-0.725446
4.800000	0.200	-0.722654
4.803333	0.200	-0.720124
4.806667	0.200	-0.717916
4.810000	0.200	-0.715646
4.813333	0.200	-0.712627
4.816667	0.200	-0.708271
4.820000	0.200	-0.702367
4.823333	0.200	-0.695314
4.826667	0.200	-0.687837
4.830000	0.200	-0.680187
4.833333	0.200	-0.671932
4.836667	0.200	-0.662571
4.840000	0.200	-0.652348
4.843333	0.200	-0.642725
4.846667	0.200	-0.635726
4.850000	0.200	-0.632194
4.853333	0.200	-0.630913
4.856667	0.200	-0.629803
4.860000	0.200	-0.627766
4.863333	0.200	-0.625250
4.866667	0.200	-0.623193
4.870000	0.200	-0.621997
4.873333	0.200	-0.621663
4.876667	0.200	-0.621993
4.880000	0.200	-0.622585
4.883333	0.200	-0.623485
4.886667	0.200	-0.625406
4.890000	0.200	-0.628821
4.893333	0.200	-0.633315
4.896667	0.200	-0.637999
4.900000	0.200	-0.642327
4.903333	0.200	-0.646309
4.906667	0.200	-0.650058
4.910000	0.200	-0.653482
4.913333	0.200	-0.656464
4.916667	0.200	-0.659142
4.920000	0.200	-0.661747
4.923333	0.200	-0.664093
4.926667	0.200	-0.665662
4.930000	0.200	-0.666319
4.933333	0.200	-0.666620
4.936667	0.200	-0.667324
4.940000	0.200	-0.668780
4.943333	0.200	-0.670700
4.946667	0.200	-0.672213
4.950000	0.200	-0.672409
4.953333	0.200	-0.671135
4.956667	0.200	-0.668876
4.960000	0.200	-0.666053
4.963333	0.200	-0.662757
4.966667	0.200	-0.658722
4.970000	0.200	-0.653459
4.973333	0.200	-0.646695
4.976667	0.200	-0.638670
4.980000	0.200	-0.630173
4.983333	0.200	-0.622250
4.986667	0.200	-0.615589
4.990000	0.200	-0.609629
4.993333	0.200	-0.601272
4.996667	0.200	-0.583694
5.000000	0.200	-0.545477
5.003333	0.200	-0.468912
5.006667	0.200	-0.326291
5.010000	0.200	-0.074111
5.013333	0.200	0.353164
5.016667	0.200	1.047255
5.020000	0.200	2.126439
5.023333	0.200	3.731814
5.026667	0.200	6.018831
5.030000	0.200	9.141952
5.033333	0.200	13.231339
5.036667	0.200	18.363987
5.040000	0.200	24.534302
5.043333	0.200	31.630406
5.046667	0.200	39.421824
5.050000	0.200	47.562699
5.053333	0.200	55.613470
5.056667	0.200	63.080681
5.060000	0.200	69.469771
5.063333	0.200	74.342936
5.066667	0.200	77.372863
5.070000	0.200	78.382234
5.073333	0.200	77.361826
5.076667	0.200	74.465027
5.080000	0.200	69.980345
5.083333	0.200	64.288238
5.086667	0.200	57.811455
5.090000	0.200	50.966834
5.093333	0.200	44.125051
5.096667	0.200	37.583689
5.100000	0.200	31.555646
5.103333	0.200	26.170016
5.106667	0.200	21.481552
5.110000	0.200	17.486134
5.113333	0.200	14.138639
5.116667	0.200	11.369689
5.120000	0.200	9.099750
5.123333	0.200	7.249439
5.126667	0.200	5.745754
5.130000	0.200	4.525281
5.133333	0.200	3.535138
5.136667	0.200	2.732467
5.140000	0.200	2.083074
5.143333	0.200	1.559376
5.146667	0.200	1.138564
5.150000	0.200	0.801412
5.153333	0.200	0.531730
5.156667	0.200	0.316395
5.160000	0.200	0.144973
5.163333	0.200	0.008819
5.166667	0.200	-0.099088
5.170000	0.200	-0.183889
5.173333	0.200	-0.249673
5.176667	0.200	-0.300773
5.180000	0.200	-0.341614
5.183333	0.200	-0.375410
5.186667	0.200	-0.403724
5.190000	0.200	-0.427239
5.193333	0.200	-0.446281
5.196667	0.200	-0.460816
5.200000	0.200	-0.470733
5.203333	0.200	-0.476229
5.206667	0.200	-0.477752
5.210000	0.200	-0.475588
5.213333	0.200	-0.469973
5.216667	0.200	-0.461970
5.220000	0.200	-0.453733
5.223333	0.200	-0.447746
5.226667	0.200	-0.445670
5.230000	0.200	-0.447745
5.233333	0.200	-0.453489
5.236667	0.200	-0.462532
5.240000	0.200	-0.474325
5.243333	0.200	-0.487589
5.246667	0.200	-0.500519
5.250000	0.200	-0.511281
5.253333	0.200	-0.518487
5.256667	0.200	-0.521950
5.260000	0.200	-0.522704
5.263333	0.200	-0.522156
5.266667	0.200	-0.521573
5.270000	0.200	-0.521791
5.273333	0.200	-0.522903
5.276667	0.200	-0.524321
5.280000	0.200	-0.525404
5.283333	0.200	-0.526176
5.286667	0.200	-0.527042
5.290000	0.200	-0.527927
5.293333	0.200	-0.528367
5.296667	0.200	-0.528203
5.300000	0.200	-0.527605
5.303333	0.200	-0.526572
5.306667	0.200	-0.524965
5.310000	0.200	-0.523213
5.313333	0.200	-0.522355
5.316667	0.200	-0.522975
5.320000	0.200	-0.524739
5.323333	0.200	-0.527187
5.326667	0.200	-0.530062
5.330000	0.200	-0.532900
5.333333	0.200	-0.535285
5.336667	0.200	-0.537168
5.340000	0.200	-0.538561
5.343333	0.200	-0.539555
5.346667	0.200	-0.540324
5.350000	0.200	-0.540685
5.353333	0.200	-0.540208
5.356667	0.200	-0.538583
5.360000	0.200	-0.535655
5.363333	0.200	-0.531685
5.366667	0.200	-0.527661
5.370000	0.200	-0.524912
5.373333	0.200	-0.524061
5.376667	0.200	-0.524516
5.380000	0.200	-0.525028
5.383333	0.200	-0.524312
5.386667	0.200	-0.521609
5.390000	0.200	-0.517331
5.393333	0.200	-0.512856
5.396667	0.200	-0.509635
5.400000	0.200	-0.508486
5.403333	0.200	-0.509288
5.406667	0.200	-0.511069
5.410000	0.200	-0.512683
5.413333	0.200	-0.513612
5.416667	0.200	-0.513901
5.420000	0.200	-0.513743
5.423333	0.200	-0.513574
5.426667	0.200	-0.513904
5.430000	0.200	-0.514824
5.433333	0.200	-0.516045
5.436667	0.200	-0.517150
5.440000	0.200	-0.517913
5.443333	0.200	-0.518540
5.446667	0.200	-0.519074
5.450000	0.200	-0.518890
5.453333	0.200	-0.517432
5.456667	0.200	-0.514855
5.460000	0.200	-0.511748
5.463333	0.200	-0.508830
5.466667	0.200	-0.507023
5.470000	0.200	-0.507423
5.473333	0.200	-0.510462
5.476667	0.200	-0.514964
5.480000	0.200	-0.518769
5.483333	0.200	-0.520360
5.486667	0.200	-0.519585
5.490000	0.200	-0.517334
5.493333	0.200	-0.514807
5.496667	0.200	-0.512714
5.500000	0.200	-0.511054
5.503333	0.200	-0.509654
5.506667	0.200	-0.508557
5.510000	0.200	-0.507858
5.513333	0.200	-0.507461
5.516667	0.200	-0.507155
5.520000	0.200	-0.506669
5.523333	0.200	-0.505426
5.526667	0.200	-0.502564
5.530000	0.200	-0.497606
5.533333	0.200	-0.491048
5.536667	0.200	-0.484113
5.540000	0.200	-0.478041
5.543333	0.200	-0.473524
5.546667	0.200	-0.470577
5.550000	0.200	-0.469142
5.553333	0.200	-0.469534
5.556667	0.200	-0.471791
5.560000	0.200	-0.474989
5.563333	0.200	-0.477563
5.566667	0.200	-0.478261
5.570000	0.200	-0.476983
5.573333	0.200	-0.474676
5.576667	0.200	-0.472553
5.580000	0.200	-0.471377
5.583333	0.200	-0.471051
5.586667	0.200	-0.470972
5.590000	0.200	-0.471047
5.593333	0.200	-0.471969
5.596667	0.200	-0.474286
5.600000	0.200	-0.477553
5.603333	0.200	-0.480508
5.606667	0.200	-0.481971
5.610000	0.200	-0.481711
5.613333	0.200	-0.480384
5.616667	0.200	-0.478755
5.620000	0.200	-0.477356
5.623333	0.200	-0.476557
5.626667	0.200	-0.476449
5.630000	0.200	-0.476717
5.633333	0.200	-0.476797
5.636667	0.200	-0.476280
5.640000	0.200	-0.475131
5.643333	0.200	-0.473622
5.646667	0.200	-0.472129
5.650000	0.200	-0.470814
5.653333	0.200	-0.469654
5.656667	0.200	-0.468898
5.660000	0.200	-0.468944
5.663333	0.200	-0.469626
5.666667	0.200	-0.470329
5.670000	0.200	-0.470871
5.673333	0.200	-0.471678
5.676667	0.200	-0.472963
5.680000	0.200	-0.474246
5.683333	0.200	-0.474984
5.686667	0.200	-0.475221
5.690000	0.200	-0.475157
5.693333	0.200	-0.474391
5.696667	0.200	-0.472297
5.700000	0.200	-0.469094
5.703333	0.200	-0.465897
5.706667	0.200	-0.463708
5.710000	0.200	-0.462689
5.713333	0.200	-0.462466
5.716667	0.200	-0.462789
5.720000	0.200	-0.463556
5.723333	0.200	-0.464468
5.726667	0.200	-0.465107
5.730000	0.200	-0.465132
5.733333	0.200	-0.464219
5.736667	0.200	-0.462194
5.740000	0.200	-0.459184
5.743333	0.200	-0.455434
5.746667	0.200	-0.451376
5.750000	0.200	-0.447846
5.753333	0.200	-0.445506
5.756667	0.200	-0.444062
5.760000	0.200	-0.442673
5.763333	0.200	-0.441176
5.766667	0.200	-0.440292
5.770000	0.200	-0.440611
5.773333	0.200	-0.442137
5.776667	0.200	-0.444528
5.780000	0.200	-0.447099
5.783333	0.200	-0.449150
5.786667	0.200	-0.450428
5.790000	0.200	-0.450758
5.793333	0.200	-0.449718
5.796667	0.200	-0.447238
5.800000	0.200	-0.443928
5.803333	0.200	-0.440357
5.806667	0.200	-0.436537
5.810000	0.200	-0.432352
5.813333	0.200	-0.427778
5.816667	0.200	-0.422755
5.820000	0.200	-0.417627
5.823333	0.200	-0.413264
5.826667	0.200	-0.410120
5.830000	0.200	-0.407903
5.833333	0.200	-0.406371
5.836667	0.200	-0.405766
5.840000	0.200	-0.406484
5.843333	0.200	-0.408524
5.846667	0.200	-0.411336
5.850000	0.200	-0.414321
5.853333	0.200	-0.417295
5.856667	0.200	-0.420254
5.860000	0.200	-0.423057
5.863333	0.200	-0.425594
5.866667	0.200	-0.427821
5.870000	0.200	-0.429755
5.873333	0.200	-0.431640
5.876667	0.200	-0.433467
5.880000	0.200	-0.434607
5.883333	0.200	-0.434510
5.886667	0.200	-0.433340
5.890000	0.200	-0.431864
5.893333	0.200	-0.430914
5.896667	0.200	-0.430817
5.900000	0.200	-0.431203
5.903333	0.200	-0.431414
5.906667	0.200	-0.431105
5.910000	0.200	-0.430262
5.913333	0.200	-0.428826
5.916667	0.200	-0.426635
5.920000	0.200	-0.423546
5.923333	0.200	-0.419550
5.926667	0.200	-0.414888
5.930000	0.200	-0.410125
5.933333	0.200	-0.406064
5.936667	0.200	-0.403578
5.940000	0.200	-0.403533
5.943333	0.200	-0.406281
5.946667	0.200	-0.410853
5.950000	0.200	-0.415364
5.953333	0.200	-0.418284
5.956667	0.200	-0.418965
5.960000	0.200	-0.417574
5.963333	0.200	-0.414966
5.966667	0.200	-0.411916
5.970000	0.200	-0.408428
5.973333	0.200	-0.404456
5.976667	0.200	-0.400634
5.980000	0.200	-0.397618
5.983333	0.200	-0.395353
5.986667	0.200	-0.393333
5.990000	0.200	-0.391337
5.993333	0.200	-0.389932
5.996667	0.200	-0.390193
6.000000	0.200	-0.392465
6.003333	0.200	-0.395525
6.006667	0.200	-0.397568
6.010000	0.200	-0.397948
6.013333	0.200	-0.397378
6.016667	0.200	-0.396606
6.020000	0.200	-0.395782
6.023333	0.200	-0.395042
6.026667	0.200	-0.394770
6.030000	0.200	-0.395340
6.033333	0.200	-0.396739
6.036667	0.200	-0.398397
6.040000	0.200	-0.399736
6.043333	0.200	-0.400562
6.046667	0.200	-0.400754
6.050000	0.200	-0.400318
6.053333	0.200	-0.399710
6.056667	0.200	-0.399689
6.060000	0.200	-0.400915
6.063333	0.200	-0.403459
6.066667	0.200	-0.406337
6.070000	0.200	-0.407903
6.073333	0.200	-0.407288
6.076667	0.200	-0.405045
6.080000	0.200	-0.402068
6.083333	0.200	-0.398757
6.086667	0.200	-0.395408
6.090000	0.200	-0.392422
6.093333	0.200	-0.390027
6.096667	0.200	-0.388342
6.100000	0.200	-0.387508
6.103333	0.200	-0.387118
6.106667	0.200	-0.385824
6.110000	0.200	-0.382280
6.113333	0.200	-0.376157
6.116667	0.200	-0.367805
6.120000	0.200	-0.357600
6.123333	0.200	-0.346026
6.126667	0.200	-0.334071
6.130000	0.200	-0.323392
6.133333	0.200	-0.315862
6.136667	0.200	-0.312603
6.140000	0.200	-0.313420
6.143333	0.200	-0.317165
6.146667	0.200	-0.322622
6.150000	0.200	-0.328988
6.153333	0.200	-0.335597
6.156667	0.200	-0.341848
6.160000	0.200	-0.347600
6.163333	0.200	-0.352963
6.166667	0.200	-0.357913
6.170000	0.200	-0.362539
6.173333	0.200	-0.367170
6.176667	0.200	-0.372062
6.180000	0.200	-0.377091
6.183333	0.200	-0.381629
6.186667	0.200	-0.384871
6.190000	0.200	-0.386389
6.193333	0.200	-0.386509
6.196667	0.200	-0.386312
6.200000	0.200	-0.386729
6.203333	0.200	-0.387588
6.206667	0.200	-0.387955
6.210000	0.200	-0.387116
6.213333	0.200	-0.385139
6.216667	0.200	-0.382600
6.220000	0.200	-0.379997
6.223333	0.200	-0.377842
6.226667	0.200	-0.376835
6.230000	0.200	-0.377223
6.233333	0.200	-0.378388
6.236667	0.200	-0.379378
6.240000	0.200	-0.379627
6.243333	0.200	-0.379221
6.246667	0.200	-0.378757
6.250000	0.200	-0.379002
6.253333	0.200	-0.380271
6.256667	0.200	-0.382031
6.260000	0.200	-0.383374
6.263333	0.200	-0.383612
6.266667	0.200	-0.382267
6.270000	0.200	-0.378908
6.273333	0.200	-0.373494
6.276667	0.200	-0.366785
6.280000	0.200	-0.360037
6.283333	0.200	-0.354090
6.286667	0.200	-0.348672
6.290000	0.200	-0.342805
6.293333	0.200	-0.336066
6.296667	0.200	-0.329318
6.300000	0.200	-0.324094
6.303333	0.200	-0.321485
6.306667	0.200	-0.321636
6.310000	0.200	-0.324054
6.313333	0.200	-0.328240
6.316667	0.200	-0.333748
6.320000	0.200	-0.339726
6.323333	0.200	-0.345324
6.326667	0.200	-0.350511
6.330000	0.200	-0.355790
6.333333	0.200	-0.361378
6.336667	0.200	-0.366871
6.340000	0.200	-0.371513
6.343333	0.200	-0.374553
6.346667	0.200	-0.375455
6.350000	0.200	-0.374227
6.353333	0.200	-0.371529
6.356667	0.200	-0.368444
6.360000	0.200	-0.365958
6.363333	0.200	-0.364253
6.366667	0.200	-0.362847
6.370000	0.200	-0.361385
6.373333	0.200	-0.359930
6.376667	0.200	-0.358836
6.380000	0.200	-0.358480
6.383333	0.200	-0.358927
6.386667	0.200	-0.360113
6.390000	0.200	-0.362230
6.393333	0.200	-0.365331
6.396667	0.200	-0.368678
6.400000	0.200	-0.371169
6.403333	0.200	-0.372453
6.406667	0.200	-0.373083
6.410000	0.200	-0.373511
6.413333	0.200	-0.373494
6.416667	0.200	-0.372627
6.420000	0.200	-0.370967
6.423333	0.200	-0.368952
6.426667	0.200	-0.366863
6.430000	0.200	-0.364556
6.433333	0.200	-0.361940
6.436667	0.200	-0.359397
6.440000	0.200	-0.357317
6.443333	0.200	-0.355780
6.446667	0.200	-0.354792
6.450000	0.200	-0.354141
6.453333	0.200	-0.353336
6.456667	0.200	-0.352231
6.460000	0.200	-0.351233
6.463333	0.200	-0.350786
6.466667	0.200	-0.350956
6.470000	0.200	-0.351453
6.473333	0.200	-0.351921
6.476667	0.200	-0.352201
6.480000	0.200	-0.352354
6.483333	0.200	-0.352636
6.486667	0.200	-0.353370
6.490000	0.200	-0.354593
6.493333	0.200	-0.355826
6.496667	0.200	-0.356386
6.500000	0.200	-0.356061
6.503333	0.200	-0.355273
6.506667	0.200	-0.354412
6.510000	0.200	-0.353551
6.513333	0.200	-0.352915
6.516667	0.200	-0.352833
6.520000	0.200	-0.353168
6.523333	0.200	-0.353494
6.526667	0.200	-0.353781
6.530000	0.200	-0.354274
6.533333	0.200	-0.355025
6.536667	0.200	-0.355986
6.540000	0.200	-0.357091
6.543333	0.200	-0.358021
6.546667	0.200	-0.358097
6.550000	0.200	-0.356622
6.553333	0.200	-0.353580
6.556667	0.200	-0.350237
6.560000	0.200	-0.348555
6.563333	0.200	-0.349379
6.566667	0.200	-0.351762
6.570000	0.200	-0.354144
6.573333	0.200	-0.355427
6.576667	0.200	-0.355271
6.580000	0.200	-0.354003
6.583333	0.200	-0.352202
6.586667	0.200	-0.350491
6.590000	0.200	-0.349345
6.593333	0.200	-0.348499
6.596667	0.200	-0.347075
6.600000	0.200	-0.344815
6.603333	0.200	-0.342817
6.606667	0.200	-0.342721
6.610000	0.200	-0.344918
6.613333	0.200	-0.347968
6.616667	0.200	-0.350254
6.620000	0.200	-0.351374
6.623333	0.200	-0.351640
6.626667	0.200	-0.351395
6.630000	0.200	-0.351054
6.633333	0.200	-0.350902
6.636667	0.200	-0.350800
6.640000	0.200	-0.350546
6.643333	0.200	-0.350206
6.646667	0.200	-0.349803
6.650000	0.200	-0.348973
6.653333	0.200	-0.347274
6.656667	0.200	-0.344856
6.660000	0.200	-0.342434
6.663333	0.200	-0.340664
6.666667	0.200	-0.340000
6.670000	0.200	-0.340655
6.673333	0.200	-0.342250
6.676667	0.200	-0.343918
6.680000	0.200	-0.344888
6.683333	0.200	-0.345016
6.686667	0.200	-0.344745
6.690000	0.200	-0.344391
6.693333	0.200	-0.343840
6.696667	0.200	-0.342981
6.700000	0.200	-0.341935
6.703333	0.200	-0.340915
6.706667	0.200	-0.340287
6.710000	0.200	-0.340640
6.713333	0.200	-0.342195
6.716667	0.200	-0.344508
6.720000	0.200	-0.347038
6.723333	0.200	-0.349415
6.726667	0.200	-0.351291
6.730000	0.200	-0.352337
6.733333	0.200	-0.352379
6.736667	0.200	-0.351762
6.740000	0.200	-0.351249
6.743333	0.200	-0.350947
6.746667	0.200	-0.349844
6.750000	0.200	-0.347033
6.753333	0.200	-0.342993
6.756667	0.200	-0.339288
6.760000	0.200	-0.337278
6.763333	0.200	-0.337223
6.766667	0.200	-0.338355
6.770000	0.200	-0.339756
6.773333	0.200	-0.340984
6.776667	0.200	-0.341763
6.780000	0.200	-0.341677
6.783333	0.200	-0.340641
6.786667	0.200	-0.339362
6.790000	0.200	-0.338812
6.793333	0.200	-0.339346
6.796667	0.200	-0.340686
6.800000	0.200	-0.342235
6.803333	0.200	-0.343113
6.806667	0.200	-0.342701
6.810000	0.200	-0.341192
6.813333	0.200	-0.339022
6.816667	0.200	-0.336100
6.820000	0.200	-0.332198
6.823333	0.200	-0.327666
6.826667	0.200	-0.323059
6.830000	0.200	-0.318393
6.833333	0.200	-0.313283
6.836667	0.200	-0.307599
6.840000	0.200	-0.301734
6.843333	0.200	-0.296399
6.846667	0.200	-0.292425
6.850000	0.200	-0.290603
6.853333	0.200	-0.291227
6.856667	0.200	-0.293660
6.860000	0.200	-0.296850
6.863333	0.200	-0.300529
6.866667	0.200	-0.305151
6.870000	0.200	-0.310454
6.873333	0.200	-0.315064
6.876667	0.200	-0.317314
6.880000	0.200	-0.315449
6.883333	0.200	-0.306707
6.886667	0.200	-0.285931
6.890000	0.200	-0.244008
6.893333	0.200	-0.166223
6.896667	0.200	-0.030329
6.900000	0.200	0.196466
6.903333	0.200	0.561257
6.906667	0.200	1.128237
6.910000	0.200	1.979525
6.913333	0.200	3.213704
6.916667	0.200	4.941615
6.920000	0.200	7.278730
6.923333	0.200	10.332624
6.926667	0.200	14.185447
6.930000	0.200	18.874588
6.933333	0.200	24.375101
6.936667	0.200	30.586202
6.940000	0.200	37.324009
6.943333	0.200	44.324044
6.946667	0.200	51.256634
6.950000	0.200	57.753685
6.953333	0.200	63.442278
6.956667	0.200	67.981178
6.960000	0.200	71.096295
6.963333	0.200	72.610151
6.966667	0.200	72.460336
6.970000	0.200	70.703866
6.973333	0.200	67.507303
6.976667	0.200	63.124012
6.980000	0.200	57.862609
6.983333	0.200	52.052761
6.986667	0.200	46.013114
6.990000	0.200	40.024972
6.993333	0.200	34.314686
6.996667	0.200	29.045742
7.000000	0.200	24.319317
7.003333	0.200	20.180810
7.006667	0.200	16.630050
7.010000	0.200	13.633402
7.013333	0.200	11.136289
7.016667	0.200	9.074373
7.020000	0.200	7.381749
7.023333	0.200	5.996157
7.026667	0.200	4.862254
7.030000	0.200	3.933199
7.033333	0.200	3.170712
7.036667	0.200	2.544273
7.040000	0.200	2.029604
7.043333	0.200	1.607034
7.046667	0.200	1.260646
7.050000	0.200	0.977651
7.053333	0.200	0.747351
7.056667	0.200	0.560419
7.060000	0.200	0.408703
7.063333	0.200	0.285259
7.066667	0.200	0.184572
7.070000	0.200	0.102502
7.073333	0.200	0.035907
7.076667	0.200	-0.017767
7.080000	0.200	-0.060869
7.083333	0.200	-0.095817
7.086667	0.200	-0.124944
7.090000	0.200	-0.149773
7.093333	0.200	-0.170614
7.096667	0.200	-0.187190
7.100000	0.200	-0.199707
7.103333	0.200	-0.209436
7.106667	0.200	-0.218286
7.110000	0.200	-0.227498
7.113333	0.200	-0.236833
7.116667	0.200	-0.245291
7.120000	0.200	-0.252164
7.123333	0.200	-0.257203
7.126667	0.200	-0.260352
7.130000	0.200	-0.261761
7.133333	0.200	-0.262065
7.136667	0.200	-0.262290
7.140000	0.200	-0.263369
7.143333	0.200	-0.265832
7.146667	0.200	-0.269590
7.150000	0.200	-0.273835
7.153333	0.200	-0.277459
7.156667	0.200	-0.279804
7.160000	0.200	-0.281068
7.163333	0.200	-0.282135
7.166667	0.200	-0.283964
7.170000	0.200	-0.286778
7.173333	0.200	-0.289796
7.176667	0.200	-0.291860
7.180000	0.200	-0.292546
7.183333	0.200	-0.292896
7.186667	0.200	-0.294739
7.190000	0.200	-0.298736
7.193333	0.200	-0.303462
7.196667	0.200	-0.306960
7.200000	0.200	-0.308528
7.203333	0.200	-0.308642
7.206667	0.200	-0.308176
7.210000	0.200	-0.308131
7.213333	0.200	-0.309411
7.216667	0.200	-0.312287
7.220000	0.200	-0.315990
7.223333	0.200	-0.319356
7.226667	0.200	-0.321740
7.230000	0.200	-0.322888
7.233333	0.200	-0.322881
7.236667	0.200	-0.322562
7.240000	0.200	-0.323072
7.243333	0.200	-0.324865
7.246667	0.200	-0.327318
7.250000	0.200	-0.329250
7.253333	0.200	-0.329869
7.256667	0.200	-0.329228
7.260000	0.200	-0.328011
7.263333	0.200	-0.327038
7.266667	0.200	-0.326854
7.270000	0.200	-0.327756
7.273333	0.200	-0.329811
7.276667	0.200	-0.332478
7.280000	0.200	-0.334630
7.283333	0.200	-0.335454
7.286667	0.200	-0.335194
7.290000	0.200	-0.334762
7.293333	0.200	-0.334936
7.296667	0.200	-0.336128
7.300000	0.200	-0.338294
7.303333	0.200	-0.340779
7.306667	0.200	-0.342648
7.310000	0.200	-0.343253
7.313333	0.200	-0.342589
7.316667	0.200	-0.341271
7.320000	0.200	-0.339959
7.323333	0.200	-0.338839
7.326667	0.200	-0.337919
7.330000	0.200	-0.337534
7.333333	0.200	-0.338258
7.336667	0.200	-0.340250
7.340000	0.200	-0.342799
7.343333	0.200	-0.344802
7.346667	0.200	-0.345546
7.350000	0.200	-0.344823
7.353333	0.200	-0.342847
7.356667	0.200	-0.340449
7.360000	0.200	-0.338980
7.363333	0.200	-0.339435
7.366667	0.200	-0.341591
7.370000	0.200	-0.344301
7.373333	0.200	-0.346635
7.376667	0.200	-0.348337
7.380000	0.200	-0.349306
7.383333	0.200	-0.349308
7.386667	0.200	-0.348432
7.390000	0.200	-0.347264
7.393333	0.200	-0.346445
7.396667	0.200	-0.346381
7.400000	0.200	-0.347096
7.403333	0.200	-0.348106
7.406667	0.200	-0.348797
7.410000	0.200	-0.348857
7.413333	0.200	-0.348108
7.416667	0.200	-0.346358
7.420000	0.200	-0.343930
7.423333	0.200	-0.341891
7.426667	0.200	-0.341123
7.430000	0.200	-0.341485
7.433333	0.200	-0.342353
7.436667	0.200	-0.343545
7.440000	0.200	-0.345213
7.443333	0.200	-0.347278
7.446667	0.200	-0.349352
7.450000	0.200	-0.350943
7.453333	0.200	-0.351891
7.456667	0.200	-0.352724
7.460000	0.200	-0.353953
7.463333	0.200	-0.355174
7.466667	0.200	-0.355716
7.470000	0.200	-0.355676
7.473333	0.200	-0.355567
7.476667	0.200	-0.355617
7.480000	0.200	-0.355744
7.483333	0.200	-0.355736
7.486667	0.200	-0.355513
7.490000	0.200	-0.355306
7.493333	0.200	-0.355601
7.496667	0.200	-0.356720
7.500000	0.200	-0.358287
7.503333	0.200	-0.359467
7.506667	0.200	-0.359861
7.510000	0.200	-0.359891
7.513333	0.200	-0.360387
7.516667	0.200	-0.361933
7.520000	0.200	-0.364458
7.523333	0.200	-0.367325
7.526667	0.200	-0.369849
7.530000	0.200	-0.371743
7.533333	0.200	-0.372905
7.536667	0.200	-0.373106
7.540000	0.200	-0.372495
7.543333	0.200	-0.372047
7.546667	0.200	-0.372774
7.550000	0.200	-0.374517
7.553333	0.200	-0.376107
7.556667	0.200	-0.376738
7.560000	0.200	-0.376486
7.563333	0.200	-0.375691
7.566667	0.200	-0.374547
7.570000	0.200	-0.373216
7.573333	0.200	-0.372189
7.576667	0.200	-0.372256
7.580000	0.200	-0.373571
7.583333	0.200	-0.375212
7.586667	0.200	-0.376226
7.590000	0.200	-0.376508
7.593333	0.200	-0.376134
7.596667	0.200	-0.374748
7.600000	0.200	-0.372351
7.603333	0.200	-0.369839
7.606667	0.200	-0.368227
7.610000	0.200	-0.368138
7.613333	0.200	-0.369972
7.616667	0.200	-0.373575
7.620000	0.200	-0.377770
7.623333	0.200	-0.380937
7.626667	0.200	-0.382021
7.630000	0.200	-0.380873
7.633333	0.200	-0.378001
7.636667	0.200	-0.374394
7.640000	0.200	-0.371276
7.643333	0.200	-0.369477
7.646667	0.200	-0.369080
7.650000	0.200	-0.369819
7.653333	0.200	-0.371493
7.656667	0.200	-0.373797
7.660000	0.200	-0.376045
7.663333	0.200	-0.377665
7.666667	0.200	-0.378837
7.670000	0.200	-0.379985
7.673333	0.200	-0.380995
7.676667	0.200	-0.381599
7.680000	0.200	-0.381886
7.683333	0.200	-0.382064
7.686667	0.200	-0.382270
7.690000	0.200	-0.382644
7.693333	0.200	-0.383385
7.696667	0.200	-0.384540
7.700000	0.200	-0.385570
7.703333	0.200	-0.385589
7.706667	0.200	-0.384340
7.710000	0.200	-0.382494
7.713333	0.200	-0.380776
7.716667	0.200	-0.379357
7.720000	0.200	-0.378246
7.723333	0.200	-0.377747
7.726667	0.200	-0.378356
7.730000	0.200	-0.380367
7.733333	0.200	-0.383481
7.736667	0.200	-0.386712
7.740000	0.200	-0.388783
7.743333	0.200	-0.389008
7.746667	0.200	-0.387797
7.750000	0.200	-0.386116
7.753333	0.200	-0.384677
7.756667	0.200	-0.383647
7.760000	0.200	-0.382619
7.763333	0.200	-0.381014
7.766667	0.200	-0.378929
7.770000	0.200	-0.377028
7.773333	0.200	-0.375599
7.776667	0.200	-0.374529
7.780000	0.200	-0.373931
7.783333	0.200	-0.374183
7.786667	0.200	-0.375652
7.790000	0.200	-0.378447
7.793333	0.200	-0.381909
7.796667	0.200	-0.384539
7.800000	0.200	-0.385187
7.803333	0.200	-0.384088
7.806667	0.200	-0.382501
7.810000	0.200	-0.381725
7.813333	0.200	-0.382386
7.816667	0.200	-0.384255
7.820000	0.200	-0.386546
7.823333	0.200	-0.388348
7.826667	0.200	-0.388864
7.830000	0.200	-0.387712
7.833333	0.200	-0.385165
7.836667	0.200	-0.381835
7.840000	0.200	-0.378224
7.843333	0.200	-0.374494
7.846667	0.200	-0.370458
7.850000	0.200	-0.366046
7.853333	0.200	-0.361565
7.856667	0.200	-0.357397
7.860000	0.200	-0.353928
7.863333	0.200	-0.351708
7.866667	0.200	-0.351268
7.870000	0.200	-0.352766
7.873333	0.200	-0.355976
7.876667	0.200	-0.360393
7.880000	0.200	-0.365113
7.883333	0.200	-0.369008
7.886667	0.200	-0.371559
7.890000	0.200	-0.373301
7.893333	0.200	-0.375123
7.896667	0.200	-0.377431
7.900000	0.200	-0.380034
7.903333	0.200	-0.382448
7.906667	0.200	-0.384356
7.910000	0.200	-0.385968
7.913333	0.200	-0.387934
7.916667	0.200	-0.390686
7.920000	0.200	-0.393933
7.923333	0.200	-0.397052
7.926667	0.200	-0.399748
7.930000	0.200	-0.402022
7.933333	0.200	-0.403891
7.936667	0.200	-0.405387
7.940000	0.200	-0.406634
7.943333	0.200	-0.407542
7.946667	0.200	-0.407671
7.950000	0.200	-0.406962
7.953333	0.200	-0.406179
7.956667	0.200	-0.405971
7.960000	0.200	-0.406067
7.963333	0.200	-0.406003
7.966667	0.200	-0.405821
7.970000	0.200	-0.405590
7.973333	0.200	-0.405082
7.976667	0.200	-0.404126
7.980000	0.200	-0.402841
7.983333	0.200	-0.401731
7.986667	0.200	-0.401564
7.990000	0.200	-0.402821
7.993333	0.200	-0.405522
7.996667	0.200	-0.409422
8.000000	0.200	-0.413725
8.003333	0.200	-0.417192
8.006667	0.200	-0.419253
8.010000	0.200	-0.420484
8.013333	0.200	-0.421701
8.016667	0.200	-0.423069
8.020000	0.200	-0.424266
8.023333	0.200	-0.425259
8.026667	0.200	-0.426523
8.030000	0.200	-0.428250
8.033333	0.200	-0.429824
8.036667	0.200	-0.430388
8.040000	0.200	-0.429478
8.043333	0.200	-0.427236
8.046667	0.200	-0.424236
8.050000	0.200	-0.420894
8.053333	0.200	-0.417215
8.056667	0.200	-0.413506
8.060000	0.200	-0.410783
8.063333	0.200	-0.409910
8.066667	0.200	-0.410601
8.070000	0.200	-0.411325
8.073333	0.200	-0.410079
8.076667	0.200	-0.405588
8.080000	0.200	-0.397844
8.083333	0.200	-0.387528
8.086667	0.200	-0.375673
8.090000	0.200	-0.364068
8.093333	0.200	-0.354977
8.096667	0.200	-0.350048
8.100000	0.200	-0.349776
8.103333	0.200	-0.353679
8.106667	0.200	-0.360665
8.110000	0.200	-0.369500
8.113333	0.200	-0.379375
8.116667	0.200	-0.390030
8.120000	0.200	-0.401141
8.123333	0.200	-0.411677
8.126667	0.200	-0.420153
8.130000	0.200	-0.425673
8.133333	0.200	-0.428606
8.136667	0.200	-0.430094
8.140000	0.200	-0.430904
8.143333	0.200	-0.431067
8.146667	0.200	-0.430561
8.150000	0.200	-0.429535
8.153333	0.200	-0.428031
8.156667	0.200	-0.426192
8.160000	0.200	-0.424502
8.163333	0.200	-0.423411
8.166667	0.200	-0.422807
8.170000	0.200	-0.421888
8.173333	0.200	-0.419722
8.176667	0.200	-0.416023
8.180000	0.200	-0.411257
8.183333	0.200	-0.406057
8.186667	0.200	-0.400996
8.190000	0.200	-0.396834
8.193333	0.200	-0.394198
8.196667	0.200	-0.392850
8.200000	0.200	-0.391889
8.203333	0.200	-0.390733
8.206667	0.200	-0.389542
8.210000	0.200	-0.389068
8.213333	0.200	-0.390321
8.216667	0.200	-0.393818
8.220000	0.200	-0.399129
8.223333	0.200	-0.405310
8.226667	0.200	-0.411516
8.230000	0.200	-0.417373
8.233333	0.200	-0.422846
8.236667	0.200	-0.427707
8.240000	0.200	-0.431495
8.243333	0.200	-0.433912
8.246667	0.200	-0.434944
8.250000	0.200	-0.434703
8.253333	0.200	-0.433484
8.256667	0.200	-0.432067
8.260000	0.200	-0.431460
8.263333	0.200	-0.432051
8.266667	0.200	-0.433436
8.270000	0.200	-0.435000
8.273333	0.200	-0.436177
8.276667	0.200	-0.436351
8.280000	0.200	-0.435145
8.283333	0.200	-0.432774
8.286667	0.200	-0.429917
8.290000	0.200	-0.427603
8.293333	0.200	-0.426854
8.296667	0.200	-0.427749
8.300000	0.200	-0.429319
8.303333	0.200	-0.430866
8.306667	0.200	-0.432711
8.310000	0.200	-0.435220
8.313333	0.200	-0.437831
8.316667	0.200	-0.439468
8.320000	0.200	-0.439509
8.323333	0.200	-0.438232
8.326667	0.200	-0.436416
8.330000	0.200	-0.434644
8.333333	0.200	-0.433183
8.336667	0.200	-0.432227
8.340000	0.200	-0.432071
8.343333	0.200	-0.433045
8.346667	0.200	-0.435206
8.350000	0.200	-0.438113
8.353333	0.200	-0.440984
8.356667	0.200	-0.443363
8.360000	0.200	-0.445546
8.363333	0.200	-0.447844
8.366667	0.200	-0.449871
8.370000	0.200	-0.451033
8.373333	0.200	-0.451236
8.376667	0.200	-0.451117
8.380000	0.200	-0.451608
8.383333	0.200	-0.453021
8.386667	0.200	-0.454775
8.390000	0.200	-0.456140
8.393333	0.200	-0.456857
8.396667	0.200	-0.456947
8.400000	0.200	-0.456567
8.403333	0.200	-0.456132
8.406667	0.200	-0.455927
8.410000	0.200	-0.455725
8.413333	0.200	-0.455133
8.416667	0.200	-0.454064
8.420000	0.200	-0.452866
8.423333	0.200	-0.452245
8.426667	0.200	-0.452935
8.430000	0.200	-0.455238
8.433333	0.200	-0.458742
8.436667	0.200	-0.462559
8.440000	0.200	-0.465920
8.443333	0.200	-0.468325
8.446667	0.200	-0.469474
8.450000	0.200	-0.469654
8.453333	0.200	-0.469689
8.456667	0.200	-0.470095
8.460000	0.200	-0.470812
8.463333	0.200	-0.471615
8.466667	0.200	-0.472189
8.470000	0.200	-0.472089
8.473333	0.200	-0.471002
8.476667	0.200	-0.469092
8.480000	0.200	-0.467052
8.483333	0.200	-0.465764
8.486667	0.200	-0.465630
8.490000	0.200	-0.466069
8.493333	0.200	-0.466065
8.496667	0.200	-0.465320
8.500000	0.200	-0.464515
8.503333	0.200	-0.464355
8.506667	0.200	-0.464776
8.510000	0.200	-0.465246
8.513333	0.200	-0.465557
8.516667	0.200	-0.465880
8.520000	0.200	-0.466102
8.523333	0.200	-0.465749
8.526667	0.200	-0.464740
8.530000	0.200	-0.463789
8.533333	0.200	-0.463929
8.536667	0.200	-0.465705
8.540000	0.200	-0.468810
8.543333	0.200	-0.472366
8.546667	0.200	-0.475445
8.550000	0.200	-0.477416
8.553333	0.200	-0.478240
8.556667	0.200	-0.478513
8.560000	0.200	-0.478827
8.563333	0.200	-0.479019
8.566667	0.200	-0.478447
8.570000	0.200	-0.476969
8.573333	0.200	-0.475218
8.576667	0.200	-0.474037
8.580000	0.200	-0.473850
8.583333	0.200	-0.474468
8.586667	0.200	-0.475542
8.590000	0.200	-0.477046
8.593333	0.200	-0.478904
8.596667	0.200	-0.480410
8.600000	0.200	-0.480698
8.603333	0.200	-0.479790
8.606667	0.200	-0.478618
8.610000	0.200	-0.478092
8.613333	0.200	-0.478721
8.616667	0.200	-0.480634
8.620000	0.200	-0.483315
8.623333	0.200	-0.485766
8.626667	0.200	-0.487083
8.630000	0.200	-0.486724
8.633333	0.200	-0.484704
8.636667	0.200	-0.481847
8.640000	0.200	-0.479323
8.643333	0.200	-0.477831
8.646667	0.200	-0.477467
8.650000	0.200	-0.478048
8.653333	0.200	-0.479147
8.656667	0.200	-0.480166
8.660000	0.200	-0.480599
8.663333	0.200	-0.480017
8.666667	0.200	-0.478107
8.670000	0.200	-0.475219
8.673333	0.200	-0.472554
8.676667	0.200	-0.471282
8.680000	0.200	-0.471654
8.683333	0.200	-0.473108
8.686667	0.200	-0.474926
8.690000	0.200	-0.476721
8.693333	0.200	-0.478308
8.696667	0.200	-0.479403
8.700000	0.200	-0.480141
8.703333	0.200	-0.481431
8.706667	0.200	-0.483860
8.710000	0.200	-0.486782
8.713333	0.200	-0.489040
8.716667	0.200	-0.489956
8.720000	0.200	-0.489600
8.723333	0.200	-0.488700
8.726667	0.200	-0.488155
8.730000	0.200	-0.488419
8.733333	0.200	-0.489365
8.736667	0.200	-0.490720
8.740000	0.200	-0.492311
8.743333	0.200	-0.493615
8.746667	0.200	-0.493693
8.750000	0.200	-0.492082
8.753333	0.200	-0.489430
8.756667	0.200	-0.487042
8.760000	0.200	-0.485886
8.763333	0.200	-0.486210
8.766667	0.200	-0.487815
8.770000	0.200	-0.489926
8.773333	0.200	-0.491502
8.776667	0.200	-0.492447
8.780000	0.200	-0.493341
8.783333	0.200	-0.494009
8.786667	0.200	-0.493730
8.790000	0.200	-0.492426
8.793333	0.200	-0.490770
8.796667	0.200	-0.489583
8.800000	0.200	-0.489558
8.803333	0.200	-0.491084
8.806667	0.200	-0.493947
8.810000	0.200	-0.497561
8.813333	0.200	-0.501579
8.816667	0.200	-0.505811
8.820000	0.200	-0.509638
8.823333	0.200	-0.512232
8.826667	0.200	-0.513362
8.830000	0.200	-0.513522
8.833333	0.200	-0.513495
8.836667	0.200	-0.514028
8.840000	0.200	-0.515629
8.843333	0.200	-0.518508
8.846667	0.200	-0.522567
8.850000	0.200	-0.527276
8.853333	0.200	-0.531721
8.856667	0.200	-0.535037
8.860000	0.200	-0.537028
8.863333	0.200	-0.538207
8.866667	0.200	-0.538967
8.870000	0.200	-0.539033
8.873333	0.200	-0.537587
8.876667	0.200	-0.533563
8.880000	0.200	-0.526178
8.883333	0.200	-0.515425
8.886667	0.200	-0.502014
8.890000	0.200	-0.487153
8.893333	0.200	-0.472508
8.896667	0.200	-0.460115
8.900000	0.200	-0.451963
8.903333	0.200	-0.449252
8.906667	0.200	-0.452079
8.910000	0.200	-0.459887
8.913333	0.200	-0.471854
8.916667	0.200	-0.487169
8.920000	0.200	-0.505284
8.923333	0.200	-0.525417
8.926667	0.200	-0.545927
8.930000	0.200	-0.564697
8.933333	0.200	-0.580072
8.936667	0.200	-0.591513
8.940000	0.200	-0.599545
8.943333	0.200	-0.605102
8.946667	0.200	-0.609024
8.950000	0.200	-0.611870
8.953333	0.200	-0.613901
8.956667	0.200	-0.615288
8.960000	0.200	-0.616313
8.963333	0.200	-0.617438
8.966667	0.200	-0.619132
8.970000	0.200	-0.621570
8.973333	0.200	-0.624425
8.976667	0.200	-0.626780
8.980000	0.200	-0.627456
8.983333	0.200	-0.625925
8.986667	0.200	-0.622788
8.990000	0.200	-0.619318
8.993333	0.200	-0.616900
8.996667	0.200	-0.616540
9.000000	0.200	-0.618109
9.003333	0.200	-0.619895
9.006667	0.200	-0.619178
9.010000	0.200	-0.613754
9.013333	0.200	-0.603405
9.016667	0.200	-0.589968
9.020000	0.200	-0.575897
9.023333	0.200	-0.563070
9.026667	0.200	-0.552779
9.030000	0.200	-0.546000
9.033333	0.200	-0.543399
9.036667	0.200	-0.545179
9.040000	0.200	-0.550925
9.043333	0.200	-0.559843
9.046667	0.200	-0.571208
9.050000	0.200	-0.584152
9.053333	0.200	-0.597034
9.056667	0.200	-0.607680
9.060000	0.200	-0.614590
9.063333	0.200	-0.617927
9.066667	0.200	-0.619551
9.070000	0.200	-0.621951
9.073333	0.200	-0.626563
9.076667	0.200	-0.633006
9.080000	0.200	-0.639807
9.083333	0.200	-0.645323
9.086667	0.200	-0.648321
9.090000	0.200	-0.648490
9.093333	0.200	-0.646530
9.096667	0.200	-0.643827
9.100000	0.200	-0.641876
9.103333	0.200	-0.641573
9.106667	0.200	-0.642854
9.110000	0.200	-0.644903
9.113333	0.200	-0.646788
9.116667	0.200	-0.648127
9.120000	0.200	-0.649087
9.123333	0.200	-0.649837
9.126667	0.200	-0.650397
9.130000	0.200	-0.650886
9.133333	0.200	-0.651424
9.136667	0.200	-0.651799
9.140000	0.200	-0.651534
9.143333	0.200	-0.650441
9.146667	0.200	-0.648991
9.150000	0.200	-0.648109
9.153333	0.200	-0.648599
9.156667	0.200	-0.650657
9.160000	0.200	-0.653786
9.163333	0.200	-0.656878
9.166667	0.200	-0.658555
9.170000	0.200	-0.658026
9.173333	0.200	-0.655698
9.176667	0.200	-0.652837
9.180000	0.200	-0.650693
9.183333	0.200	-0.649792
9.186667	0.200	-0.649913
9.190000	0.200	-0.650525
9.193333	0.200	-0.650949
9.196667	0.200	-0.650699
9.200000	0.200	-0.649993
9.203333	0.200	-0.649343
9.206667	0.200	-0.648808
9.210000	0.200	-0.647991
9.213333	0.200	-0.646501
9.216667	0.200	-0.644515
9.220000	0.200	-0.642751
9.223333	0.200	-0.641743
9.226667	0.200	-0.641514
9.230000	0.200	-0.641993
9.233333	0.200	-0.643365
9.236667	0.200	-0.645764
9.240000	0.200	-0.648547
9.243333	0.200	-0.650202
9.246667	0.200	-0.649453
9.250000	0.200	-0.646431
9.253333	0.200	-0.642473
9.256667	0.200	-0.638986
9.260000	0.200	-0.636818
9.263333	0.200	-0.636348
9.266667	0.200	-0.637444
9.270000	0.200	-0.639456
9.273333	0.200	-0.641806
9.276667	0.200	-0.644493
9.280000	0.200	-0.647805
9.283333	0.200	-0.651551
9.286667	0.200	-0.654751
9.290000	0.200	-0.656344
9.293333	0.200	-0.655974
9.296667	0.200	-0.653905
9.300000	0.200	-0.650795
9.303333	0.200	-0.647807
9.306667	0.200	-0.646278
9.310000	0.200	-0.646828
9.313333	0.200	-0.648840
9.316667	0.200	-0.650737
9.320000	0.200	-0.650817
9.323333	0.200	-0.648472
9.326667	0.200	-0.644663
9.330000	0.200	-0.640816
9.333333	0.200	-0.637590
9.336667	0.200	-0.634797
9.340000	0.200	-0.632057
9.343333	0.200	-0.629500
9.346667	0.200	-0.627921
9.350000	0.200	-0.628297
9.353333	0.200	-0.631148
9.356667	0.200	-0.636079
9.360000	0.200	-0.641624
9.363333	0.200	-0.645884
9.366667	0.200	-0.647908
9.370000	0.200	-0.648149
9.373333	0.200	-0.647476
9.376667	0.200	-0.646391
9.380000	0.200	-0.645158
9.383333	0.200	-0.644003
9.386667	0.200	-0.643175
9.390000	0.200	-0.643152
9.393333	0.200	-0.644270
9.396667	0.200	-0.645707
9.400000	0.200	-0.645620
9.403333	0.200	-0.642844
9.406667	0.200	-0.638015
9.410000	0.200	-0.632831
9.413333	0.200	-0.628726
9.416667	0.200	-0.626338
9.420000	0.200	-0.625731
9.423333	0.200	-0.626731
9.426667	0.200	-0.628942
9.430000	0.200	-0.631774
9.433333	0.200	-0.634617
9.436667	0.200	-0.637074
9.440000	0.200	-0.639188
9.443333	0.200	-0.641269
9.446667	0.200	-0.643343
9.450000	0.200	-0.645115
9.453333	0.200	-0.646408
9.456667	0.200	-0.647158
9.460000	0.200	-0.647402
9.463333	0.200	-0.647587
9.466667	0.200	-0.648453
9.470000	0.200	-0.650307
9.473333	0.200	-0.652276
9.476667	0.200	-0.652160
9.480000	0.200	-0.647696
9.483333	0.200	-0.638773
9.486667	0.200	-0.628166
9.490000	0.200	-0.619682
9.493333	0.200	-0.615601
9.496667	0.200	-0.615723
9.500000	0.200	-0.618473
9.503333	0.200	-0.622485
9.506667	0.200	-0.627161
9.510000	0.200	-0.632333
9.513333	0.200	-0.637674
9.516667	0.200	-0.642489
9.520000	0.200	-0.646111
9.523333	0.200	-0.648056
9.526667	0.200	-0.647882
9.530000	0.200	-0.645641
9.533333	0.200	-0.642390
9.536667	0.200	-0.639435
9.540000	0.200	-0.637197
9.543333	0.200	-0.635513
9.546667	0.200	-0.634453
9.550000	0.200	-0.633909
9.553333	0.200	-0.632708
9.556667	0.200	-0.629199
9.560000	0.200	-0.623045
9.563333	0.200	-0.615796
9.566667	0.200	-0.609669
9.570000	0.200	-0.606327
9.573333	0.200	-0.606410
9.576667	0.200	-0.609393
9.580000	0.200	-0.613979
9.583333	0.200	-0.619053
9.586667	0.200	-0.624392
9.590000	0.200	-0.630577
9.593333	0.200	-0.637925
9.596667	0.200	-0.645428
9.600000	0.200	-0.651209
9.603333	0.200	-0.653946
9.606667	0.200	-0.653668
9.610000	0.200	-0.651655
9.613333	0.200	-0.649616
9.616667	0.200	-0.648682
9.620000	0.200	-0.649141
9.623333	0.200	-0.650959
9.626667	0.200	-0.653910
9.630000	0.200	-0.656792
9.633333	0.200	-0.657179
9.636667	0.200	-0.652963
9.640000	0.200	-0.644356
9.643333	0.200	-0.634087
9.646667	0.200	-0.625784
9.650000	0.200	-0.622067
9.653333	0.200	-0.623427
9.656667	0.200	-0.628554
9.660000	0.200	-0.635590
9.663333	0.200	-0.643135
9.666667	0.200	-0.650588
9.670000	0.200	-0.657820
9.673333	0.200	-0.664637
9.676667	0.200	-0.670515
9.680000	0.200	-0.674481
9.683333	0.200	-0.675644
9.686667	0.200	-0.674340
9.690000	0.200	-0.672224
9.693333	0.200	-0.671022
9.696667	0.200	-0.671500
9.700000	0.200	-0.673293
9.703333	0.200	-0.675259
9.706667	0.200	-0.675884
9.710000	0.200	-0.673686
9.713333	0.200	-0.667931
9.716667	0.200	-0.658990
9.720000	0.200	-0.648325
9.723333	0.200	-0.638705
9.726667	0.200	-0.633202
9.730000	0.200	-0.632982
9.733333	0.200	-0.636831
9.736667	0.200	-0.642670
9.740000	0.200	-0.648921
9.743333	0.200	-0.654825
9.746667	0.200	-0.660141
9.750000	0.200	-0.665009
9.753333	0.200	-0.669760
9.756667	0.200	-0.674240
9.760000	0.200	-0.677702
9.763333	0.200	-0.679742
9.766667	0.200	-0.680749
9.770000	0.200	-0.681357
9.773333	0.200	-0.682020
9.776667	0.200	-0.682872
9.780000	0.200	-0.683545
9.783333	0.200	-0.683436
9.786667	0.200	-0.682221
9.790000	0.200	-0.680205
9.793333	0.200	-0.678222
9.796667	0.200	-0.676820
9.800000	0.200	-0.675943
9.803333	0.200	-0.675642
9.806667	0.200	-0.676121
9.810000	0.200	-0.676946
9.813333	0.200	-0.677066
9.816667	0.200	-0.675895
9.820000	0.200	-0.674052
9.823333	0.200	-0.672963
9.826667	0.200	-0.673897
9.830000	0.200	-0.677170
9.833333	0.200	-0.681909
9.836667	0.200	-0.686371
9.840000	0.200	-0.688736
9.843333	0.200	-0.688344
9.846667	0.200	-0.686377
9.850000	0.200	-0.684817
9.853333	0.200	-0.684680
9.856667	0.200	-0.685565
9.860000	0.200	-0.686540
9.863333	0.200	-0.687197
9.866667	0.200	-0.688095
9.870000	0.200	-0.689980
9.873333	0.200	-0.692770
9.876667	0.200	-0.695794
9.880000	0.200	-0.698209
9.883333	0.200	-0.698940
9.886667	0.200	-0.697156
9.890000	0.200	-0.692958
9.893333	0.200	-0.687557
9.896667	0.200	-0.682914
9.900000	0.200	-0.680514
9.903333	0.200	-0.680308
9.906667	0.200	-0.681302
9.910000	0.200	-0.682558
9.913333	0.200	-0.683152
9.916667	0.200	-0.682028
9.920000	0.200	-0.678548
9.923333	0.200	-0.673162
9.926667	0.200	-0.667598
9.930000	0.200	-0.664236
9.933333	0.200	-0.664706
9.936667	0.200	-0.668855
9.940000	0.200	-0.675113
9.943333	0.200	-0.681774
9.946667	0.200	-0.688003
9.950000	0.200	-0.693791
9.953333	0.200	-0.698921
9.956667	0.200	-0.702357
9.960000	0.200	-0.703075
9.963333	0.200	-0.701208
9.966667	0.200	-0.697897
9.970000	0.200	-0.694380
9.973333	0.200	-0.691542
9.976667	0.200	-0.689737
9.980000	0.200	-0.688660
9.983333	0.200	-0.687850
9.986667	0.200	-0.687241
9.990000	0.200	-0.686708
9.993333	0.200	-0.685697
9.996667	0.200	-0.683790
10.000000	0.200	-0.680980
10.003333	0.200	-0.677611
10.006667	0.200	-0.674870
10.010000	0.200	-0.674445
10.013333	0.200	-0.676734
10.016667	0.200	-0.680388
10.020000	0.200	-0.684110
10.023333	0.200	-0.687779
10.026667	0.200	-0.691615
10.030000	0.200	-0.694946
10.033333	0.200	-0.696310
10.036667	0.200	-0.694887
10.040000	0.200	-0.691414
10.043333	0.200	-0.687444
10.046667	0.200	-0.683959
10.050000	0.200	-0.681037
10.053333	0.200	-0.678584
10.056667	0.200	-0.676866
10.060000	0.200	-0.676220
10.063333	0.200	-0.676384
10.066667	0.200	-0.676420
10.070000	0.200	-0.675338
10.073333	0.200	-0.672729
10.076667	0.200	-0.669005
10.080000	0.200	-0.665077
10.083333	0.200	-0.661789
10.086667	0.200	-0.659649
10.090000	0.200	-0.658880
10.093333	0.200	-0.659683
10.096667	0.200	-0.662396
10.100000	0.200	-0.667085
10.103333	0.200	-0.673026
10.106667	0.200	-0.678645
10.110000	0.200	-0.682326
10.113333	0.200	-0.683517
10.116667	0.200	-0.682632
10.120000	0.200	-0.680237
10.123333	0.200	-0.677067
10.126667	0.200	-0.674134
10.130000	0.200	-0.671995
10.133333	0.200	-0.670181
10.136667	0.200	-0.667829
10.140000	0.200	-0.664904
10.143333	0.200	-0.662523
10.146667	0.200	-0.661908
10.150000	0.200	-0.662977
10.153333	0.200	-0.664170
10.156667	0.200	-0.663836
10.160000	0.200	-0.661722
10.163333	0.200	-0.659084
10.166667	0.200	-0.657741
10.170000	0.200	-0.659030
10.173333	0.200	-0.663011
10.176667	0.200	-0.668605
10.180000	0.200	-0.674661
10.183333	0.200	-0.680351
10.186667	0.200	-0.684621
10.190000	0.200	-0.686220
10.193333	0.200	-0.684654
10.196667	0.200	-0.680781
10.200000	0.200	-0.676267
10.203333	0.200	-0.672434
10.206667	0.200	-0.669710
10.210000	0.200	-0.668027
10.213333	0.200	-0.667196
10.216667	0.200	-0.666591
10.220000	0.200	-0.664857
10.223333	0.200	-0.660658
10.226667	0.200	-0.653748
10.230000	0.200	-0.644909
10.233333	0.200	-0.635465
10.236667	0.200	-0.627470
10.240000	0.200	-0.623165
10.243333	0.200	-0.623144
10.246667	0.200	-0.625759
10.250000	0.200	-0.628731
10.253333	0.200	-0.630827
10.256667	0.200	-0.632181
10.260000	0.200	-0.633644
10.263333	0.200	-0.636027
10.266667	0.200	-0.639597
10.270000	0.200	-0.643884
10.273333	0.200	-0.648044
10.276667	0.200	-0.651271
10.280000	0.200	-0.652951
10.283333	0.200	-0.653038
10.286667	0.200	-0.652392
10.290000	0.200	-0.652311
10.293333	0.200	-0.653410
10.296667	0.200	-0.654949
10.300000	0.200	-0.655457
10.303333	0.200	-0.653813
10.306667	0.200	-0.649788
10.310000	0.200	-0.644298
10.313333	0.200	-0.639053
10.316667	0.200	-0.635636
10.320000	0.200	-0.635060
10.323333	0.200	-0.637608
10.326667	0.200	-0.642423
10.330000	0.200	-0.647924
10.333333	0.200	-0.653007
10.336667	0.200	-0.657499
10.340000	0.200	-0.661480
10.343333	0.200	-0.664538
10.346667	0.200	-0.665975
10.350000	0.200	-0.665712
10.353333	0.200	-0.664618
10.356667	0.200	-0.663774
10.360000	0.200	-0.663638
10.363333	0.200	-0.664342
10.366667	0.200	-0.666423
10.370000	0.200	-0.670369
10.373333	0.200	-0.675666
10.376667	0.200	-0.680874
10.380000	0.200	-0.684408
10.383333	0.200	-0.685096
10.386667	0.200	-0.682620
10.390000	0.200	-0.678062
10.393333	0.200	-0.673426
10.396667	0.200	-0.670354
10.400000	0.200	-0.669846
10.403333	0.200	-0.672275
10.406667	0.200	-0.677053
10.410000	0.200	-0.682949
10.413333	0.200	-0.688607
10.416667	0.200	-0.692667
10.420000	0.200	-0.693982
10.423333	0.200	-0.692230
10.426667	0.200	-0.688443
10.430000	0.200	-0.684620
10.433333	0.200	-0.682482
10.436667	0.200	-0.682606
10.440000	0.200	-0.684637
10.443333	0.200	-0.687833
10.446667	0.200	-0.691373
10.450000	0.200	-0.694641
10.453333	0.200	-0.697251
10.456667	0.200	-0.698680
10.460000	0.200	-0.698202
10.463333	0.200	-0.695506
10.466667	0.200	-0.691352
10.470000	0.200	-0.687547
10.473333	0.200	-0.686052
10.476667	0.200	-0.687644
10.480000	0.200	-0.691211
10.483333	0.200	-0.694825
10.486667	0.200	-0.697576
10.490000	0.200	-0.699591
10.493333	0.200	-0.700820
10.496667	0.200	-0.700998
10.500000	0.200	-0.700202
10.503333	0.200	-0.698872
10.506667	0.200	-0.697723
10.510000	0.200	-0.697613
10.513333	0.200	-0.698936
10.516667	0.200	-0.701082
10.520000	0.200	-0.703078
10.523333	0.200	-0.704655
10.526667	0.200	-0.706142
10.530000	0.200	-0.707825
10.533333	0.200	-0.709791
10.536667	0.200	-0.711687
10.540000	0.200	-0.712622
10.543333	0.200	-0.712143
10.546667	0.200	-0.711127
10.550000	0.200	-0.711081
10.553333	0.200	-0.712837
10.556667	0.200	-0.716189
10.560000	0.200	-0.720349
10.563333	0.200	-0.724510
10.566667	0.200	-0.727924
10.570000	0.200	-0.729854
10.573333	0.200	-0.730013
10.576667	0.200	-0.728796
10.580000	0.200	-0.726784
10.583333	0.200	-0.724126
10.586667	0.200	-0.720482
10.590000	0.200	-0.715635
10.593333	0.200	-0.709845
10.596667	0.200	-0.703612
10.600000	0.200	-0.697518
10.603333	0.200	-0.692213
10.606667	0.200	-0.687953
10.610000	0.200	-0.684073
10.613333	0.200	-0.679387
10.616667	0.200	-0.673161
10.620000	0.200	-0.665599
10.623333	0.200	-0.657650
10.626667	0.200	-0.650339
10.630000	0.200	-0.644032
10.633333	0.200	-0.638588
10.636667	0.200	-0.633963
10.640000	0.200	-0.629974
10.643333	0.200	-0.625844
10.646667	0.200	-0.620958
10.650000	0.200	-0.615989
10.653333	0.200	-0.612362
10.656667	0.200	-0.610371
10.660000	0.200	-0.608519
10.663333	0.200	-0.604772
10.666667	0.200	-0.597805
10.670000	0.200	-0.587285
10.673333	0.200	-0.573674
10.676667	0.200	-0.557644
10.680000	0.200	-0.539339
10.683333	0.200	-0.518494
10.686667	0.200	-0.495547
10.690000	0.200	-0.472045
10.693333	0.200	-0.449523
10.696667	0.200	-0.428710
10.700000	0.200	-0.409975
10.703333	0.200	-0.393567
10.706667	0.200	-0.379358
10.710000	0.200	-0.367044
10.713333	0.200	-0.356577
10.716667	0.200	-0.348156
10.720000	0.200	-0.341902
10.723333	0.200	-0.337571
10.726667	0.200	-0.334464
10.730000	0.200	-0.331623
10.733333	0.200	-0.328303
10.736667	0.200	-0.324399
10.740000	0.200	-0.320477
10.743333	0.200	-0.317236
10.746667	0.200	-0.314680
10.750000	0.200	-0.312131
10.753333	0.200	-0.309059
10.756667	0.200	-0.305321
10.760000	0.200	-0.301153
10.763333	0.200	-0.297519
10.766667	0.200	-0.295700
10.770000	0.200	-0.296006
10.773333	0.200	-0.297063
10.776667	0.200	-0.296778
10.780000	0.200	-0.294185
10.783333	0.200	-0.290016
10.786667	0.200	-0.285675
10.790000	0.200	-0.282172
10.793333	0.200	-0.279728
10.796667	0.200	-0.277997
10.800000	0.200	-0.276573
10.803333	0.200	-0.275123
10.806667	0.200	-0.273170
10.810000	0.200	-0.270293
10.813333	0.200	-0.266770
10.816667	0.200	-0.263405
10.820000	0.200	-0.260661
10.823333	0.200	-0.258297
10.826667	0.200	-0.255667
10.830000	0.200	-0.252341
10.833333	0.200	-0.248630
10.836667	0.200	-0.245432
10.840000	0.200	-0.243475
10.843333	0.200	-0.242817
10.846667	0.200	-0.242882
10.850000	0.200	-0.242632
10.853333	0.200	-0.240892
10.856667	0.200	-0.237137
10.860000	0.200	-0.232192
10.863333	0.200	-0.227739
10.866667	0.200	-0.224863
10.870000	0.200	-0.223408
10.873333	0.200	-0.222689
10.876667	0.200	-0.222091
10.880000	0.200	-0.220978
10.883333	0.200	-0.218937
10.886667	0.200	-0.216132
10.890000	0.200	-0.213160
10.893333	0.200	-0.210622
10.896667	0.200	-0.208581
10.900000	0.200	-0.206493
10.903333	0.200	-0.203932
10.906667	0.200	-0.200990
10.910000	0.200	-0.197934
10.913333	0.200	-0.194877
10.916667	0.200	-0.191746
10.920000	0.200	-0.188313
10.923333	0.200	-0.184368
10.926667	0.200	-0.180072
10.930000	0.200	-0.175882
10.933333	0.200	-0.171948
10.936667	0.200	-0.167988
10.940000	0.200	-0.163991
10.943333	0.200	-0.160566
10.946667	0.200	-0.158314
10.950000	0.200	-0.156992
10.953333	0.200	-0.155518
10.956667	0.200	-0.153118
10.960000	0.200	-0.150160
10.963333	0.200	-0.147352
10.966667	0.200	-0.144751
10.970000	0.200	-0.141875
10.973333	0.200	-0.138169
10.976667	0.200	-0.133413
10.980000	0.200	-0.128079
10.983333	0.200	-0.123090
10.986667	0.200	-0.119081
10.990000	0.200	-0.115991
10.993333	0.200	-0.113412
10.996667	0.200	-0.110966
11.000000	0.200	-0.108149
