File Path	chrom://nnfcb-l0286/ChromeleonLocal/metk/20171013_HMP_C61_metk.seq/727.smp/UV_VIS_2.channel/UV_VIS_2.chm
Channel	UV_VIS_2

Injection Information:
Data Vault	ChromeleonLocal
Injection	25 ug/ml ISO
Injection Number	88
Position	RC7
Comment	
Processing Method	HMP New ProcMethod
Instrument Method	HM_metode_ZorBax_0,02%_Acetic_acid_ver6
Type	Calibration Standard
Status	Finished
Injection Date	10/14/2017
Injection Time	7:18:37 AM
Injection Volume (µl)	1.000
Dilution Factor	1.0000
Weight	1.0000

Raw Data Information:
Time Min. (min)	0.000000
Time Max. (min)	11.000000
Data Points	3301
Detector	UV
Exporting Data System	Chromeleon 7.1.3.2425
Operator	
Signal Quantity	Absorbance
Signal Unit	mAU
Signal Min.	-2.848634
Signal Max.	32.278079
Channel	UV_VIS_2
Driver Name	DAD3000.dll
Channel Type	Evaluation
Min. Step (s)	0.200
Max. Step (s)	0.200
Average Step (s)	0.200

Signal Parameter Information:
Signal Info	WVL:280 nm

Raw Data:
Time (min)	Step (s)	Value (mAU)
0.000000	0.000	0.000000
0.003333	0.200	-0.002306
0.006667	0.200	-0.016269
0.010000	0.200	-0.054050
0.013333	0.200	-0.115978
0.016667	0.200	-0.187802
0.020000	0.200	-0.254708
0.023333	0.200	-0.310999
0.026667	0.200	-0.357805
0.030000	0.200	-0.397291
0.033333	0.200	-0.429515
0.036667	0.200	-0.452999
0.040000	0.200	-0.467517
0.043333	0.200	-0.476930
0.046667	0.200	-0.488542
0.050000	0.200	-0.508311
0.053333	0.200	-0.537223
0.056667	0.200	-0.572182
0.060000	0.200	-0.608804
0.063333	0.200	-0.643368
0.066667	0.200	-0.673336
0.070000	0.200	-0.697230
0.073333	0.200	-0.714950
0.076667	0.200	-0.728090
0.080000	0.200	-0.738890
0.083333	0.200	-0.748590
0.086667	0.200	-0.757269
0.090000	0.200	-0.764954
0.093333	0.200	-0.772276
0.096667	0.200	-0.780058
0.100000	0.200	-0.788618
0.103333	0.200	-0.797749
0.106667	0.200	-0.807121
0.110000	0.200	-0.816526
0.113333	0.200	-0.826028
0.116667	0.200	-0.835824
0.120000	0.200	-0.845861
0.123333	0.200	-0.855663
0.126667	0.200	-0.864643
0.130000	0.200	-0.872687
0.133333	0.200	-0.880226
0.136667	0.200	-0.887684
0.140000	0.200	-0.894948
0.143333	0.200	-0.901251
0.146667	0.200	-0.905708
0.150000	0.200	-0.907764
0.153333	0.200	-0.906876
0.156667	0.200	-0.902643
0.160000	0.200	-0.895715
0.163333	0.200	-0.888048
0.166667	0.200	-0.881835
0.170000	0.200	-0.878006
0.173333	0.200	-0.876079
0.176667	0.200	-0.875606
0.180000	0.200	-0.877030
0.183333	0.200	-0.880903
0.186667	0.200	-0.886949
0.190000	0.200	-0.894103
0.193333	0.200	-0.901117
0.196667	0.200	-0.907333
0.200000	0.200	-0.913104
0.203333	0.200	-0.919126
0.206667	0.200	-0.925512
0.210000	0.200	-0.931918
0.213333	0.200	-0.938006
0.216667	0.200	-0.943541
0.220000	0.200	-0.948619
0.223333	0.200	-0.953717
0.226667	0.200	-0.959150
0.230000	0.200	-0.964898
0.233333	0.200	-0.970946
0.236667	0.200	-0.977137
0.240000	0.200	-0.983083
0.243333	0.200	-0.988886
0.246667	0.200	-0.995242
0.250000	0.200	-1.002257
0.253333	0.200	-1.009098
0.256667	0.200	-1.015146
0.260000	0.200	-1.020588
0.263333	0.200	-1.025724
0.266667	0.200	-1.030271
0.270000	0.200	-1.033576
0.273333	0.200	-1.035340
0.276667	0.200	-1.036009
0.280000	0.200	-1.036560
0.283333	0.200	-1.037915
0.286667	0.200	-1.040581
0.290000	0.200	-1.044759
0.293333	0.200	-1.050229
0.296667	0.200	-1.056166
0.300000	0.200	-1.061661
0.303333	0.200	-1.066365
0.306667	0.200	-1.070340
0.310000	0.200	-1.073601
0.313333	0.200	-1.076081
0.316667	0.200	-1.077807
0.320000	0.200	-1.078881
0.323333	0.200	-1.079451
0.326667	0.200	-1.080461
0.330000	0.200	-1.084792
0.333333	0.200	-1.096214
0.336667	0.200	-1.116090
0.340000	0.200	-1.141843
0.343333	0.200	-1.168872
0.346667	0.200	-1.193347
0.350000	0.200	-1.213435
0.353333	0.200	-1.228858
0.356667	0.200	-1.240025
0.360000	0.200	-1.247557
0.363333	0.200	-1.252333
0.366667	0.200	-1.255471
0.370000	0.200	-1.257702
0.373333	0.200	-1.259111
0.376667	0.200	-1.259959
0.380000	0.200	-1.261147
0.383333	0.200	-1.263343
0.386667	0.200	-1.266199
0.390000	0.200	-1.268815
0.393333	0.200	-1.270689
0.396667	0.200	-1.272181
0.400000	0.200	-1.274066
0.403333	0.200	-1.276748
0.406667	0.200	-1.280192
0.410000	0.200	-1.284314
0.413333	0.200	-1.288850
0.416667	0.200	-1.293066
0.420000	0.200	-1.296170
0.423333	0.200	-1.298116
0.426667	0.200	-1.299779
0.430000	0.200	-1.302171
0.433333	0.200	-1.305570
0.436667	0.200	-1.309402
0.440000	0.200	-1.312676
0.443333	0.200	-1.314861
0.446667	0.200	-1.316426
0.450000	0.200	-1.318177
0.453333	0.200	-1.320573
0.456667	0.200	-1.323934
0.460000	0.200	-1.328465
0.463333	0.200	-1.333721
0.466667	0.200	-1.338494
0.470000	0.200	-1.341554
0.473333	0.200	-1.342412
0.476667	0.200	-1.341405
0.480000	0.200	-1.339637
0.483333	0.200	-1.338808
0.486667	0.200	-1.340195
0.490000	0.200	-1.343543
0.493333	0.200	-1.347292
0.496667	0.200	-1.349866
0.500000	0.200	-1.350834
0.503333	0.200	-1.351073
0.506667	0.200	-1.351863
0.510000	0.200	-1.353856
0.513333	0.200	-1.356724
0.516667	0.200	-1.359772
0.520000	0.200	-1.362667
0.523333	0.200	-1.365269
0.526667	0.200	-1.367322
0.530000	0.200	-1.368804
0.533333	0.200	-1.370098
0.536667	0.200	-1.371404
0.540000	0.200	-1.372612
0.543333	0.200	-1.373878
0.546667	0.200	-1.375413
0.550000	0.200	-1.376863
0.553333	0.200	-1.377635
0.556667	0.200	-1.377548
0.560000	0.200	-1.377021
0.563333	0.200	-1.376977
0.566667	0.200	-1.378261
0.570000	0.200	-1.380835
0.573333	0.200	-1.383956
0.576667	0.200	-1.386958
0.580000	0.200	-1.389359
0.583333	0.200	-1.390808
0.586667	0.200	-1.391486
0.590000	0.200	-1.392087
0.593333	0.200	-1.393272
0.596667	0.200	-1.395248
0.600000	0.200	-1.397691
0.603333	0.200	-1.399993
0.606667	0.200	-1.401580
0.610000	0.200	-1.402330
0.613333	0.200	-1.402633
0.616667	0.200	-1.402818
0.620000	0.200	-1.402825
0.623333	0.200	-1.402405
0.626667	0.200	-1.401592
0.630000	0.200	-1.400988
0.633333	0.200	-1.401388
0.636667	0.200	-1.403218
0.640000	0.200	-1.406178
0.643333	0.200	-1.409273
0.646667	0.200	-1.411544
0.650000	0.200	-1.412639
0.653333	0.200	-1.412625
0.656667	0.200	-1.411710
0.660000	0.200	-1.410219
0.663333	0.200	-1.408740
0.666667	0.200	-1.407949
0.670000	0.200	-1.407989
0.673333	0.200	-1.408389
0.676667	0.200	-1.408830
0.680000	0.200	-1.409542
0.683333	0.200	-1.410694
0.686667	0.200	-1.411938
0.690000	0.200	-1.412789
0.693333	0.200	-1.413036
0.696667	0.200	-1.412836
0.700000	0.200	-1.412541
0.703333	0.200	-1.412108
0.706667	0.200	-1.410903
0.710000	0.200	-1.408207
0.713333	0.200	-1.403656
0.716667	0.200	-1.397247
0.720000	0.200	-1.388935
0.723333	0.200	-1.378452
0.726667	0.200	-1.365980
0.730000	0.200	-1.352657
0.733333	0.200	-1.340172
0.736667	0.200	-1.330127
0.740000	0.200	-1.323436
0.743333	0.200	-1.320045
0.746667	0.200	-1.319465
0.750000	0.200	-1.321248
0.753333	0.200	-1.324697
0.756667	0.200	-1.328551
0.760000	0.200	-1.331349
0.763333	0.200	-1.332377
0.766667	0.200	-1.332319
0.770000	0.200	-1.332518
0.773333	0.200	-1.333494
0.776667	0.200	-1.334714
0.780000	0.200	-1.335606
0.783333	0.200	-1.336151
0.786667	0.200	-1.336581
0.790000	0.200	-1.337019
0.793333	0.200	-1.337530
0.796667	0.200	-1.338373
0.800000	0.200	-1.339999
0.803333	0.200	-1.342488
0.806667	0.200	-1.345104
0.810000	0.200	-1.346650
0.813333	0.200	-1.346546
0.816667	0.200	-1.345619
0.820000	0.200	-1.345406
0.823333	0.200	-1.346620
0.826667	0.200	-1.348790
0.830000	0.200	-1.351248
0.833333	0.200	-1.353964
0.836667	0.200	-1.357366
0.840000	0.200	-1.361526
0.843333	0.200	-1.365761
0.846667	0.200	-1.369502
0.850000	0.200	-1.373232
0.853333	0.200	-1.377734
0.856667	0.200	-1.382874
0.860000	0.200	-1.387691
0.863333	0.200	-1.390897
0.866667	0.200	-1.391255
0.870000	0.200	-1.388239
0.873333	0.200	-1.381690
0.876667	0.200	-1.369902
0.880000	0.200	-1.347701
0.883333	0.200	-1.306707
0.886667	0.200	-1.239150
0.890000	0.200	-1.143264
0.893333	0.200	-1.025659
0.896667	0.200	-0.898444
0.900000	0.200	-0.773868
0.903333	0.200	-0.660869
0.906667	0.200	-0.564819
0.910000	0.200	-0.488540
0.913333	0.200	-0.433055
0.916667	0.200	-0.398352
0.920000	0.200	-0.384382
0.923333	0.200	-0.391226
0.926667	0.200	-0.417660
0.930000	0.200	-0.459671
0.933333	0.200	-0.511137
0.936667	0.200	-0.565996
0.940000	0.200	-0.619283
0.943333	0.200	-0.666288
0.946667	0.200	-0.701565
0.950000	0.200	-0.719346
0.953333	0.200	-0.714848
0.956667	0.200	-0.685794
0.960000	0.200	-0.634502
0.963333	0.200	-0.569271
0.966667	0.200	-0.503089
0.970000	0.200	-0.450151
0.973333	0.200	-0.421592
0.976667	0.200	-0.422010
0.980000	0.200	-0.448392
0.983333	0.200	-0.491810
0.986667	0.200	-0.541111
0.990000	0.200	-0.587009
0.993333	0.200	-0.625052
0.996667	0.200	-0.656501
1.000000	0.200	-0.686531
1.003333	0.200	-0.720844
1.006667	0.200	-0.762871
1.010000	0.200	-0.812427
1.013333	0.200	-0.865893
1.016667	0.200	-0.918259
1.020000	0.200	-0.965621
1.023333	0.200	-1.005985
1.026667	0.200	-1.038974
1.030000	0.200	-1.065667
1.033333	0.200	-1.087988
1.036667	0.200	-1.107392
1.040000	0.200	-1.124052
1.043333	0.200	-1.137213
1.046667	0.200	-1.146019
1.050000	0.200	-1.150066
1.053333	0.200	-1.149715
1.056667	0.200	-1.145610
1.060000	0.200	-1.137186
1.063333	0.200	-1.121598
1.066667	0.200	-1.093418
1.070000	0.200	-1.043063
1.073333	0.200	-0.952993
1.076667	0.200	-0.792281
1.080000	0.200	-0.509346
1.083333	0.200	-0.022958
1.086667	0.200	0.785142
1.090000	0.200	2.067555
1.093333	0.200	3.987624
1.096667	0.200	6.671159
1.100000	0.200	10.143668
1.103333	0.200	14.276801
1.106667	0.200	18.772730
1.110000	0.200	23.203765
1.113333	0.200	27.099733
1.116667	0.200	30.052973
1.120000	0.200	31.803555
1.123333	0.200	32.278079
1.126667	0.200	31.576256
1.130000	0.200	29.919454
1.133333	0.200	27.585662
1.136667	0.200	24.851755
1.140000	0.200	21.954314
1.143333	0.200	19.072259
1.146667	0.200	16.326704
1.150000	0.200	13.789332
1.153333	0.200	11.493878
1.156667	0.200	9.448952
1.160000	0.200	7.649478
1.163333	0.200	6.083769
1.166667	0.200	4.737018
1.170000	0.200	3.593513
1.173333	0.200	2.637197
1.176667	0.200	1.850102
1.180000	0.200	1.211167
1.183333	0.200	0.697769
1.186667	0.200	0.288465
1.190000	0.200	-0.035454
1.193333	0.200	-0.289448
1.196667	0.200	-0.484937
1.200000	0.200	-0.628194
1.203333	0.200	-0.720414
1.206667	0.200	-0.759250
1.210000	0.200	-0.740891
1.213333	0.200	-0.663631
1.216667	0.200	-0.533207
1.220000	0.200	-0.366891
1.223333	0.200	-0.193295
1.226667	0.200	-0.046967
1.230000	0.200	0.040839
1.233333	0.200	0.051574
1.236667	0.200	-0.015636
1.240000	0.200	-0.145784
1.243333	0.200	-0.314656
1.246667	0.200	-0.496446
1.250000	0.200	-0.669530
1.253333	0.200	-0.819413
1.256667	0.200	-0.939071
1.260000	0.200	-1.027317
1.263333	0.200	-1.085766
1.266667	0.200	-1.115255
1.270000	0.200	-1.112434
1.273333	0.200	-1.066263
1.276667	0.200	-0.954513
1.280000	0.200	-0.744617
1.283333	0.200	-0.405982
1.286667	0.200	0.066208
1.290000	0.200	0.630517
1.293333	0.200	1.202678
1.296667	0.200	1.687208
1.300000	0.200	2.017486
1.303333	0.200	2.178289
1.306667	0.200	2.200528
1.310000	0.200	2.136906
1.313333	0.200	2.035277
1.316667	0.200	1.924030
1.320000	0.200	1.812199
1.323333	0.200	1.696083
1.326667	0.200	1.566461
1.330000	0.200	1.415432
1.333333	0.200	1.240802
1.336667	0.200	1.046471
1.340000	0.200	0.840035
1.343333	0.200	0.630160
1.346667	0.200	0.424941
1.350000	0.200	0.230493
1.353333	0.200	0.049722
1.356667	0.200	-0.117544
1.360000	0.200	-0.272407
1.363333	0.200	-0.414248
1.366667	0.200	-0.540645
1.370000	0.200	-0.650042
1.373333	0.200	-0.743676
1.376667	0.200	-0.824531
1.380000	0.200	-0.895312
1.383333	0.200	-0.957774
1.386667	0.200	-1.012832
1.390000	0.200	-1.060784
1.393333	0.200	-1.101902
1.396667	0.200	-1.136916
1.400000	0.200	-1.167067
1.403333	0.200	-1.193941
1.406667	0.200	-1.219049
1.410000	0.200	-1.242906
1.413333	0.200	-1.264406
1.416667	0.200	-1.281680
1.420000	0.200	-1.293938
1.423333	0.200	-1.302396
1.426667	0.200	-1.309343
1.430000	0.200	-1.316615
1.433333	0.200	-1.325098
1.436667	0.200	-1.334835
1.440000	0.200	-1.345059
1.443333	0.200	-1.354946
1.446667	0.200	-1.364395
1.450000	0.200	-1.373315
1.453333	0.200	-1.380978
1.456667	0.200	-1.387178
1.460000	0.200	-1.393163
1.463333	0.200	-1.399930
1.466667	0.200	-1.406087
1.470000	0.200	-1.408844
1.473333	0.200	-1.406721
1.476667	0.200	-1.400597
1.480000	0.200	-1.392798
1.483333	0.200	-1.385543
1.486667	0.200	-1.379886
1.490000	0.200	-1.375818
1.493333	0.200	-1.372842
1.496667	0.200	-1.370128
1.500000	0.200	-1.366647
1.503333	0.200	-1.361665
1.506667	0.200	-1.355249
1.510000	0.200	-1.348330
1.513333	0.200	-1.342026
1.516667	0.200	-1.337246
1.520000	0.200	-1.334861
1.523333	0.200	-1.335069
1.526667	0.200	-1.336491
1.530000	0.200	-1.336800
1.533333	0.200	-1.334522
1.536667	0.200	-1.330089
1.540000	0.200	-1.325039
1.543333	0.200	-1.320420
1.546667	0.200	-1.316441
1.550000	0.200	-1.313104
1.553333	0.200	-1.310678
1.556667	0.200	-1.309808
1.560000	0.200	-1.310752
1.563333	0.200	-1.312601
1.566667	0.200	-1.314301
1.570000	0.200	-1.316163
1.573333	0.200	-1.319430
1.576667	0.200	-1.324671
1.580000	0.200	-1.330924
1.583333	0.200	-1.336250
1.586667	0.200	-1.339307
1.590000	0.200	-1.340844
1.593333	0.200	-1.343750
1.596667	0.200	-1.350530
1.600000	0.200	-1.360375
1.603333	0.200	-1.369824
1.606667	0.200	-1.375743
1.610000	0.200	-1.377049
1.613333	0.200	-1.374912
1.616667	0.200	-1.371912
1.620000	0.200	-1.370326
1.623333	0.200	-1.370904
1.626667	0.200	-1.373091
1.630000	0.200	-1.375866
1.633333	0.200	-1.378464
1.636667	0.200	-1.380903
1.640000	0.200	-1.383839
1.643333	0.200	-1.387764
1.646667	0.200	-1.392145
1.650000	0.200	-1.395452
1.653333	0.200	-1.396366
1.656667	0.200	-1.394625
1.660000	0.200	-1.390878
1.663333	0.200	-1.386329
1.666667	0.200	-1.382322
1.670000	0.200	-1.380030
1.673333	0.200	-1.379906
1.676667	0.200	-1.381093
1.680000	0.200	-1.381986
1.683333	0.200	-1.381490
1.686667	0.200	-1.379596
1.690000	0.200	-1.377644
1.693333	0.200	-1.378553
1.696667	0.200	-1.385282
1.700000	0.200	-1.397776
1.703333	0.200	-1.411898
1.706667	0.200	-1.421896
1.710000	0.200	-1.424030
1.713333	0.200	-1.418328
1.716667	0.200	-1.407728
1.720000	0.200	-1.396037
1.723333	0.200	-1.386122
1.726667	0.200	-1.379057
1.730000	0.200	-1.374342
1.733333	0.200	-1.370727
1.736667	0.200	-1.367122
1.740000	0.200	-1.363093
1.743333	0.200	-1.358938
1.746667	0.200	-1.355530
1.750000	0.200	-1.353601
1.753333	0.200	-1.352894
1.756667	0.200	-1.352239
1.760000	0.200	-1.350508
1.763333	0.200	-1.347597
1.766667	0.200	-1.344649
1.770000	0.200	-1.343093
1.773333	0.200	-1.343081
1.776667	0.200	-1.342771
1.780000	0.200	-1.338495
1.783333	0.200	-1.324397
1.786667	0.200	-1.291026
1.790000	0.200	-1.222955
1.793333	0.200	-1.096140
1.796667	0.200	-0.877995
1.800000	0.200	-0.533153
1.803333	0.200	-0.035026
1.806667	0.200	0.620062
1.810000	0.200	1.402787
1.813333	0.200	2.251353
1.816667	0.200	3.083839
1.820000	0.200	3.817571
1.823333	0.200	4.388302
1.826667	0.200	4.762244
1.830000	0.200	4.936972
1.833333	0.200	4.933547
1.836667	0.200	4.786539
1.840000	0.200	4.535815
1.843333	0.200	4.219835
1.846667	0.200	3.870663
1.850000	0.200	3.511747
1.853333	0.200	3.157757
1.856667	0.200	2.815590
1.860000	0.200	2.487381
1.863333	0.200	2.175038
1.866667	0.200	1.882050
1.870000	0.200	1.610765
1.873333	0.200	1.359801
1.876667	0.200	1.125095
1.880000	0.200	0.902529
1.883333	0.200	0.689240
1.886667	0.200	0.483613
1.890000	0.200	0.285480
1.893333	0.200	0.096212
1.896667	0.200	-0.082328
1.900000	0.200	-0.248825
1.903333	0.200	-0.402288
1.906667	0.200	-0.541485
1.910000	0.200	-0.665340
1.913333	0.200	-0.774063
1.916667	0.200	-0.869757
1.920000	0.200	-0.955122
1.923333	0.200	-1.030949
1.926667	0.200	-1.095820
1.930000	0.200	-1.148363
1.933333	0.200	-1.188794
1.936667	0.200	-1.218894
1.940000	0.200	-1.241585
1.943333	0.200	-1.260097
1.946667	0.200	-1.276678
1.950000	0.200	-1.291873
1.953333	0.200	-1.304987
1.956667	0.200	-1.315365
1.960000	0.200	-1.323837
1.963333	0.200	-1.332913
1.966667	0.200	-1.344090
1.970000	0.200	-1.354031
1.973333	0.200	-1.353909
1.976667	0.200	-1.332403
1.980000	0.200	-1.278476
1.983333	0.200	-1.181595
1.986667	0.200	-1.030611
1.990000	0.200	-0.813642
1.993333	0.200	-0.519758
1.996667	0.200	-0.141212
2.000000	0.200	0.324811
2.003333	0.200	0.874255
2.006667	0.200	1.494045
2.010000	0.200	2.161007
2.013333	0.200	2.842786
2.016667	0.200	3.500491
2.020000	0.200	4.092519
2.023333	0.200	4.579003
2.026667	0.200	4.925716
2.030000	0.200	5.107546
2.033333	0.200	5.112250
2.036667	0.200	4.943025
2.040000	0.200	4.618400
2.043333	0.200	4.169224
2.046667	0.200	3.633408
2.050000	0.200	3.050340
2.053333	0.200	2.456383
2.056667	0.200	1.881980
2.060000	0.200	1.350481
2.063333	0.200	0.877681
2.066667	0.200	0.471513
2.070000	0.200	0.132376
2.073333	0.200	-0.145319
2.076667	0.200	-0.370400
2.080000	0.200	-0.552088
2.083333	0.200	-0.698062
2.086667	0.200	-0.812772
2.090000	0.200	-0.896501
2.093333	0.200	-0.948251
2.096667	0.200	-0.971281
2.100000	0.200	-0.975005
2.103333	0.200	-0.971504
2.106667	0.200	-0.970677
2.110000	0.200	-0.977166
2.113333	0.200	-0.990271
2.116667	0.200	-1.006698
2.120000	0.200	-1.023634
2.123333	0.200	-1.039055
2.126667	0.200	-1.050402
2.130000	0.200	-1.056200
2.133333	0.200	-1.059264
2.136667	0.200	-1.064657
2.140000	0.200	-1.073425
2.143333	0.200	-1.080147
2.146667	0.200	-1.077492
2.150000	0.200	-1.063664
2.153333	0.200	-1.045263
2.156667	0.200	-1.030902
2.160000	0.200	-1.023184
2.163333	0.200	-1.019964
2.166667	0.200	-1.019160
2.170000	0.200	-1.018180
2.173333	0.200	-1.013983
2.176667	0.200	-1.008941
2.180000	0.200	-1.015201
2.183333	0.200	-1.047832
2.186667	0.200	-1.111042
2.190000	0.200	-1.193799
2.193333	0.200	-1.278418
2.196667	0.200	-1.350532
2.200000	0.200	-1.403192
2.203333	0.200	-1.435974
2.206667	0.200	-1.451980
2.210000	0.200	-1.455355
2.213333	0.200	-1.450250
2.216667	0.200	-1.440664
2.220000	0.200	-1.430214
2.223333	0.200	-1.421463
2.226667	0.200	-1.415390
2.230000	0.200	-1.411460
2.233333	0.200	-1.408064
2.236667	0.200	-1.403288
2.240000	0.200	-1.395793
2.243333	0.200	-1.384796
2.246667	0.200	-1.368827
2.250000	0.200	-1.344831
2.253333	0.200	-1.308826
2.256667	0.200	-1.257928
2.260000	0.200	-1.193581
2.263333	0.200	-1.124434
2.266667	0.200	-1.065882
2.270000	0.200	-1.035017
2.273333	0.200	-1.043356
2.276667	0.200	-1.091781
2.280000	0.200	-1.170558
2.283333	0.200	-1.263614
2.286667	0.200	-1.354268
2.290000	0.200	-1.429940
2.293333	0.200	-1.484292
2.296667	0.200	-1.517015
2.300000	0.200	-1.532172
2.303333	0.200	-1.535481
2.306667	0.200	-1.531805
2.310000	0.200	-1.524324
2.313333	0.200	-1.515229
2.316667	0.200	-1.506554
2.320000	0.200	-1.499856
2.323333	0.200	-1.495418
2.326667	0.200	-1.492570
2.330000	0.200	-1.490698
2.333333	0.200	-1.489644
2.336667	0.200	-1.489108
2.340000	0.200	-1.488034
2.343333	0.200	-1.485333
2.346667	0.200	-1.481050
2.350000	0.200	-1.476097
2.353333	0.200	-1.471415
2.356667	0.200	-1.467914
2.360000	0.200	-1.466309
2.363333	0.200	-1.466346
2.366667	0.200	-1.466757
2.370000	0.200	-1.466427
2.373333	0.200	-1.465369
2.376667	0.200	-1.464428
2.380000	0.200	-1.464172
2.383333	0.200	-1.464138
2.386667	0.200	-1.463384
2.390000	0.200	-1.461721
2.393333	0.200	-1.459989
2.396667	0.200	-1.459103
2.400000	0.200	-1.459136
2.403333	0.200	-1.459629
2.406667	0.200	-1.460328
2.410000	0.200	-1.461225
2.413333	0.200	-1.462246
2.416667	0.200	-1.463282
2.420000	0.200	-1.464306
2.423333	0.200	-1.465275
2.426667	0.200	-1.466182
2.430000	0.200	-1.467177
2.433333	0.200	-1.468237
2.436667	0.200	-1.468914
2.440000	0.200	-1.468746
2.443333	0.200	-1.467763
2.446667	0.200	-1.466605
2.450000	0.200	-1.466152
2.453333	0.200	-1.466954
2.456667	0.200	-1.468970
2.460000	0.200	-1.471542
2.463333	0.200	-1.473657
2.466667	0.200	-1.474621
2.470000	0.200	-1.474410
2.473333	0.200	-1.473450
2.476667	0.200	-1.472226
2.480000	0.200	-1.470800
2.483333	0.200	-1.468572
2.486667	0.200	-1.464734
2.490000	0.200	-1.459204
2.493333	0.200	-1.452974
2.496667	0.200	-1.447276
2.500000	0.200	-1.442481
2.503333	0.200	-1.437941
2.506667	0.200	-1.432968
2.510000	0.200	-1.427436
2.513333	0.200	-1.421032
2.516667	0.200	-1.413114
2.520000	0.200	-1.403906
2.523333	0.200	-1.394708
2.526667	0.200	-1.386876
2.530000	0.200	-1.381241
2.533333	0.200	-1.377925
2.536667	0.200	-1.376164
2.540000	0.200	-1.374782
2.543333	0.200	-1.373179
2.546667	0.200	-1.371734
2.550000	0.200	-1.371256
2.553333	0.200	-1.372177
2.556667	0.200	-1.374307
2.560000	0.200	-1.377295
2.563333	0.200	-1.380954
2.566667	0.200	-1.384840
2.570000	0.200	-1.387841
2.573333	0.200	-1.388762
2.576667	0.200	-1.387388
2.580000	0.200	-1.384760
2.583333	0.200	-1.382404
2.586667	0.200	-1.381236
2.590000	0.200	-1.381151
2.593333	0.200	-1.381686
2.596667	0.200	-1.382621
2.600000	0.200	-1.383730
2.603333	0.200	-1.384707
2.606667	0.200	-1.385548
2.610000	0.200	-1.386610
2.613333	0.200	-1.388267
2.616667	0.200	-1.390590
2.620000	0.200	-1.393097
2.623333	0.200	-1.394887
2.626667	0.200	-1.395283
2.630000	0.200	-1.394241
2.633333	0.200	-1.392069
2.636667	0.200	-1.389065
2.640000	0.200	-1.385574
2.643333	0.200	-1.382237
2.646667	0.200	-1.379796
2.650000	0.200	-1.378466
2.653333	0.200	-1.377836
2.656667	0.200	-1.377426
2.660000	0.200	-1.376974
2.663333	0.200	-1.376415
2.666667	0.200	-1.376046
2.670000	0.200	-1.376546
2.673333	0.200	-1.378308
2.676667	0.200	-1.380834
2.680000	0.200	-1.382907
2.683333	0.200	-1.383322
2.686667	0.200	-1.381907
2.690000	0.200	-1.379734
2.693333	0.200	-1.377854
2.696667	0.200	-1.376237
2.700000	0.200	-1.374080
2.703333	0.200	-1.370720
2.706667	0.200	-1.366318
2.710000	0.200	-1.361701
2.713333	0.200	-1.357808
2.716667	0.200	-1.355516
2.720000	0.200	-1.355468
2.723333	0.200	-1.357778
2.726667	0.200	-1.362027
2.730000	0.200	-1.367320
2.733333	0.200	-1.372496
2.736667	0.200	-1.376738
2.740000	0.200	-1.379915
2.743333	0.200	-1.382440
2.746667	0.200	-1.385018
2.750000	0.200	-1.387989
2.753333	0.200	-1.390825
2.756667	0.200	-1.392546
2.760000	0.200	-1.392438
2.763333	0.200	-1.390419
2.766667	0.200	-1.386989
2.770000	0.200	-1.382796
2.773333	0.200	-1.378247
2.776667	0.200	-1.373642
2.780000	0.200	-1.369603
2.783333	0.200	-1.366970
2.786667	0.200	-1.366081
2.790000	0.200	-1.366381
2.793333	0.200	-1.366962
2.796667	0.200	-1.367311
2.800000	0.200	-1.367206
2.803333	0.200	-1.366271
2.806667	0.200	-1.364320
2.810000	0.200	-1.361884
2.813333	0.200	-1.359987
2.816667	0.200	-1.359524
2.820000	0.200	-1.360717
2.823333	0.200	-1.362847
2.826667	0.200	-1.364880
2.830000	0.200	-1.366331
2.833333	0.200	-1.367068
2.836667	0.200	-1.366891
2.840000	0.200	-1.365898
2.843333	0.200	-1.364518
2.846667	0.200	-1.362806
2.850000	0.200	-1.360511
2.853333	0.200	-1.357825
2.856667	0.200	-1.355213
2.860000	0.200	-1.352916
2.863333	0.200	-1.351218
2.866667	0.200	-1.350515
2.870000	0.200	-1.350685
2.873333	0.200	-1.350830
2.876667	0.200	-1.349950
2.880000	0.200	-1.347561
2.883333	0.200	-1.343701
2.886667	0.200	-1.339087
2.890000	0.200	-1.335049
2.893333	0.200	-1.332247
2.896667	0.200	-1.329981
2.900000	0.200	-1.327587
2.903333	0.200	-1.325545
2.906667	0.200	-1.324586
2.910000	0.200	-1.324753
2.913333	0.200	-1.325654
2.916667	0.200	-1.326895
2.920000	0.200	-1.328151
2.923333	0.200	-1.328959
2.926667	0.200	-1.328652
2.930000	0.200	-1.326825
2.933333	0.200	-1.323796
2.936667	0.200	-1.320458
2.940000	0.200	-1.317810
2.943333	0.200	-1.316491
2.946667	0.200	-1.316209
2.950000	0.200	-1.315597
2.953333	0.200	-1.313070
2.956667	0.200	-1.307995
2.960000	0.200	-1.301210
2.963333	0.200	-1.294362
2.966667	0.200	-1.288522
2.970000	0.200	-1.283792
2.973333	0.200	-1.280031
2.976667	0.200	-1.276967
2.980000	0.200	-1.274154
2.983333	0.200	-1.271613
2.986667	0.200	-1.269772
2.990000	0.200	-1.268654
2.993333	0.200	-1.267816
2.996667	0.200	-1.266872
3.000000	0.200	-1.265855
3.003333	0.200	-1.265288
3.006667	0.200	-1.265694
3.010000	0.200	-1.266806
3.013333	0.200	-1.267720
3.016667	0.200	-1.268125
3.020000	0.200	-1.268582
3.023333	0.200	-1.269322
3.026667	0.200	-1.269779
3.030000	0.200	-1.269371
3.033333	0.200	-1.268081
3.036667	0.200	-1.266177
3.040000	0.200	-1.263689
3.043333	0.200	-1.260616
3.046667	0.200	-1.257607
3.050000	0.200	-1.255767
3.053333	0.200	-1.255578
3.056667	0.200	-1.256468
3.060000	0.200	-1.257780
3.063333	0.200	-1.259483
3.066667	0.200	-1.261336
3.070000	0.200	-1.262356
3.073333	0.200	-1.261790
3.076667	0.200	-1.259853
3.080000	0.200	-1.257270
3.083333	0.200	-1.254682
3.086667	0.200	-1.252486
3.090000	0.200	-1.250881
3.093333	0.200	-1.249891
3.096667	0.200	-1.249225
3.100000	0.200	-1.248366
3.103333	0.200	-1.247001
3.106667	0.200	-1.245236
3.110000	0.200	-1.243356
3.113333	0.200	-1.241459
3.116667	0.200	-1.239376
3.120000	0.200	-1.236836
3.123333	0.200	-1.233738
3.126667	0.200	-1.230326
3.130000	0.200	-1.226907
3.133333	0.200	-1.223476
3.136667	0.200	-1.219649
3.140000	0.200	-1.214737
3.143333	0.200	-1.208198
3.146667	0.200	-1.200263
3.150000	0.200	-1.191783
3.153333	0.200	-1.183399
3.156667	0.200	-1.175055
3.160000	0.200	-1.166397
3.163333	0.200	-1.157482
3.166667	0.200	-1.148748
3.170000	0.200	-1.140270
3.173333	0.200	-1.131682
3.176667	0.200	-1.122950
3.180000	0.200	-1.114571
3.183333	0.200	-1.106160
3.186667	0.200	-1.093200
3.190000	0.200	-1.066296
3.193333	0.200	-1.018170
3.196667	0.200	-0.951071
3.200000	0.200	-0.881294
3.203333	0.200	-0.849914
3.206667	0.200	-0.916593
3.210000	0.200	-1.114634
3.213333	0.200	-1.416334
3.216667	0.200	-1.751524
3.220000	0.200	-2.049955
3.223333	0.200	-2.268827
3.226667	0.200	-2.398250
3.230000	0.200	-2.452878
3.233333	0.200	-2.458568
3.236667	0.200	-2.439887
3.240000	0.200	-2.412138
3.243333	0.200	-2.380728
3.246667	0.200	-2.348998
3.250000	0.200	-2.326764
3.253333	0.200	-2.327098
3.256667	0.200	-2.354697
3.260000	0.200	-2.401506
3.263333	0.200	-2.453290
3.266667	0.200	-2.498091
3.270000	0.200	-2.529916
3.273333	0.200	-2.547889
3.276667	0.200	-2.554144
3.280000	0.200	-2.552166
3.283333	0.200	-2.545299
3.286667	0.200	-2.535789
3.290000	0.200	-2.524949
3.293333	0.200	-2.513618
3.296667	0.200	-2.501918
3.300000	0.200	-2.488669
3.303333	0.200	-2.471820
3.306667	0.200	-2.449949
3.310000	0.200	-2.423470
3.313333	0.200	-2.394907
3.316667	0.200	-2.367984
3.320000	0.200	-2.345483
3.323333	0.200	-2.327556
3.326667	0.200	-2.312049
3.330000	0.200	-2.297546
3.333333	0.200	-2.288100
3.336667	0.200	-2.292322
3.340000	0.200	-2.314002
3.343333	0.200	-2.346010
3.346667	0.200	-2.374391
3.350000	0.200	-2.386300
3.353333	0.200	-2.376052
3.356667	0.200	-2.347046
3.360000	0.200	-2.308888
3.363333	0.200	-2.272245
3.366667	0.200	-2.245398
3.370000	0.200	-2.233875
3.373333	0.200	-2.240717
3.376667	0.200	-2.264696
3.380000	0.200	-2.297484
3.383333	0.200	-2.322535
3.386667	0.200	-2.316170
3.390000	0.200	-2.249930
3.393333	0.200	-2.093267
3.396667	0.200	-1.815768
3.400000	0.200	-1.389562
3.403333	0.200	-0.793627
3.406667	0.200	-0.020495
3.410000	0.200	0.916828
3.413333	0.200	1.980681
3.416667	0.200	3.108329
3.420000	0.200	4.216204
3.423333	0.200	5.209903
3.426667	0.200	5.998285
3.430000	0.200	6.508049
3.433333	0.200	6.695534
3.436667	0.200	6.552931
3.440000	0.200	6.107756
3.443333	0.200	5.416607
3.446667	0.200	4.554554
3.450000	0.200	3.602340
3.453333	0.200	2.634796
3.456667	0.200	1.712933
3.460000	0.200	0.880002
3.463333	0.200	0.160643
3.466667	0.200	-0.437723
3.470000	0.200	-0.921348
3.473333	0.200	-1.304869
3.476667	0.200	-1.605965
3.480000	0.200	-1.841752
3.483333	0.200	-2.027175
3.486667	0.200	-2.174339
3.490000	0.200	-2.292385
3.493333	0.200	-2.388275
3.496667	0.200	-2.467356
3.500000	0.200	-2.533181
3.503333	0.200	-2.587822
3.506667	0.200	-2.632747
3.510000	0.200	-2.669385
3.513333	0.200	-2.699276
3.516667	0.200	-2.723980
3.520000	0.200	-2.744917
3.523333	0.200	-2.763044
3.526667	0.200	-2.778433
3.530000	0.200	-2.790516
3.533333	0.200	-2.798885
3.536667	0.200	-2.803700
3.540000	0.200	-2.805861
3.543333	0.200	-2.807005
3.546667	0.200	-2.808654
3.550000	0.200	-2.811305
3.553333	0.200	-2.814598
3.556667	0.200	-2.817963
3.560000	0.200	-2.821009
3.563333	0.200	-2.823448
3.566667	0.200	-2.824846
3.570000	0.200	-2.825055
3.573333	0.200	-2.824835
3.576667	0.200	-2.825396
3.580000	0.200	-2.827230
3.583333	0.200	-2.829796
3.586667	0.200	-2.832262
3.590000	0.200	-2.834233
3.593333	0.200	-2.835667
3.596667	0.200	-2.836444
3.600000	0.200	-2.836591
3.603333	0.200	-2.836495
3.606667	0.200	-2.836264
3.610000	0.200	-2.835403
3.613333	0.200	-2.833472
3.616667	0.200	-2.830901
3.620000	0.200	-2.828848
3.623333	0.200	-2.828157
3.626667	0.200	-2.828877
3.630000	0.200	-2.830715
3.633333	0.200	-2.833339
3.636667	0.200	-2.836186
3.640000	0.200	-2.838557
3.643333	0.200	-2.840102
3.646667	0.200	-2.840939
3.650000	0.200	-2.841329
3.653333	0.200	-2.841476
3.656667	0.200	-2.841588
3.660000	0.200	-2.841781
3.663333	0.200	-2.841856
3.666667	0.200	-2.841615
3.670000	0.200	-2.841276
3.673333	0.200	-2.841297
3.676667	0.200	-2.842130
3.680000	0.200	-2.843973
3.683333	0.200	-2.846315
3.686667	0.200	-2.848102
3.690000	0.200	-2.848634
3.693333	0.200	-2.848173
3.696667	0.200	-2.847453
3.700000	0.200	-2.846683
3.703333	0.200	-2.845438
3.706667	0.200	-2.842917
3.710000	0.200	-2.836195
3.713333	0.200	-2.814873
3.716667	0.200	-2.753073
3.720000	0.200	-2.603528
3.723333	0.200	-2.301379
3.726667	0.200	-1.782725
3.730000	0.200	-1.013379
3.733333	0.200	-0.013156
3.736667	0.200	1.139478
3.740000	0.200	2.326355
3.743333	0.200	3.422219
3.746667	0.200	4.325801
3.750000	0.200	4.978646
3.753333	0.200	5.368310
3.756667	0.200	5.518983
3.760000	0.200	5.476113
3.763333	0.200	5.291452
3.766667	0.200	5.012372
3.770000	0.200	4.676262
3.773333	0.200	4.309076
3.776667	0.200	3.926782
3.780000	0.200	3.537900
3.783333	0.200	3.146026
3.786667	0.200	2.752433
3.790000	0.200	2.358059
3.793333	0.200	1.964142
3.796667	0.200	1.572520
3.800000	0.200	1.186101
3.803333	0.200	0.808564
3.806667	0.200	0.443485
3.810000	0.200	0.094044
3.813333	0.200	-0.236850
3.816667	0.200	-0.546598
3.820000	0.200	-0.833035
3.823333	0.200	-1.094484
3.826667	0.200	-1.329777
3.830000	0.200	-1.538697
3.833333	0.200	-1.722391
3.836667	0.200	-1.882624
3.840000	0.200	-2.020551
3.843333	0.200	-2.136745
3.846667	0.200	-2.232278
3.850000	0.200	-2.309370
3.853333	0.200	-2.371274
3.856667	0.200	-2.421715
3.860000	0.200	-2.463908
3.863333	0.200	-2.499746
3.866667	0.200	-2.530114
3.870000	0.200	-2.555997
3.873333	0.200	-2.578856
3.876667	0.200	-2.599956
3.880000	0.200	-2.619812
3.883333	0.200	-2.638388
3.886667	0.200	-2.655506
3.890000	0.200	-2.671084
3.893333	0.200	-2.685365
3.896667	0.200	-2.698906
3.900000	0.200	-2.712030
3.903333	0.200	-2.724364
3.906667	0.200	-2.735358
3.910000	0.200	-2.745143
3.913333	0.200	-2.754385
3.916667	0.200	-2.763544
3.920000	0.200	-2.772588
3.923333	0.200	-2.781114
3.926667	0.200	-2.788498
3.930000	0.200	-2.794091
3.933333	0.200	-2.797669
3.936667	0.200	-2.799700
3.940000	0.200	-2.800995
3.943333	0.200	-2.802125
3.946667	0.200	-2.803112
3.950000	0.200	-2.803824
3.953333	0.200	-2.804497
3.956667	0.200	-2.805228
3.960000	0.200	-2.805620
3.963333	0.200	-2.805672
3.966667	0.200	-2.805964
3.970000	0.200	-2.806764
3.973333	0.200	-2.807876
3.976667	0.200	-2.809052
3.980000	0.200	-2.810153
3.983333	0.200	-2.811116
3.986667	0.200	-2.811972
3.990000	0.200	-2.812991
3.993333	0.200	-2.814453
3.996667	0.200	-2.816160
4.000000	0.200	-2.817404
4.003333	0.200	-2.817365
4.006667	0.200	-2.815761
4.010000	0.200	-2.813256
4.013333	0.200	-2.811008
4.016667	0.200	-2.809879
4.020000	0.200	-2.809988
4.023333	0.200	-2.810789
4.026667	0.200	-2.811625
4.030000	0.200	-2.812266
4.033333	0.200	-2.812963
4.036667	0.200	-2.813982
4.040000	0.200	-2.815112
4.043333	0.200	-2.815978
4.046667	0.200	-2.816584
4.050000	0.200	-2.816998
4.053333	0.200	-2.817085
4.056667	0.200	-2.816942
4.060000	0.200	-2.817180
4.063333	0.200	-2.818405
4.066667	0.200	-2.820559
4.070000	0.200	-2.822988
4.073333	0.200	-2.824924
4.076667	0.200	-2.825750
4.080000	0.200	-2.825184
4.083333	0.200	-2.823513
4.086667	0.200	-2.821524
4.090000	0.200	-2.819982
4.093333	0.200	-2.819116
4.096667	0.200	-2.818666
4.100000	0.200	-2.818344
4.103333	0.200	-2.818160
4.106667	0.200	-2.818371
4.110000	0.200	-2.819240
4.113333	0.200	-2.820849
4.116667	0.200	-2.822964
4.120000	0.200	-2.824967
4.123333	0.200	-2.826168
4.126667	0.200	-2.826261
4.130000	0.200	-2.825249
4.133333	0.200	-2.823259
4.136667	0.200	-2.820983
4.140000	0.200	-2.819702
4.143333	0.200	-2.820102
4.146667	0.200	-2.821441
4.150000	0.200	-2.822359
4.153333	0.200	-2.822133
4.156667	0.200	-2.820903
4.160000	0.200	-2.819309
4.163333	0.200	-2.818180
4.166667	0.200	-2.818137
4.170000	0.200	-2.819405
4.173333	0.200	-2.821804
4.176667	0.200	-2.824815
4.180000	0.200	-2.827927
4.183333	0.200	-2.830734
4.186667	0.200	-2.832552
4.190000	0.200	-2.832634
4.193333	0.200	-2.831043
4.196667	0.200	-2.828922
4.200000	0.200	-2.827477
4.203333	0.200	-2.826811
4.206667	0.200	-2.826137
4.210000	0.200	-2.824889
4.213333	0.200	-2.823000
4.216667	0.200	-2.820467
4.220000	0.200	-2.817687
4.223333	0.200	-2.815749
4.226667	0.200	-2.815313
4.230000	0.200	-2.815841
4.233333	0.200	-2.816637
4.236667	0.200	-2.817954
4.240000	0.200	-2.820409
4.243333	0.200	-2.823724
4.246667	0.200	-2.826778
4.250000	0.200	-2.828831
4.253333	0.200	-2.830299
4.256667	0.200	-2.832203
4.260000	0.200	-2.834759
4.263333	0.200	-2.836776
4.266667	0.200	-2.836718
4.270000	0.200	-2.834110
4.273333	0.200	-2.829945
4.276667	0.200	-2.826049
4.280000	0.200	-2.823792
4.283333	0.200	-2.823299
4.286667	0.200	-2.823746
4.290000	0.200	-2.823868
4.293333	0.200	-2.822512
4.296667	0.200	-2.819372
4.300000	0.200	-2.815215
4.303333	0.200	-2.811320
4.306667	0.200	-2.808743
4.310000	0.200	-2.807998
4.313333	0.200	-2.808902
4.316667	0.200	-2.810705
4.320000	0.200	-2.812651
4.323333	0.200	-2.814288
4.326667	0.200	-2.815448
4.330000	0.200	-2.816253
4.333333	0.200	-2.816804
4.336667	0.200	-2.816797
4.340000	0.200	-2.815952
4.343333	0.200	-2.814572
4.346667	0.200	-2.813275
4.350000	0.200	-2.812417
4.353333	0.200	-2.811667
4.356667	0.200	-2.810214
4.360000	0.200	-2.807918
4.363333	0.200	-2.805774
4.366667	0.200	-2.804469
4.370000	0.200	-2.803162
4.373333	0.200	-2.800641
4.376667	0.200	-2.797154
4.380000	0.200	-2.794127
4.383333	0.200	-2.792524
4.386667	0.200	-2.792240
4.390000	0.200	-2.792622
4.393333	0.200	-2.793025
4.396667	0.200	-2.792948
4.400000	0.200	-2.792233
4.403333	0.200	-2.791470
4.406667	0.200	-2.791705
4.410000	0.200	-2.793539
4.413333	0.200	-2.796565
4.416667	0.200	-2.799602
4.420000	0.200	-2.801550
4.423333	0.200	-2.801933
4.426667	0.200	-2.800908
4.430000	0.200	-2.799124
4.433333	0.200	-2.797300
4.436667	0.200	-2.795665
4.440000	0.200	-2.793925
4.443333	0.200	-2.791760
4.446667	0.200	-2.789111
4.450000	0.200	-2.786284
4.453333	0.200	-2.784092
4.456667	0.200	-2.783317
4.460000	0.200	-2.783886
4.463333	0.200	-2.785058
4.466667	0.200	-2.786175
4.470000	0.200	-2.786990
4.473333	0.200	-2.787491
4.476667	0.200	-2.787497
4.480000	0.200	-2.786749
4.483333	0.200	-2.785486
4.486667	0.200	-2.784413
4.490000	0.200	-2.783907
4.493333	0.200	-2.783521
4.496667	0.200	-2.782525
4.500000	0.200	-2.780796
4.503333	0.200	-2.778864
4.506667	0.200	-2.777270
4.510000	0.200	-2.776179
4.513333	0.200	-2.775578
4.516667	0.200	-2.775499
4.520000	0.200	-2.775912
4.523333	0.200	-2.776442
4.526667	0.200	-2.776161
4.530000	0.200	-2.774166
4.533333	0.200	-2.770736
4.536667	0.200	-2.767183
4.540000	0.200	-2.764450
4.543333	0.200	-2.762627
4.546667	0.200	-2.761607
4.550000	0.200	-2.761329
4.553333	0.200	-2.761369
4.556667	0.200	-2.760965
4.560000	0.200	-2.759714
4.563333	0.200	-2.758024
4.566667	0.200	-2.756789
4.570000	0.200	-2.756621
4.573333	0.200	-2.757562
4.576667	0.200	-2.759326
4.580000	0.200	-2.761364
4.583333	0.200	-2.762995
4.586667	0.200	-2.763849
4.590000	0.200	-2.763946
4.593333	0.200	-2.763207
4.596667	0.200	-2.761169
4.600000	0.200	-2.757499
4.603333	0.200	-2.752545
4.606667	0.200	-2.747065
4.610000	0.200	-2.741991
4.613333	0.200	-2.738712
4.616667	0.200	-2.738242
4.620000	0.200	-2.739937
4.623333	0.200	-2.741897
4.626667	0.200	-2.742351
4.630000	0.200	-2.740533
4.633333	0.200	-2.737000
4.636667	0.200	-2.733213
4.640000	0.200	-2.730385
4.643333	0.200	-2.728669
4.646667	0.200	-2.727578
4.650000	0.200	-2.726663
4.653333	0.200	-2.725313
4.656667	0.200	-2.722644
4.660000	0.200	-2.718057
4.663333	0.200	-2.711493
4.666667	0.200	-2.703570
4.670000	0.200	-2.695622
4.673333	0.200	-2.688767
4.676667	0.200	-2.683259
4.680000	0.200	-2.678991
4.683333	0.200	-2.675814
4.686667	0.200	-2.673597
4.690000	0.200	-2.672448
4.693333	0.200	-2.672612
4.696667	0.200	-2.674029
4.700000	0.200	-2.676156
4.703333	0.200	-2.678310
4.706667	0.200	-2.680184
4.710000	0.200	-2.681841
4.713333	0.200	-2.683205
4.716667	0.200	-2.683975
4.720000	0.200	-2.683897
4.723333	0.200	-2.682667
4.726667	0.200	-2.679873
4.730000	0.200	-2.675252
4.733333	0.200	-2.668802
4.736667	0.200	-2.660847
4.740000	0.200	-2.651851
4.743333	0.200	-2.641981
4.746667	0.200	-2.631284
4.750000	0.200	-2.620177
4.753333	0.200	-2.609445
4.756667	0.200	-2.600056
4.760000	0.200	-2.593069
4.763333	0.200	-2.589557
4.766667	0.200	-2.590276
4.770000	0.200	-2.595161
4.773333	0.200	-2.603264
4.776667	0.200	-2.613083
4.780000	0.200	-2.622874
4.783333	0.200	-2.631230
4.786667	0.200	-2.637877
4.790000	0.200	-2.643485
4.793333	0.200	-2.648293
4.796667	0.200	-2.651657
4.800000	0.200	-2.653039
4.803333	0.200	-2.652377
4.806667	0.200	-2.649508
4.810000	0.200	-2.643958
4.813333	0.200	-2.635083
4.816667	0.200	-2.622418
4.820000	0.200	-2.606501
4.823333	0.200	-2.589245
4.826667	0.200	-2.573069
4.830000	0.200	-2.559649
4.833333	0.200	-2.549641
4.836667	0.200	-2.543147
4.840000	0.200	-2.539661
4.843333	0.200	-2.537942
4.846667	0.200	-2.536758
4.850000	0.200	-2.535525
4.853333	0.200	-2.533843
4.856667	0.200	-2.530928
4.860000	0.200	-2.525788
4.863333	0.200	-2.517683
4.866667	0.200	-2.506327
4.870000	0.200	-2.491851
4.873333	0.200	-2.474740
4.876667	0.200	-2.455508
4.880000	0.200	-2.434553
4.883333	0.200	-2.412834
4.886667	0.200	-2.392458
4.890000	0.200	-2.376030
4.893333	0.200	-2.365476
4.896667	0.200	-2.361754
4.900000	0.200	-2.365186
4.903333	0.200	-2.375358
4.906667	0.200	-2.390981
4.910000	0.200	-2.410455
4.913333	0.200	-2.432313
4.916667	0.200	-2.455146
4.920000	0.200	-2.477696
4.923333	0.200	-2.499053
4.926667	0.200	-2.518472
4.930000	0.200	-2.535414
4.933333	0.200	-2.549906
4.936667	0.200	-2.562252
4.940000	0.200	-2.572409
4.943333	0.200	-2.580173
4.946667	0.200	-2.585762
4.950000	0.200	-2.589907
4.953333	0.200	-2.593401
4.956667	0.200	-2.596575
4.960000	0.200	-2.599108
4.963333	0.200	-2.600117
4.966667	0.200	-2.598555
4.970000	0.200	-2.593832
4.973333	0.200	-2.586163
4.976667	0.200	-2.576721
4.980000	0.200	-2.567218
4.983333	0.200	-2.558571
4.986667	0.200	-2.550436
4.990000	0.200	-2.542400
4.993333	0.200	-2.534623
4.996667	0.200	-2.526917
5.000000	0.200	-2.518250
5.003333	0.200	-2.507817
5.006667	0.200	-2.495374
5.010000	0.200	-2.479223
5.013333	0.200	-2.454725
5.016667	0.200	-2.415037
5.020000	0.200	-2.351694
5.023333	0.200	-2.254263
5.026667	0.200	-2.110540
5.030000	0.200	-1.907694
5.033333	0.200	-1.633777
5.036667	0.200	-1.279401
5.040000	0.200	-0.840236
5.043333	0.200	-0.319984
5.046667	0.200	0.267825
5.050000	0.200	0.899571
5.053333	0.200	1.542669
5.056667	0.200	2.158544
5.060000	0.200	2.706929
5.063333	0.200	3.150268
5.066667	0.200	3.457976
5.070000	0.200	3.610455
5.073333	0.200	3.601611
5.076667	0.200	3.438642
5.080000	0.200	3.139795
5.083333	0.200	2.731524
5.086667	0.200	2.245440
5.090000	0.200	1.714980
5.093333	0.200	1.172134
5.096667	0.200	0.644838
5.100000	0.200	0.154887
5.103333	0.200	-0.283579
5.106667	0.200	-0.664145
5.110000	0.200	-0.986732
5.113333	0.200	-1.255362
5.116667	0.200	-1.475781
5.120000	0.200	-1.653637
5.123333	0.200	-1.793215
5.126667	0.200	-1.896918
5.130000	0.200	-1.966379
5.133333	0.200	-2.004599
5.136667	0.200	-2.017476
5.140000	0.200	-2.014092
5.143333	0.200	-2.005590
5.146667	0.200	-2.002774
5.150000	0.200	-2.013636
5.153333	0.200	-2.041843
5.156667	0.200	-2.086487
5.160000	0.200	-2.143051
5.163333	0.200	-2.204884
5.166667	0.200	-2.265087
5.170000	0.200	-2.318705
5.173333	0.200	-2.363557
5.176667	0.200	-2.399195
5.180000	0.200	-2.425949
5.183333	0.200	-2.444890
5.186667	0.200	-2.457660
5.190000	0.200	-2.466061
5.193333	0.200	-2.471584
5.196667	0.200	-2.474921
5.200000	0.200	-2.476083
5.203333	0.200	-2.474877
5.206667	0.200	-2.471093
5.210000	0.200	-2.464860
5.213333	0.200	-2.457022
5.216667	0.200	-2.448856
5.220000	0.200	-2.441190
5.223333	0.200	-2.433780
5.226667	0.200	-2.425642
5.230000	0.200	-2.415779
5.233333	0.200	-2.403127
5.236667	0.200	-2.384904
5.240000	0.200	-2.352929
5.243333	0.200	-2.287983
5.246667	0.200	-2.152890
5.250000	0.200	-1.886549
5.253333	0.200	-1.403167
5.256667	0.200	-0.601173
5.260000	0.200	0.615241
5.263333	0.200	2.303335
5.266667	0.200	4.445917
5.270000	0.200	6.925250
5.273333	0.200	9.520016
5.276667	0.200	11.933515
5.280000	0.200	13.850418
5.283333	0.200	15.006982
5.286667	0.200	15.252729
5.290000	0.200	14.584170
5.293333	0.200	13.140316
5.296667	0.200	11.161809
5.300000	0.200	8.929190
5.303333	0.200	6.702598
5.306667	0.200	4.679085
5.310000	0.200	2.973502
5.313333	0.200	1.621754
5.316667	0.200	0.600173
5.320000	0.200	-0.148272
5.323333	0.200	-0.689932
5.326667	0.200	-1.084362
5.330000	0.200	-1.377156
5.333333	0.200	-1.599475
5.336667	0.200	-1.771153
5.340000	0.200	-1.904509
5.343333	0.200	-2.007224
5.346667	0.200	-2.084427
5.350000	0.200	-2.140541
5.353333	0.200	-2.180367
5.356667	0.200	-2.208886
5.360000	0.200	-2.230348
5.363333	0.200	-2.247405
5.366667	0.200	-2.260994
5.370000	0.200	-2.271310
5.373333	0.200	-2.278795
5.376667	0.200	-2.284406
5.380000	0.200	-2.289266
5.383333	0.200	-2.293856
5.386667	0.200	-2.297690
5.390000	0.200	-2.300151
5.393333	0.200	-2.301415
5.396667	0.200	-2.302217
5.400000	0.200	-2.303039
5.403333	0.200	-2.304007
5.406667	0.200	-2.305166
5.410000	0.200	-2.306612
5.413333	0.200	-2.308542
5.416667	0.200	-2.311136
5.420000	0.200	-2.314562
5.423333	0.200	-2.318928
5.426667	0.200	-2.323907
5.430000	0.200	-2.328762
5.433333	0.200	-2.332978
5.436667	0.200	-2.336744
5.440000	0.200	-2.340600
5.443333	0.200	-2.344502
5.446667	0.200	-2.347647
5.450000	0.200	-2.349333
5.453333	0.200	-2.349450
5.456667	0.200	-2.348055
5.460000	0.200	-2.344990
5.463333	0.200	-2.340026
5.466667	0.200	-2.333218
5.470000	0.200	-2.325176
5.473333	0.200	-2.316978
5.476667	0.200	-2.309540
5.480000	0.200	-2.302983
5.483333	0.200	-2.296749
5.486667	0.200	-2.290206
5.490000	0.200	-2.282870
5.493333	0.200	-2.274074
5.496667	0.200	-2.262505
5.500000	0.200	-2.245803
5.503333	0.200	-2.220859
5.506667	0.200	-2.185130
5.510000	0.200	-2.137690
5.513333	0.200	-2.079374
5.516667	0.200	-2.013199
5.520000	0.200	-1.944982
5.523333	0.200	-1.882743
5.526667	0.200	-1.834843
5.530000	0.200	-1.807736
5.533333	0.200	-1.804427
5.536667	0.200	-1.824519
5.540000	0.200	-1.864939
5.543333	0.200	-1.920073
5.546667	0.200	-1.982453
5.550000	0.200	-2.044795
5.553333	0.200	-2.101630
5.556667	0.200	-2.149637
5.560000	0.200	-2.187507
5.563333	0.200	-2.215477
5.566667	0.200	-2.234603
5.570000	0.200	-2.245890
5.573333	0.200	-2.249261
5.576667	0.200	-2.243053
5.580000	0.200	-2.224482
5.583333	0.200	-2.190811
5.586667	0.200	-2.140154
5.590000	0.200	-2.070716
5.593333	0.200	-1.979431
5.596667	0.200	-1.861386
5.600000	0.200	-1.709669
5.603333	0.200	-1.515393
5.606667	0.200	-1.268130
5.610000	0.200	-0.956958
5.613333	0.200	-0.572540
5.616667	0.200	-0.109903
5.620000	0.200	0.429793
5.623333	0.200	1.039269
5.626667	0.200	1.705531
5.630000	0.200	2.409383
5.633333	0.200	3.124900
5.636667	0.200	3.820267
5.640000	0.200	4.460219
5.643333	0.200	5.009716
5.646667	0.200	5.438133
5.650000	0.200	5.722731
5.653333	0.200	5.850531
5.656667	0.200	5.818483
5.660000	0.200	5.632617
5.663333	0.200	5.307199
5.666667	0.200	4.863809
5.670000	0.200	4.329506
5.673333	0.200	3.734124
5.676667	0.200	3.107347
5.680000	0.200	2.475906
5.683333	0.200	1.861759
5.686667	0.200	1.281705
5.690000	0.200	0.747767
5.693333	0.200	0.267589
5.696667	0.200	-0.155339
5.700000	0.200	-0.521198
5.703333	0.200	-0.832869
5.706667	0.200	-1.094855
5.710000	0.200	-1.312440
5.713333	0.200	-1.491397
5.716667	0.200	-1.637881
5.720000	0.200	-1.757739
5.723333	0.200	-1.855780
5.726667	0.200	-1.935787
5.730000	0.200	-2.000862
5.733333	0.200	-2.053595
5.736667	0.200	-2.095976
5.740000	0.200	-2.129253
5.743333	0.200	-2.154367
5.746667	0.200	-2.172795
5.750000	0.200	-2.186457
5.753333	0.200	-2.196773
5.756667	0.200	-2.204654
5.760000	0.200	-2.211330
5.763333	0.200	-2.218199
5.766667	0.200	-2.225647
5.770000	0.200	-2.232655
5.773333	0.200	-2.237932
5.776667	0.200	-2.241179
5.780000	0.200	-2.243201
5.783333	0.200	-2.245256
5.786667	0.200	-2.248246
5.790000	0.200	-2.251893
5.793333	0.200	-2.254815
5.796667	0.200	-2.255854
5.800000	0.200	-2.255109
5.803333	0.200	-2.253422
5.806667	0.200	-2.251311
5.810000	0.200	-2.248654
5.813333	0.200	-2.245091
5.816667	0.200	-2.240190
5.820000	0.200	-2.233197
5.823333	0.200	-2.223325
5.826667	0.200	-2.210437
5.830000	0.200	-2.195115
5.833333	0.200	-2.178195
5.836667	0.200	-2.160552
5.840000	0.200	-2.143360
5.843333	0.200	-2.128419
5.846667	0.200	-2.117753
5.850000	0.200	-2.112404
5.853333	0.200	-2.111757
5.856667	0.200	-2.114343
5.860000	0.200	-2.119099
5.863333	0.200	-2.125437
5.866667	0.200	-2.132504
5.870000	0.200	-2.139255
5.873333	0.200	-2.145168
5.876667	0.200	-2.150586
5.880000	0.200	-2.156526
5.883333	0.200	-2.163895
5.886667	0.200	-2.172905
5.890000	0.200	-2.183400
5.893333	0.200	-2.194854
5.896667	0.200	-2.205717
5.900000	0.200	-2.213820
5.903333	0.200	-2.217650
5.906667	0.200	-2.216862
5.910000	0.200	-2.211801
5.913333	0.200	-2.202603
5.916667	0.200	-2.188474
5.920000	0.200	-2.167641
5.923333	0.200	-2.137770
5.926667	0.200	-2.096530
5.930000	0.200	-2.042535
5.933333	0.200	-1.976525
5.936667	0.200	-1.901742
5.940000	0.200	-1.823355
5.943333	0.200	-1.747743
5.946667	0.200	-1.681664
5.950000	0.200	-1.631176
5.953333	0.200	-1.600749
5.956667	0.200	-1.592760
5.960000	0.200	-1.607260
5.963333	0.200	-1.642068
5.966667	0.200	-1.693031
5.970000	0.200	-1.754561
5.973333	0.200	-1.820677
5.976667	0.200	-1.886085
5.980000	0.200	-1.946784
5.983333	0.200	-2.000210
5.986667	0.200	-2.045138
5.990000	0.200	-2.081514
5.993333	0.200	-2.109873
5.996667	0.200	-2.130503
6.000000	0.200	-2.143448
6.003333	0.200	-2.149423
6.006667	0.200	-2.150238
6.010000	0.200	-2.148169
6.013333	0.200	-2.145207
6.016667	0.200	-2.142837
6.020000	0.200	-2.142065
6.023333	0.200	-2.143335
6.026667	0.200	-2.146548
6.030000	0.200	-2.151229
6.033333	0.200	-2.156381
6.036667	0.200	-2.160841
6.040000	0.200	-2.164308
6.043333	0.200	-2.167354
6.046667	0.200	-2.170454
6.050000	0.200	-2.173571
6.053333	0.200	-2.176342
6.056667	0.200	-2.178379
6.060000	0.200	-2.179620
6.063333	0.200	-2.180248
6.066667	0.200	-2.180258
6.070000	0.200	-2.179410
6.073333	0.200	-2.177627
6.076667	0.200	-2.175307
6.080000	0.200	-2.173245
6.083333	0.200	-2.171782
6.086667	0.200	-2.169869
6.090000	0.200	-2.165806
6.093333	0.200	-2.158720
6.096667	0.200	-2.148372
6.100000	0.200	-2.133990
6.103333	0.200	-2.114214
6.106667	0.200	-2.087982
6.110000	0.200	-2.055228
6.113333	0.200	-2.017119
6.116667	0.200	-1.975836
6.120000	0.200	-1.934128
6.123333	0.200	-1.895186
6.126667	0.200	-1.862842
6.130000	0.200	-1.841252
6.133333	0.200	-1.833342
6.136667	0.200	-1.839208
6.140000	0.200	-1.856472
6.143333	0.200	-1.881985
6.146667	0.200	-1.912599
6.150000	0.200	-1.945026
6.153333	0.200	-1.976363
6.156667	0.200	-2.004963
6.160000	0.200	-2.030291
6.163333	0.200	-2.052189
6.166667	0.200	-2.070613
6.170000	0.200	-2.085681
6.173333	0.200	-2.097830
6.176667	0.200	-2.108008
6.180000	0.200	-2.117289
6.183333	0.200	-2.126077
6.186667	0.200	-2.133846
6.190000	0.200	-2.139506
6.193333	0.200	-2.142172
6.196667	0.200	-2.141956
6.200000	0.200	-2.139957
6.203333	0.200	-2.137390
6.206667	0.200	-2.134938
6.210000	0.200	-2.132845
6.213333	0.200	-2.131281
6.216667	0.200	-2.130347
6.220000	0.200	-2.129920
6.223333	0.200	-2.129741
6.226667	0.200	-2.129635
6.230000	0.200	-2.129539
6.233333	0.200	-2.129415
6.236667	0.200	-2.129360
6.240000	0.200	-2.129474
6.243333	0.200	-2.129358
6.246667	0.200	-2.128219
6.250000	0.200	-2.125450
6.253333	0.200	-2.120788
6.256667	0.200	-2.114046
6.260000	0.200	-2.104634
6.263333	0.200	-2.091242
6.266667	0.200	-2.072221
6.270000	0.200	-2.046380
6.273333	0.200	-2.013453
6.276667	0.200	-1.973986
6.280000	0.200	-1.928976
6.283333	0.200	-1.879719
6.286667	0.200	-1.827996
6.290000	0.200	-1.776113
6.293333	0.200	-1.726331
6.296667	0.200	-1.680365
6.300000	0.200	-1.639464
6.303333	0.200	-1.604584
6.306667	0.200	-1.576484
6.310000	0.200	-1.555897
6.313333	0.200	-1.543612
6.316667	0.200	-1.540539
6.320000	0.200	-1.547630
6.323333	0.200	-1.565374
6.326667	0.200	-1.593220
6.330000	0.200	-1.629786
6.333333	0.200	-1.673426
6.336667	0.200	-1.721873
6.340000	0.200	-1.771884
6.343333	0.200	-1.819921
6.346667	0.200	-1.863071
6.350000	0.200	-1.899793
6.353333	0.200	-1.930297
6.356667	0.200	-1.956102
6.360000	0.200	-1.979008
6.363333	0.200	-2.000185
6.366667	0.200	-2.019737
6.370000	0.200	-2.036644
6.373333	0.200	-2.049849
6.376667	0.200	-2.059800
6.380000	0.200	-2.067978
6.383333	0.200	-2.075180
6.386667	0.200	-2.081448
6.390000	0.200	-2.087444
6.393333	0.200	-2.094996
6.396667	0.200	-2.105687
6.400000	0.200	-2.118895
6.403333	0.200	-2.131660
6.406667	0.200	-2.140691
6.410000	0.200	-2.144512
6.413333	0.200	-2.144149
6.416667	0.200	-2.142102
6.420000	0.200	-2.140230
6.423333	0.200	-2.138510
6.426667	0.200	-2.136041
6.430000	0.200	-2.132757
6.433333	0.200	-2.129839
6.436667	0.200	-2.128693
6.440000	0.200	-2.129774
6.443333	0.200	-2.132796
6.446667	0.200	-2.137786
6.450000	0.200	-2.144885
6.453333	0.200	-2.153076
6.456667	0.200	-2.160039
6.460000	0.200	-2.163429
6.463333	0.200	-2.161908
6.466667	0.200	-2.155415
6.470000	0.200	-2.144898
6.473333	0.200	-2.131219
6.476667	0.200	-2.114255
6.480000	0.200	-2.093520
6.483333	0.200	-2.069457
6.486667	0.200	-2.043804
6.490000	0.200	-2.018671
6.493333	0.200	-1.995395
6.496667	0.200	-1.974460
6.500000	0.200	-1.956242
6.503333	0.200	-1.941532
6.506667	0.200	-1.931094
6.510000	0.200	-1.924371
6.513333	0.200	-1.919276
6.516667	0.200	-1.914041
6.520000	0.200	-1.909002
6.523333	0.200	-1.906397
6.526667	0.200	-1.908814
6.530000	0.200	-1.917472
6.533333	0.200	-1.931125
6.536667	0.200	-1.946377
6.540000	0.200	-1.959893
6.543333	0.200	-1.971064
6.546667	0.200	-1.982257
6.550000	0.200	-1.996437
6.553333	0.200	-2.015185
6.556667	0.200	-2.038174
6.560000	0.200	-2.063362
6.563333	0.200	-2.087925
6.566667	0.200	-2.109121
6.570000	0.200	-2.124426
6.573333	0.200	-2.132141
6.576667	0.200	-2.132362
6.580000	0.200	-2.126661
6.583333	0.200	-2.116813
6.586667	0.200	-2.104204
6.590000	0.200	-2.090175
6.593333	0.200	-2.076319
6.596667	0.200	-2.064356
6.600000	0.200	-2.055619
6.603333	0.200	-2.050004
6.606667	0.200	-2.045590
6.610000	0.200	-2.040200
6.613333	0.200	-2.033587
6.616667	0.200	-2.028333
6.620000	0.200	-2.029169
6.623333	0.200	-2.040791
6.626667	0.200	-2.064793
6.630000	0.200	-2.097928
6.633333	0.200	-2.133578
6.636667	0.200	-2.165395
6.640000	0.200	-2.190279
6.643333	0.200	-2.208552
6.646667	0.200	-2.221877
6.650000	0.200	-2.231527
6.653333	0.200	-2.238054
6.656667	0.200	-2.241639
6.660000	0.200	-2.242853
6.663333	0.200	-2.243208
6.666667	0.200	-2.244294
6.670000	0.200	-2.246446
6.673333	0.200	-2.249272
6.676667	0.200	-2.253000
6.680000	0.200	-2.257940
6.683333	0.200	-2.263496
6.686667	0.200	-2.268835
6.690000	0.200	-2.273585
6.693333	0.200	-2.277511
6.696667	0.200	-2.280389
6.700000	0.200	-2.282404
6.703333	0.200	-2.284171
6.706667	0.200	-2.286265
6.710000	0.200	-2.288784
6.713333	0.200	-2.291314
6.716667	0.200	-2.293200
6.720000	0.200	-2.293867
6.723333	0.200	-2.293273
6.726667	0.200	-2.292104
6.730000	0.200	-2.291040
6.733333	0.200	-2.289976
6.736667	0.200	-2.288163
6.740000	0.200	-2.284572
6.743333	0.200	-2.278140
6.746667	0.200	-2.268218
6.750000	0.200	-2.254814
6.753333	0.200	-2.238455
6.756667	0.200	-2.220132
6.760000	0.200	-2.201281
6.763333	0.200	-2.183186
6.766667	0.200	-2.166211
6.770000	0.200	-2.150100
6.773333	0.200	-2.135280
6.776667	0.200	-2.123615
6.780000	0.200	-2.117400
6.783333	0.200	-2.117497
6.786667	0.200	-2.122907
6.790000	0.200	-2.131958
6.793333	0.200	-2.143442
6.796667	0.200	-2.156914
6.800000	0.200	-2.172331
6.803333	0.200	-2.189302
6.806667	0.200	-2.206707
6.810000	0.200	-2.223239
6.813333	0.200	-2.238110
6.816667	0.200	-2.251035
6.820000	0.200	-2.261879
6.823333	0.200	-2.270584
6.826667	0.200	-2.277205
6.830000	0.200	-2.281808
6.833333	0.200	-2.284499
6.836667	0.200	-2.285583
6.840000	0.200	-2.285512
6.843333	0.200	-2.284664
6.846667	0.200	-2.283299
6.850000	0.200	-2.281703
6.853333	0.200	-2.280431
6.856667	0.200	-2.280290
6.860000	0.200	-2.281506
6.863333	0.200	-2.283145
6.866667	0.200	-2.284036
6.870000	0.200	-2.283792
6.873333	0.200	-2.282768
6.876667	0.200	-2.281546
6.880000	0.200	-2.280359
6.883333	0.200	-2.278888
6.886667	0.200	-2.276575
6.890000	0.200	-2.272781
6.893333	0.200	-2.266422
6.896667	0.200	-2.255403
6.900000	0.200	-2.236505
6.903333	0.200	-2.205306
6.906667	0.200	-2.155682
6.910000	0.200	-2.079932
6.913333	0.200	-1.969566
6.916667	0.200	-1.815358
6.920000	0.200	-1.607160
6.923333	0.200	-1.334758
6.926667	0.200	-0.989676
6.930000	0.200	-0.567431
6.933333	0.200	-0.069713
6.936667	0.200	0.494382
6.940000	0.200	1.108358
6.943333	0.200	1.748897
6.946667	0.200	2.386612
6.950000	0.200	2.987746
6.953333	0.200	3.517549
6.956667	0.200	3.944555
6.960000	0.200	4.243890
6.963333	0.200	4.399064
6.966667	0.200	4.403386
6.970000	0.200	4.261105
6.973333	0.200	3.986657
6.976667	0.200	3.601974
6.980000	0.200	3.133681
6.983333	0.200	2.610729
6.986667	0.200	2.062046
6.990000	0.200	1.514232
6.993333	0.200	0.989327
6.996667	0.200	0.503303
7.000000	0.200	0.066151
7.003333	0.200	-0.317103
7.006667	0.200	-0.645831
7.010000	0.200	-0.923306
7.013333	0.200	-1.155263
7.016667	0.200	-1.348072
7.020000	0.200	-1.507365
7.023333	0.200	-1.637548
7.026667	0.200	-1.742551
7.030000	0.200	-1.826782
7.033333	0.200	-1.894994
7.036667	0.200	-1.951292
7.040000	0.200	-1.998268
7.043333	0.200	-2.037135
7.046667	0.200	-2.068591
7.050000	0.200	-2.093514
7.053333	0.200	-2.113227
7.056667	0.200	-2.129270
7.060000	0.200	-2.142907
7.063333	0.200	-2.154904
7.066667	0.200	-2.165389
7.070000	0.200	-2.173809
7.073333	0.200	-2.179630
7.076667	0.200	-2.183099
7.080000	0.200	-2.185001
7.083333	0.200	-2.186168
7.086667	0.200	-2.187413
7.090000	0.200	-2.189109
7.093333	0.200	-2.190530
7.096667	0.200	-2.190498
7.100000	0.200	-2.189057
7.103333	0.200	-2.187658
7.106667	0.200	-2.187410
7.110000	0.200	-2.187947
7.113333	0.200	-2.188263
7.116667	0.200	-2.187642
7.120000	0.200	-2.185729
7.123333	0.200	-2.182877
7.126667	0.200	-2.180309
7.130000	0.200	-2.179381
7.133333	0.200	-2.180780
7.136667	0.200	-2.183929
7.140000	0.200	-2.187127
7.143333	0.200	-2.189027
7.146667	0.200	-2.189693
7.150000	0.200	-2.189904
7.153333	0.200	-2.190290
7.156667	0.200	-2.191359
7.160000	0.200	-2.193486
7.163333	0.200	-2.196646
7.166667	0.200	-2.200438
7.170000	0.200	-2.204212
7.173333	0.200	-2.207128
7.176667	0.200	-2.208576
7.180000	0.200	-2.208888
7.183333	0.200	-2.209344
7.186667	0.200	-2.211183
7.190000	0.200	-2.214902
7.193333	0.200	-2.220376
7.196667	0.200	-2.227075
7.200000	0.200	-2.234144
7.203333	0.200	-2.240550
7.206667	0.200	-2.245106
7.210000	0.200	-2.246638
7.213333	0.200	-2.244620
7.216667	0.200	-2.239374
7.220000	0.200	-2.231338
7.223333	0.200	-2.220367
7.226667	0.200	-2.205622
7.230000	0.200	-2.185479
7.233333	0.200	-2.157023
7.236667	0.200	-2.115766
7.240000	0.200	-2.055841
7.243333	0.200	-1.970170
7.246667	0.200	-1.850718
7.250000	0.200	-1.689243
7.253333	0.200	-1.478339
7.256667	0.200	-1.212029
7.260000	0.200	-0.885708
7.263333	0.200	-0.496230
7.266667	0.200	-0.043079
7.270000	0.200	0.469395
7.273333	0.200	1.030259
7.276667	0.200	1.622199
7.280000	0.200	2.222783
7.283333	0.200	2.805907
7.286667	0.200	3.343959
7.290000	0.200	3.810244
7.293333	0.200	4.180988
7.296667	0.200	4.437301
7.300000	0.200	4.566799
7.303333	0.200	4.564346
7.306667	0.200	4.432462
7.310000	0.200	4.181585
7.313333	0.200	3.829249
7.316667	0.200	3.397824
7.320000	0.200	2.911691
7.323333	0.200	2.394990
7.326667	0.200	1.870203
7.330000	0.200	1.356989
7.333333	0.200	0.870978
7.336667	0.200	0.422867
7.340000	0.200	0.018422
7.343333	0.200	-0.340311
7.346667	0.200	-0.653278
7.350000	0.200	-0.921640
7.353333	0.200	-1.148094
7.356667	0.200	-1.337052
7.360000	0.200	-1.494064
7.363333	0.200	-1.624778
7.366667	0.200	-1.733906
7.370000	0.200	-1.824963
7.373333	0.200	-1.900795
7.376667	0.200	-1.963928
7.380000	0.200	-2.016466
7.383333	0.200	-2.060161
7.386667	0.200	-2.096713
7.390000	0.200	-2.127410
7.393333	0.200	-2.152334
7.396667	0.200	-2.170831
7.400000	0.200	-2.182788
7.403333	0.200	-2.188792
7.406667	0.200	-2.189492
7.410000	0.200	-2.185288
7.413333	0.200	-2.176416
7.416667	0.200	-2.163242
7.420000	0.200	-2.146460
7.423333	0.200	-2.127050
7.426667	0.200	-2.106089
7.430000	0.200	-2.084668
7.433333	0.200	-2.064442
7.436667	0.200	-2.047863
7.440000	0.200	-2.037203
7.443333	0.200	-2.033622
7.446667	0.200	-2.036836
7.450000	0.200	-2.045206
7.453333	0.200	-2.056647
7.456667	0.200	-2.069696
7.460000	0.200	-2.083585
7.463333	0.200	-2.098008
7.466667	0.200	-2.113448
7.470000	0.200	-2.131050
7.473333	0.200	-2.151504
7.476667	0.200	-2.174094
7.480000	0.200	-2.196551
7.483333	0.200	-2.216153
7.486667	0.200	-2.231760
7.490000	0.200	-2.244293
7.493333	0.200	-2.255228
7.496667	0.200	-2.265434
7.500000	0.200	-2.275040
7.503333	0.200	-2.283750
7.506667	0.200	-2.291169
7.510000	0.200	-2.296975
7.513333	0.200	-2.301143
7.516667	0.200	-2.303944
7.520000	0.200	-2.305748
7.523333	0.200	-2.307008
7.526667	0.200	-2.308095
7.530000	0.200	-2.309113
7.533333	0.200	-2.309797
7.536667	0.200	-2.309419
7.540000	0.200	-2.307186
7.543333	0.200	-2.302952
7.546667	0.200	-2.297684
7.550000	0.200	-2.292954
7.553333	0.200	-2.289445
7.556667	0.200	-2.286403
7.560000	0.200	-2.282590
7.563333	0.200	-2.277333
7.566667	0.200	-2.271079
7.570000	0.200	-2.265136
7.573333	0.200	-2.260732
7.576667	0.200	-2.258348
7.580000	0.200	-2.257610
7.583333	0.200	-2.257906
7.586667	0.200	-2.259402
7.590000	0.200	-2.262789
7.593333	0.200	-2.267858
7.596667	0.200	-2.273225
7.600000	0.200	-2.277692
7.603333	0.200	-2.281271
7.606667	0.200	-2.284634
7.610000	0.200	-2.288137
7.613333	0.200	-2.291792
7.616667	0.200	-2.295537
7.620000	0.200	-2.299023
7.623333	0.200	-2.301782
7.626667	0.200	-2.303745
7.630000	0.200	-2.304979
7.633333	0.200	-2.305165
7.636667	0.200	-2.304145
7.640000	0.200	-2.302532
7.643333	0.200	-2.301020
7.646667	0.200	-2.299848
7.650000	0.200	-2.299174
7.653333	0.200	-2.298959
7.656667	0.200	-2.298711
7.660000	0.200	-2.298107
7.663333	0.200	-2.297342
7.666667	0.200	-2.296672
7.670000	0.200	-2.296314
7.673333	0.200	-2.296701
7.676667	0.200	-2.298213
7.680000	0.200	-2.300802
7.683333	0.200	-2.304170
7.686667	0.200	-2.307846
7.690000	0.200	-2.310956
7.693333	0.200	-2.312534
7.696667	0.200	-2.312395
7.700000	0.200	-2.311435
7.703333	0.200	-2.310788
7.706667	0.200	-2.310842
7.710000	0.200	-2.311323
7.713333	0.200	-2.311984
7.716667	0.200	-2.312738
7.720000	0.200	-2.313548
7.723333	0.200	-2.314626
7.726667	0.200	-2.316121
7.730000	0.200	-2.317532
7.733333	0.200	-2.318156
7.736667	0.200	-2.317973
7.740000	0.200	-2.317479
7.743333	0.200	-2.316846
7.746667	0.200	-2.315764
7.750000	0.200	-2.313982
7.753333	0.200	-2.311562
7.756667	0.200	-2.308704
7.760000	0.200	-2.305544
7.763333	0.200	-2.302181
7.766667	0.200	-2.298996
7.770000	0.200	-2.296679
7.773333	0.200	-2.295753
7.776667	0.200	-2.296124
7.780000	0.200	-2.297144
7.783333	0.200	-2.298109
7.786667	0.200	-2.298750
7.790000	0.200	-2.299428
7.793333	0.200	-2.300915
7.796667	0.200	-2.303837
7.800000	0.200	-2.308210
7.803333	0.200	-2.313360
7.806667	0.200	-2.318297
7.810000	0.200	-2.322017
7.813333	0.200	-2.323823
7.816667	0.200	-2.323839
7.820000	0.200	-2.322854
7.823333	0.200	-2.321723
7.826667	0.200	-2.321065
7.830000	0.200	-2.321191
7.833333	0.200	-2.322321
7.836667	0.200	-2.324333
7.840000	0.200	-2.326196
7.843333	0.200	-2.326598
7.846667	0.200	-2.325129
7.850000	0.200	-2.322286
7.853333	0.200	-2.318934
7.856667	0.200	-2.316139
7.860000	0.200	-2.314904
7.863333	0.200	-2.315750
7.866667	0.200	-2.318453
7.870000	0.200	-2.322078
7.873333	0.200	-2.325577
7.876667	0.200	-2.328447
7.880000	0.200	-2.330807
7.883333	0.200	-2.333466
7.886667	0.200	-2.337641
7.890000	0.200	-2.343672
7.893333	0.200	-2.350196
7.896667	0.200	-2.355203
7.900000	0.200	-2.357689
7.903333	0.200	-2.358089
7.906667	0.200	-2.357420
7.910000	0.200	-2.356338
7.913333	0.200	-2.355106
7.916667	0.200	-2.354076
7.920000	0.200	-2.353615
7.923333	0.200	-2.353783
7.926667	0.200	-2.354479
7.930000	0.200	-2.355632
7.933333	0.200	-2.357106
7.936667	0.200	-2.358609
7.940000	0.200	-2.359640
7.943333	0.200	-2.359643
7.946667	0.200	-2.358647
7.950000	0.200	-2.357422
7.953333	0.200	-2.356448
7.956667	0.200	-2.355328
7.960000	0.200	-2.353606
7.963333	0.200	-2.351384
7.966667	0.200	-2.349046
7.970000	0.200	-2.346910
7.973333	0.200	-2.345219
7.976667	0.200	-2.344375
7.980000	0.200	-2.344987
7.983333	0.200	-2.347401
7.986667	0.200	-2.351065
7.990000	0.200	-2.354453
7.993333	0.200	-2.356098
7.996667	0.200	-2.355733
8.000000	0.200	-2.354156
8.003333	0.200	-2.352227
8.006667	0.200	-2.350232
8.010000	0.200	-2.347942
8.013333	0.200	-2.344965
8.016667	0.200	-2.341406
8.020000	0.200	-2.338273
8.023333	0.200	-2.336560
8.026667	0.200	-2.336134
8.030000	0.200	-2.336121
8.033333	0.200	-2.336047
8.036667	0.200	-2.335992
8.040000	0.200	-2.335942
8.043333	0.200	-2.335795
8.046667	0.200	-2.335783
8.050000	0.200	-2.336396
8.053333	0.200	-2.338028
8.056667	0.200	-2.340532
8.060000	0.200	-2.342977
8.063333	0.200	-2.344294
8.066667	0.200	-2.344147
8.070000	0.200	-2.343018
8.073333	0.200	-2.341785
8.076667	0.200	-2.341084
8.080000	0.200	-2.340811
8.083333	0.200	-2.340551
8.086667	0.200	-2.340025
8.090000	0.200	-2.338756
8.093333	0.200	-2.336344
8.096667	0.200	-2.333492
8.100000	0.200	-2.331885
8.103333	0.200	-2.332882
8.106667	0.200	-2.336496
8.110000	0.200	-2.341510
8.113333	0.200	-2.346354
8.116667	0.200	-2.349947
8.120000	0.200	-2.351994
8.123333	0.200	-2.352418
8.126667	0.200	-2.350841
8.130000	0.200	-2.347137
8.133333	0.200	-2.342109
8.136667	0.200	-2.337295
8.140000	0.200	-2.334295
8.143333	0.200	-2.334127
8.146667	0.200	-2.336874
8.150000	0.200	-2.341720
8.153333	0.200	-2.347264
8.156667	0.200	-2.352180
8.160000	0.200	-2.355884
8.163333	0.200	-2.358488
8.166667	0.200	-2.360220
8.170000	0.200	-2.361183
8.173333	0.200	-2.361621
8.176667	0.200	-2.361992
8.180000	0.200	-2.362562
8.183333	0.200	-2.363221
8.186667	0.200	-2.363856
8.190000	0.200	-2.364606
8.193333	0.200	-2.365793
8.196667	0.200	-2.367525
8.200000	0.200	-2.369265
8.203333	0.200	-2.370217
8.206667	0.200	-2.370293
8.210000	0.200	-2.370329
8.213333	0.200	-2.371391
8.216667	0.200	-2.373953
8.220000	0.200	-2.377464
8.223333	0.200	-2.380825
8.226667	0.200	-2.383397
8.230000	0.200	-2.385309
8.233333	0.200	-2.386884
8.236667	0.200	-2.388127
8.240000	0.200	-2.388598
8.243333	0.200	-2.387655
8.246667	0.200	-2.385212
8.250000	0.200	-2.382141
8.253333	0.200	-2.379587
8.256667	0.200	-2.377980
8.260000	0.200	-2.377116
8.263333	0.200	-2.377026
8.266667	0.200	-2.377868
8.270000	0.200	-2.379059
8.273333	0.200	-2.379414
8.276667	0.200	-2.378146
8.280000	0.200	-2.375605
8.283333	0.200	-2.373088
8.286667	0.200	-2.371619
8.290000	0.200	-2.371197
8.293333	0.200	-2.371485
8.296667	0.200	-2.372410
8.300000	0.200	-2.373973
8.303333	0.200	-2.376086
8.306667	0.200	-2.378790
8.310000	0.200	-2.382315
8.313333	0.200	-2.386511
8.316667	0.200	-2.390467
8.320000	0.200	-2.393213
8.323333	0.200	-2.394490
8.326667	0.200	-2.394580
8.330000	0.200	-2.393793
8.333333	0.200	-2.392269
8.336667	0.200	-2.390136
8.340000	0.200	-2.387771
8.343333	0.200	-2.385806
8.346667	0.200	-2.384865
8.350000	0.200	-2.385283
8.353333	0.200	-2.386892
8.356667	0.200	-2.388918
8.360000	0.200	-2.390330
8.363333	0.200	-2.390401
8.366667	0.200	-2.388797
8.370000	0.200	-2.385383
8.373333	0.200	-2.380248
8.376667	0.200	-2.373968
8.380000	0.200	-2.367536
8.383333	0.200	-2.361509
8.386667	0.200	-2.355512
8.390000	0.200	-2.348997
8.393333	0.200	-2.342151
8.396667	0.200	-2.335623
8.400000	0.200	-2.329427
8.403333	0.200	-2.322645
8.406667	0.200	-2.314356
8.410000	0.200	-2.304269
8.413333	0.200	-2.292425
8.416667	0.200	-2.279032
8.420000	0.200	-2.264426
8.423333	0.200	-2.248969
8.426667	0.200	-2.233207
8.430000	0.200	-2.217887
8.433333	0.200	-2.204048
8.436667	0.200	-2.193345
8.440000	0.200	-2.187699
8.443333	0.200	-2.188499
8.446667	0.200	-2.196248
8.450000	0.200	-2.210441
8.453333	0.200	-2.229525
8.456667	0.200	-2.251328
8.460000	0.200	-2.273700
8.463333	0.200	-2.294746
8.466667	0.200	-2.313212
8.470000	0.200	-2.328882
8.473333	0.200	-2.342044
8.476667	0.200	-2.352897
8.480000	0.200	-2.361705
8.483333	0.200	-2.368869
8.486667	0.200	-2.374862
8.490000	0.200	-2.380275
8.493333	0.200	-2.385486
8.496667	0.200	-2.390436
8.500000	0.200	-2.395139
8.503333	0.200	-2.399843
8.506667	0.200	-2.404420
8.510000	0.200	-2.408152
8.513333	0.200	-2.410179
8.516667	0.200	-2.410235
8.520000	0.200	-2.409261
8.523333	0.200	-2.409029
8.526667	0.200	-2.410694
8.530000	0.200	-2.413849
8.533333	0.200	-2.417161
8.536667	0.200	-2.419713
8.540000	0.200	-2.421440
8.543333	0.200	-2.422189
8.546667	0.200	-2.420946
8.550000	0.200	-2.416606
8.553333	0.200	-2.409075
8.556667	0.200	-2.399278
8.560000	0.200	-2.388612
8.563333	0.200	-2.378697
8.566667	0.200	-2.371217
8.570000	0.200	-2.367641
8.573333	0.200	-2.368911
8.576667	0.200	-2.374960
8.580000	0.200	-2.384347
8.583333	0.200	-2.394671
8.586667	0.200	-2.403709
8.590000	0.200	-2.410368
8.593333	0.200	-2.414690
8.596667	0.200	-2.417301
8.600000	0.200	-2.418990
8.603333	0.200	-2.420385
8.606667	0.200	-2.421915
8.610000	0.200	-2.423985
8.613333	0.200	-2.426792
8.616667	0.200	-2.429804
8.620000	0.200	-2.431905
8.623333	0.200	-2.432527
8.626667	0.200	-2.432272
8.630000	0.200	-2.432247
8.633333	0.200	-2.433292
8.636667	0.200	-2.435719
8.640000	0.200	-2.439056
8.643333	0.200	-2.442194
8.646667	0.200	-2.444096
8.650000	0.200	-2.444171
8.653333	0.200	-2.442261
8.656667	0.200	-2.438648
8.660000	0.200	-2.433799
8.663333	0.200	-2.428007
8.666667	0.200	-2.421443
8.670000	0.200	-2.414561
8.673333	0.200	-2.408381
8.676667	0.200	-2.404270
8.680000	0.200	-2.403324
8.683333	0.200	-2.405773
8.686667	0.200	-2.410887
8.690000	0.200	-2.417587
8.693333	0.200	-2.424861
8.696667	0.200	-2.431714
8.700000	0.200	-2.437525
8.703333	0.200	-2.442267
8.706667	0.200	-2.446185
8.710000	0.200	-2.449742
8.713333	0.200	-2.453444
8.716667	0.200	-2.457330
8.720000	0.200	-2.460817
8.723333	0.200	-2.463133
8.726667	0.200	-2.464075
8.730000	0.200	-2.464062
8.733333	0.200	-2.463504
8.736667	0.200	-2.462693
8.740000	0.200	-2.461913
8.743333	0.200	-2.461049
8.746667	0.200	-2.459462
8.750000	0.200	-2.456609
8.753333	0.200	-2.452682
8.756667	0.200	-2.448720
8.760000	0.200	-2.446141
8.763333	0.200	-2.445820
8.766667	0.200	-2.447405
8.770000	0.200	-2.449708
8.773333	0.200	-2.451753
8.776667	0.200	-2.453139
8.780000	0.200	-2.453717
8.783333	0.200	-2.453545
8.786667	0.200	-2.452827
8.790000	0.200	-2.451609
8.793333	0.200	-2.450083
8.796667	0.200	-2.448986
8.800000	0.200	-2.449152
8.803333	0.200	-2.450889
8.806667	0.200	-2.453846
8.810000	0.200	-2.457167
8.813333	0.200	-2.459954
8.816667	0.200	-2.461933
8.820000	0.200	-2.463667
8.823333	0.200	-2.465929
8.826667	0.200	-2.468908
8.830000	0.200	-2.472125
8.833333	0.200	-2.475276
8.836667	0.200	-2.478817
8.840000	0.200	-2.483212
8.843333	0.200	-2.488003
8.846667	0.200	-2.492229
8.850000	0.200	-2.495514
8.853333	0.200	-2.498365
8.856667	0.200	-2.501433
8.860000	0.200	-2.504710
8.863333	0.200	-2.507694
8.866667	0.200	-2.510122
8.870000	0.200	-2.512193
8.873333	0.200	-2.514138
8.876667	0.200	-2.515734
8.880000	0.200	-2.516310
8.883333	0.200	-2.515271
8.886667	0.200	-2.512709
8.890000	0.200	-2.509572
8.893333	0.200	-2.507337
8.896667	0.200	-2.507391
8.900000	0.200	-2.510268
8.903333	0.200	-2.515243
8.906667	0.200	-2.520842
8.910000	0.200	-2.525878
8.913333	0.200	-2.529953
8.916667	0.200	-2.533336
8.920000	0.200	-2.536821
8.923333	0.200	-2.541311
8.926667	0.200	-2.546986
8.930000	0.200	-2.553004
8.933333	0.200	-2.558250
8.936667	0.200	-2.562176
8.940000	0.200	-2.564732
8.943333	0.200	-2.565988
8.946667	0.200	-2.566033
8.950000	0.200	-2.564966
8.953333	0.200	-2.562872
8.956667	0.200	-2.559830
8.960000	0.200	-2.556231
8.963333	0.200	-2.553024
8.966667	0.200	-2.550825
8.970000	0.200	-2.548199
8.973333	0.200	-2.540200
8.976667	0.200	-2.517495
8.980000	0.200	-2.466063
8.983333	0.200	-2.366778
8.986667	0.200	-2.193925
8.990000	0.200	-1.913712
8.993333	0.200	-1.485011
8.996667	0.200	-0.863726
9.000000	0.200	-0.011130
9.003333	0.200	1.094384
9.006667	0.200	2.444961
9.010000	0.200	3.994976
9.013333	0.200	5.659779
9.016667	0.200	7.321889
9.020000	0.200	8.843887
9.023333	0.200	10.087076
9.026667	0.200	10.933358
9.030000	0.200	11.305091
9.033333	0.200	11.177262
9.036667	0.200	10.579372
9.040000	0.200	9.587875
9.043333	0.200	8.311595
9.046667	0.200	6.873454
9.050000	0.200	5.392503
9.053333	0.200	3.969394
9.056667	0.200	2.676972
9.060000	0.200	1.557222
9.063333	0.200	0.624447
9.066667	0.200	-0.128052
9.070000	0.200	-0.720449
9.073333	0.200	-1.178825
9.076667	0.200	-1.529001
9.080000	0.200	-1.793385
9.083333	0.200	-1.990458
9.086667	0.200	-2.135332
9.090000	0.200	-2.240347
9.093333	0.200	-2.315598
9.096667	0.200	-2.369376
9.100000	0.200	-2.408228
9.103333	0.200	-2.436748
9.106667	0.200	-2.457743
9.110000	0.200	-2.472770
9.113333	0.200	-2.482580
9.116667	0.200	-2.487977
9.120000	0.200	-2.490826
9.123333	0.200	-2.493483
9.126667	0.200	-2.497215
9.130000	0.200	-2.501807
9.133333	0.200	-2.506272
9.136667	0.200	-2.509606
9.140000	0.200	-2.511599
9.143333	0.200	-2.513084
9.146667	0.200	-2.515163
9.150000	0.200	-2.518420
9.153333	0.200	-2.522610
9.156667	0.200	-2.526733
9.160000	0.200	-2.529997
9.163333	0.200	-2.532729
9.166667	0.200	-2.535791
9.170000	0.200	-2.539479
9.173333	0.200	-2.543305
9.176667	0.200	-2.546560
9.180000	0.200	-2.548957
9.183333	0.200	-2.550553
9.186667	0.200	-2.551198
9.190000	0.200	-2.550565
9.193333	0.200	-2.548632
9.196667	0.200	-2.545926
9.200000	0.200	-2.543284
9.203333	0.200	-2.541449
9.206667	0.200	-2.540734
9.210000	0.200	-2.540679
9.213333	0.200	-2.540053
9.216667	0.200	-2.537563
9.220000	0.200	-2.532739
9.223333	0.200	-2.526580
9.226667	0.200	-2.521572
9.230000	0.200	-2.520102
9.233333	0.200	-2.522339
9.236667	0.200	-2.526186
9.240000	0.200	-2.529104
9.243333	0.200	-2.529594
9.246667	0.200	-2.527650
9.250000	0.200	-2.524561
9.253333	0.200	-2.521979
9.256667	0.200	-2.520813
9.260000	0.200	-2.520805
9.263333	0.200	-2.521150
9.266667	0.200	-2.521568
9.270000	0.200	-2.522427
9.273333	0.200	-2.523874
9.276667	0.200	-2.525821
9.280000	0.200	-2.528934
9.283333	0.200	-2.534526
9.286667	0.200	-2.543032
9.290000	0.200	-2.552935
9.293333	0.200	-2.561244
9.296667	0.200	-2.565088
9.300000	0.200	-2.563552
9.303333	0.200	-2.558405
9.306667	0.200	-2.552583
9.310000	0.200	-2.547783
9.313333	0.200	-2.543918
9.316667	0.200	-2.540015
9.320000	0.200	-2.534495
9.323333	0.200	-2.525534
9.326667	0.200	-2.512253
9.330000	0.200	-2.495264
9.333333	0.200	-2.476039
9.336667	0.200	-2.456373
9.340000	0.200	-2.438443
9.343333	0.200	-2.424285
9.346667	0.200	-2.414674
9.350000	0.200	-2.409280
9.353333	0.200	-2.408038
9.356667	0.200	-2.411644
9.360000	0.200	-2.420438
9.363333	0.200	-2.433164
9.366667	0.200	-2.447258
9.370000	0.200	-2.460341
9.373333	0.200	-2.471413
9.376667	0.200	-2.480897
9.380000	0.200	-2.489823
9.383333	0.200	-2.499226
9.386667	0.200	-2.509792
9.390000	0.200	-2.521300
9.393333	0.200	-2.532283
9.396667	0.200	-2.540067
9.400000	0.200	-2.541667
9.403333	0.200	-2.535880
9.406667	0.200	-2.524594
9.410000	0.200	-2.511824
9.413333	0.200	-2.501633
9.416667	0.200	-2.496430
9.420000	0.200	-2.496329
9.423333	0.200	-2.499920
9.426667	0.200	-2.505805
9.430000	0.200	-2.513240
9.433333	0.200	-2.521454
9.436667	0.200	-2.529181
9.440000	0.200	-2.535291
9.443333	0.200	-2.539394
9.446667	0.200	-2.541528
9.450000	0.200	-2.541829
9.453333	0.200	-2.540713
9.456667	0.200	-2.538882
9.460000	0.200	-2.537030
9.463333	0.200	-2.535682
9.466667	0.200	-2.535082
9.470000	0.200	-2.534873
9.473333	0.200	-2.533789
9.476667	0.200	-2.529849
9.480000	0.200	-2.521474
9.483333	0.200	-2.508882
9.486667	0.200	-2.494224
9.490000	0.200	-2.480315
9.493333	0.200	-2.469116
9.496667	0.200	-2.460687
9.500000	0.200	-2.453132
9.503333	0.200	-2.443724
9.506667	0.200	-2.430298
9.510000	0.200	-2.411746
9.513333	0.200	-2.387589
9.516667	0.200	-2.357552
9.520000	0.200	-2.321800
9.523333	0.200	-2.281641
9.526667	0.200	-2.239777
9.530000	0.200	-2.199540
9.533333	0.200	-2.163940
9.536667	0.200	-2.135550
9.540000	0.200	-2.116937
9.543333	0.200	-2.110580
9.546667	0.200	-2.117736
9.550000	0.200	-2.137056
9.553333	0.200	-2.164511
9.556667	0.200	-2.195232
9.560000	0.200	-2.225774
9.563333	0.200	-2.254967
9.566667	0.200	-2.283449
9.570000	0.200	-2.312616
9.573333	0.200	-2.343121
9.576667	0.200	-2.374171
9.580000	0.200	-2.404340
9.583333	0.200	-2.432343
9.586667	0.200	-2.457238
9.590000	0.200	-2.478673
9.593333	0.200	-2.497012
9.596667	0.200	-2.512943
9.600000	0.200	-2.526365
9.603333	0.200	-2.535588
9.606667	0.200	-2.538830
9.610000	0.200	-2.536905
9.613333	0.200	-2.533417
9.616667	0.200	-2.532232
9.620000	0.200	-2.535217
9.623333	0.200	-2.541712
9.626667	0.200	-2.549004
9.630000	0.200	-2.553188
9.633333	0.200	-2.550892
9.636667	0.200	-2.541539
9.640000	0.200	-2.527828
9.643333	0.200	-2.513823
9.646667	0.200	-2.502865
9.650000	0.200	-2.496633
9.653333	0.200	-2.494958
9.656667	0.200	-2.496315
9.660000	0.200	-2.499085
9.663333	0.200	-2.502636
9.666667	0.200	-2.507210
9.670000	0.200	-2.512878
9.673333	0.200	-2.518839
9.676667	0.200	-2.523769
9.680000	0.200	-2.526374
9.683333	0.200	-2.525869
9.686667	0.200	-2.522752
9.690000	0.200	-2.518872
9.693333	0.200	-2.516313
9.696667	0.200	-2.516227
9.700000	0.200	-2.518463
9.703333	0.200	-2.521767
9.706667	0.200	-2.524165
9.710000	0.200	-2.523346
9.713333	0.200	-2.517540
9.716667	0.200	-2.507006
9.720000	0.200	-2.494294
9.723333	0.200	-2.482522
9.726667	0.200	-2.473670
9.730000	0.200	-2.468432
9.733333	0.200	-2.466929
9.736667	0.200	-2.468967
9.740000	0.200	-2.473879
9.743333	0.200	-2.480804
9.746667	0.200	-2.489073
9.750000	0.200	-2.497875
9.753333	0.200	-2.505784
9.756667	0.200	-2.511305
9.760000	0.200	-2.514070
9.763333	0.200	-2.515099
9.766667	0.200	-2.515813
9.770000	0.200	-2.517157
9.773333	0.200	-2.519375
9.776667	0.200	-2.521823
9.780000	0.200	-2.523376
9.783333	0.200	-2.523431
9.786667	0.200	-2.521706
9.790000	0.200	-2.517719
9.793333	0.200	-2.511605
9.796667	0.200	-2.504480
9.800000	0.200	-2.497648
9.803333	0.200	-2.492366
9.806667	0.200	-2.489767
9.810000	0.200	-2.490126
9.813333	0.200	-2.492632
9.816667	0.200	-2.496105
9.820000	0.200	-2.499695
9.823333	0.200	-2.503182
9.826667	0.200	-2.506952
9.830000	0.200	-2.511858
9.833333	0.200	-2.519060
9.836667	0.200	-2.529598
9.840000	0.200	-2.543924
9.843333	0.200	-2.561422
9.846667	0.200	-2.579786
9.850000	0.200	-2.595263
9.853333	0.200	-2.604244
9.856667	0.200	-2.605048
9.860000	0.200	-2.598384
9.863333	0.200	-2.586153
9.866667	0.200	-2.570521
9.870000	0.200	-2.554004
9.873333	0.200	-2.538886
9.876667	0.200	-2.526026
9.880000	0.200	-2.514865
9.883333	0.200	-2.504542
9.886667	0.200	-2.494860
9.890000	0.200	-2.486652
9.893333	0.200	-2.481509
9.896667	0.200	-2.480673
9.900000	0.200	-2.483960
9.903333	0.200	-2.489919
9.906667	0.200	-2.496482
9.910000	0.200	-2.501371
9.913333	0.200	-2.503067
9.916667	0.200	-2.501762
9.920000	0.200	-2.499013
9.923333	0.200	-2.496453
9.926667	0.200	-2.494996
9.930000	0.200	-2.495182
9.933333	0.200	-2.497333
9.936667	0.200	-2.500854
9.940000	0.200	-2.504325
9.943333	0.200	-2.506625
9.946667	0.200	-2.507447
9.950000	0.200	-2.506801
9.953333	0.200	-2.504594
9.956667	0.200	-2.500927
9.960000	0.200	-2.496318
9.963333	0.200	-2.491216
9.966667	0.200	-2.485767
9.970000	0.200	-2.480448
9.973333	0.200	-2.476540
9.976667	0.200	-2.475442
9.980000	0.200	-2.477407
9.983333	0.200	-2.481113
9.986667	0.200	-2.484336
9.990000	0.200	-2.485172
9.993333	0.200	-2.483348
9.996667	0.200	-2.480033
10.000000	0.200	-2.476144
10.003333	0.200	-2.472019
10.006667	0.200	-2.468240
10.010000	0.200	-2.465553
10.013333	0.200	-2.464329
10.016667	0.200	-2.464548
10.020000	0.200	-2.466460
10.023333	0.200	-2.470718
10.026667	0.200	-2.477145
10.030000	0.200	-2.484396
10.033333	0.200	-2.491587
10.036667	0.200	-2.499510
10.040000	0.200	-2.509958
10.043333	0.200	-2.523620
10.046667	0.200	-2.538806
10.050000	0.200	-2.553084
10.053333	0.200	-2.565950
10.056667	0.200	-2.578878
10.060000	0.200	-2.592721
10.063333	0.200	-2.606002
10.066667	0.200	-2.615992
10.070000	0.200	-2.620764
10.073333	0.200	-2.620242
10.076667	0.200	-2.616103
10.080000	0.200	-2.611166
10.083333	0.200	-2.608324
10.086667	0.200	-2.609067
10.090000	0.200	-2.612719
10.093333	0.200	-2.617155
10.096667	0.200	-2.620648
10.100000	0.200	-2.623498
10.103333	0.200	-2.627507
10.106667	0.200	-2.633700
10.110000	0.200	-2.641244
10.113333	0.200	-2.648199
10.116667	0.200	-2.652638
10.120000	0.200	-2.653523
10.123333	0.200	-2.650846
10.126667	0.200	-2.645268
10.130000	0.200	-2.637968
10.133333	0.200	-2.630190
10.136667	0.200	-2.622896
10.140000	0.200	-2.617113
10.143333	0.200	-2.613420
10.146667	0.200	-2.610524
10.150000	0.200	-2.605577
10.153333	0.200	-2.596917
10.156667	0.200	-2.585933
10.160000	0.200	-2.575684
10.163333	0.200	-2.568616
10.166667	0.200	-2.565878
10.170000	0.200	-2.567318
10.173333	0.200	-2.571226
10.176667	0.200	-2.575065
10.180000	0.200	-2.577250
10.183333	0.200	-2.577644
10.186667	0.200	-2.576248
10.190000	0.200	-2.572607
10.193333	0.200	-2.566719
10.196667	0.200	-2.559187
10.200000	0.200	-2.550309
10.203333	0.200	-2.540005
10.206667	0.200	-2.528712
10.210000	0.200	-2.517712
10.213333	0.200	-2.508341
10.216667	0.200	-2.501073
10.220000	0.200	-2.495495
10.223333	0.200	-2.490657
10.226667	0.200	-2.485110
10.230000	0.200	-2.477430
10.233333	0.200	-2.467618
10.236667	0.200	-2.457964
10.240000	0.200	-2.451889
10.243333	0.200	-2.451521
10.246667	0.200	-2.456530
10.250000	0.200	-2.464910
10.253333	0.200	-2.474065
10.256667	0.200	-2.481616
10.260000	0.200	-2.486400
10.263333	0.200	-2.488791
10.266667	0.200	-2.489846
10.270000	0.200	-2.490622
10.273333	0.200	-2.491960
10.276667	0.200	-2.493952
10.280000	0.200	-2.495660
10.283333	0.200	-2.495859
10.286667	0.200	-2.494154
10.290000	0.200	-2.491832
10.293333	0.200	-2.492110
10.296667	0.200	-2.498713
10.300000	0.200	-2.512972
10.303333	0.200	-2.532223
10.306667	0.200	-2.551457
10.310000	0.200	-2.566729
10.313333	0.200	-2.577124
10.316667	0.200	-2.584144
10.320000	0.200	-2.590064
10.323333	0.200	-2.596542
10.326667	0.200	-2.603995
10.330000	0.200	-2.612082
10.333333	0.200	-2.620610
10.336667	0.200	-2.629684
10.340000	0.200	-2.638926
10.343333	0.200	-2.646870
10.346667	0.200	-2.651740
10.350000	0.200	-2.653034
10.353333	0.200	-2.652018
10.356667	0.200	-2.650707
10.360000	0.200	-2.650656
10.363333	0.200	-2.652486
10.366667	0.200	-2.655957
10.370000	0.200	-2.660242
10.373333	0.200	-2.664662
10.376667	0.200	-2.669094
10.380000	0.200	-2.673234
10.383333	0.200	-2.676069
10.386667	0.200	-2.676563
10.390000	0.200	-2.674573
10.393333	0.200	-2.671240
10.396667	0.200	-2.668580
10.400000	0.200	-2.668400
10.403333	0.200	-2.671404
10.406667	0.200	-2.676854
10.410000	0.200	-2.683000
10.413333	0.200	-2.688372
10.416667	0.200	-2.692541
10.420000	0.200	-2.695618
10.423333	0.200	-2.697902
10.426667	0.200	-2.699929
10.430000	0.200	-2.702010
10.433333	0.200	-2.703896
10.436667	0.200	-2.705070
10.440000	0.200	-2.705232
10.443333	0.200	-2.704933
10.446667	0.200	-2.705617
10.450000	0.200	-2.708407
10.453333	0.200	-2.712983
10.456667	0.200	-2.717804
10.460000	0.200	-2.721064
10.463333	0.200	-2.721710
10.466667	0.200	-2.720124
10.470000	0.200	-2.717785
10.473333	0.200	-2.716215
10.476667	0.200	-2.716169
10.480000	0.200	-2.717506
10.483333	0.200	-2.719726
10.486667	0.200	-2.722515
10.490000	0.200	-2.725569
10.493333	0.200	-2.728427
10.496667	0.200	-2.730881
10.500000	0.200	-2.733032
10.503333	0.200	-2.734764
10.506667	0.200	-2.735474
10.510000	0.200	-2.734593
10.513333	0.200	-2.732480
10.516667	0.200	-2.730541
10.520000	0.200	-2.730202
10.523333	0.200	-2.731900
10.526667	0.200	-2.734986
10.530000	0.200	-2.738383
10.533333	0.200	-2.741300
10.536667	0.200	-2.743400
10.540000	0.200	-2.744343
10.543333	0.200	-2.743601
10.546667	0.200	-2.741280
10.550000	0.200	-2.738725
10.553333	0.200	-2.737606
10.556667	0.200	-2.738604
10.560000	0.200	-2.741190
10.563333	0.200	-2.744281
10.566667	0.200	-2.746738
10.570000	0.200	-2.747490
10.573333	0.200	-2.745755
10.576667	0.200	-2.741370
10.580000	0.200	-2.735075
10.583333	0.200	-2.728457
10.586667	0.200	-2.723139
10.590000	0.200	-2.719817
10.593333	0.200	-2.718073
10.596667	0.200	-2.716902
10.600000	0.200	-2.715436
10.603333	0.200	-2.713661
10.606667	0.200	-2.712305
10.610000	0.200	-2.711676
10.613333	0.200	-2.711134
10.616667	0.200	-2.709779
10.620000	0.200	-2.707019
10.623333	0.200	-2.702800
10.626667	0.200	-2.697612
10.630000	0.200	-2.691963
10.633333	0.200	-2.686095
10.636667	0.200	-2.680334
10.640000	0.200	-2.675173
10.643333	0.200	-2.671046
10.646667	0.200	-2.667996
10.650000	0.200	-2.665415
10.653333	0.200	-2.662474
10.656667	0.200	-2.658450
10.660000	0.200	-2.652460
10.663333	0.200	-2.643865
10.666667	0.200	-2.632977
10.670000	0.200	-2.620544
10.673333	0.200	-2.606744
10.676667	0.200	-2.591085
10.680000	0.200	-2.573138
10.683333	0.200	-2.553182
10.686667	0.200	-2.531958
10.690000	0.200	-2.510323
10.693333	0.200	-2.489366
10.696667	0.200	-2.469892
10.700000	0.200	-2.451864
10.703333	0.200	-2.435246
10.706667	0.200	-2.420783
10.710000	0.200	-2.409254
10.713333	0.200	-2.400505
10.716667	0.200	-2.393635
10.720000	0.200	-2.387769
10.723333	0.200	-2.382559
10.726667	0.200	-2.378112
10.730000	0.200	-2.374446
10.733333	0.200	-2.371158
10.736667	0.200	-2.367734
10.740000	0.200	-2.363941
10.743333	0.200	-2.359960
10.746667	0.200	-2.356307
10.750000	0.200	-2.353571
10.753333	0.200	-2.352061
10.756667	0.200	-2.351469
10.760000	0.200	-2.351092
10.763333	0.200	-2.350362
10.766667	0.200	-2.348978
10.770000	0.200	-2.346892
10.773333	0.200	-2.344021
10.776667	0.200	-2.339848
10.780000	0.200	-2.334116
10.783333	0.200	-2.327885
10.786667	0.200	-2.323063
10.790000	0.200	-2.321002
10.793333	0.200	-2.321838
10.796667	0.200	-2.324626
10.800000	0.200	-2.327916
10.803333	0.200	-2.330348
10.806667	0.200	-2.330811
10.810000	0.200	-2.328813
10.813333	0.200	-2.324894
10.816667	0.200	-2.320001
10.820000	0.200	-2.314639
10.823333	0.200	-2.309081
10.826667	0.200	-2.303975
10.830000	0.200	-2.300310
10.833333	0.200	-2.298678
10.836667	0.200	-2.298685
10.840000	0.200	-2.299115
10.843333	0.200	-2.298661
10.846667	0.200	-2.296741
10.850000	0.200	-2.293543
10.853333	0.200	-2.289396
10.856667	0.200	-2.284775
10.860000	0.200	-2.280789
10.863333	0.200	-2.278644
10.866667	0.200	-2.278600
10.870000	0.200	-2.279993
10.873333	0.200	-2.281768
10.876667	0.200	-2.282644
10.880000	0.200	-2.281621
10.883333	0.200	-2.278743
10.886667	0.200	-2.275032
10.890000	0.200	-2.271585
10.893333	0.200	-2.268892
10.896667	0.200	-2.266746
10.900000	0.200	-2.264366
10.903333	0.200	-2.260869
10.906667	0.200	-2.255959
10.910000	0.200	-2.250176
10.913333	0.200	-2.244684
10.916667	0.200	-2.240779
10.920000	0.200	-2.239124
10.923333	0.200	-2.239487
10.926667	0.200	-2.241079
10.930000	0.200	-2.242787
10.933333	0.200	-2.243444
10.936667	0.200	-2.242205
10.940000	0.200	-2.238828
10.943333	0.200	-2.233879
10.946667	0.200	-2.228595
10.950000	0.200	-2.224324
10.953333	0.200	-2.221970
10.956667	0.200	-2.221629
10.960000	0.200	-2.222400
10.963333	0.200	-2.222670
10.966667	0.200	-2.221101
10.970000	0.200	-2.217357
10.973333	0.200	-2.211999
10.976667	0.200	-2.205999
10.980000	0.200	-2.200166
10.983333	0.200	-2.194784
10.986667	0.200	-2.189702
10.990000	0.200	-2.184767
10.993333	0.200	-2.180063
10.996667	0.200	-2.175740
11.000000	0.200	-2.172191
