File Path	chrom://nnfcb-l0286/ChromeleonLocal/metk/20171013_HMP_C61_metk.seq/874.smp/UV_VIS_2.channel/UV_VIS_2.chm
Channel	UV_VIS_2

Injection Information:
Data Vault	ChromeleonLocal
Injection	2,5 ug/ml ISO
Injection Number	85
Position	RC4
Comment	
Processing Method	HMP New ProcMethod
Instrument Method	HM_metode_ZorBax_0,02%_Acetic_acid_ver6
Type	Calibration Standard
Status	Finished
Injection Date	10/14/2017
Injection Time	6:43:34 AM
Injection Volume (µl)	1.000
Dilution Factor	1.0000
Weight	1.0000

Raw Data Information:
Time Min. (min)	0.000000
Time Max. (min)	11.000000
Data Points	3301
Detector	UV
Exporting Data System	Chromeleon 7.1.3.2425
Operator	
Signal Quantity	Absorbance
Signal Unit	mAU
Signal Min.	-1.395324
Signal Max.	32.990598
Channel	UV_VIS_2
Driver Name	DAD3000.dll
Channel Type	Evaluation
Min. Step (s)	0.200
Max. Step (s)	0.200
Average Step (s)	0.200

Signal Parameter Information:
Signal Info	WVL:280 nm

Raw Data:
Time (min)	Step (s)	Value (mAU)
0.000000	0.000	0.000000
0.003333	0.200	-0.002412
0.006667	0.200	-0.016817
0.010000	0.200	-0.054569
0.013333	0.200	-0.111596
0.016667	0.200	-0.165108
0.020000	0.200	-0.192401
0.023333	0.200	-0.186751
0.026667	0.200	-0.156737
0.030000	0.200	-0.117665
0.033333	0.200	-0.083176
0.036667	0.200	-0.060130
0.040000	0.200	-0.048967
0.043333	0.200	-0.047309
0.046667	0.200	-0.052320
0.050000	0.200	-0.061364
0.053333	0.200	-0.072529
0.056667	0.200	-0.084923
0.060000	0.200	-0.098112
0.063333	0.200	-0.111470
0.066667	0.200	-0.124425
0.070000	0.200	-0.136842
0.073333	0.200	-0.148778
0.076667	0.200	-0.160216
0.080000	0.200	-0.171093
0.083333	0.200	-0.181439
0.086667	0.200	-0.191381
0.090000	0.200	-0.201025
0.093333	0.200	-0.210269
0.096667	0.200	-0.218779
0.100000	0.200	-0.226444
0.103333	0.200	-0.233759
0.106667	0.200	-0.241497
0.110000	0.200	-0.250147
0.113333	0.200	-0.259601
0.116667	0.200	-0.269191
0.120000	0.200	-0.278382
0.123333	0.200	-0.287506
0.126667	0.200	-0.297310
0.130000	0.200	-0.307746
0.133333	0.200	-0.317807
0.136667	0.200	-0.326654
0.140000	0.200	-0.334363
0.143333	0.200	-0.341514
0.146667	0.200	-0.348403
0.150000	0.200	-0.354948
0.153333	0.200	-0.361177
0.156667	0.200	-0.367398
0.160000	0.200	-0.373962
0.163333	0.200	-0.380902
0.166667	0.200	-0.387810
0.170000	0.200	-0.394564
0.173333	0.200	-0.401843
0.176667	0.200	-0.410254
0.180000	0.200	-0.419505
0.183333	0.200	-0.428715
0.186667	0.200	-0.436873
0.190000	0.200	-0.443040
0.193333	0.200	-0.446803
0.196667	0.200	-0.448742
0.200000	0.200	-0.450225
0.203333	0.200	-0.452590
0.206667	0.200	-0.456424
0.210000	0.200	-0.461473
0.213333	0.200	-0.467255
0.216667	0.200	-0.473617
0.220000	0.200	-0.480564
0.223333	0.200	-0.487829
0.226667	0.200	-0.494800
0.230000	0.200	-0.500760
0.233333	0.200	-0.505483
0.236667	0.200	-0.509700
0.240000	0.200	-0.514527
0.243333	0.200	-0.520356
0.246667	0.200	-0.526560
0.250000	0.200	-0.532206
0.253333	0.200	-0.536836
0.256667	0.200	-0.540558
0.260000	0.200	-0.543690
0.263333	0.200	-0.546511
0.266667	0.200	-0.549320
0.270000	0.200	-0.552652
0.273333	0.200	-0.557070
0.276667	0.200	-0.562509
0.280000	0.200	-0.568144
0.283333	0.200	-0.572981
0.286667	0.200	-0.576718
0.290000	0.200	-0.580020
0.293333	0.200	-0.583592
0.296667	0.200	-0.587338
0.300000	0.200	-0.590871
0.303333	0.200	-0.594109
0.306667	0.200	-0.597062
0.310000	0.200	-0.599820
0.313333	0.200	-0.602639
0.316667	0.200	-0.605707
0.320000	0.200	-0.609225
0.323333	0.200	-0.613319
0.326667	0.200	-0.617698
0.330000	0.200	-0.621953
0.333333	0.200	-0.626046
0.336667	0.200	-0.630276
0.340000	0.200	-0.634966
0.343333	0.200	-0.640038
0.346667	0.200	-0.644816
0.350000	0.200	-0.648342
0.353333	0.200	-0.649949
0.356667	0.200	-0.649771
0.360000	0.200	-0.648756
0.363333	0.200	-0.648276
0.366667	0.200	-0.649728
0.370000	0.200	-0.653701
0.373333	0.200	-0.659359
0.376667	0.200	-0.665159
0.380000	0.200	-0.670077
0.383333	0.200	-0.673975
0.386667	0.200	-0.677197
0.390000	0.200	-0.680121
0.393333	0.200	-0.682955
0.396667	0.200	-0.685721
0.400000	0.200	-0.688380
0.403333	0.200	-0.690906
0.406667	0.200	-0.694735
0.410000	0.200	-0.706400
0.413333	0.200	-0.736404
0.416667	0.200	-0.789975
0.420000	0.200	-0.860989
0.423333	0.200	-0.936152
0.426667	0.200	-1.002671
0.430000	0.200	-1.053095
0.433333	0.200	-1.086308
0.436667	0.200	-1.105474
0.440000	0.200	-1.115170
0.443333	0.200	-1.119659
0.446667	0.200	-1.122435
0.450000	0.200	-1.125875
0.453333	0.200	-1.130743
0.456667	0.200	-1.136419
0.460000	0.200	-1.142150
0.463333	0.200	-1.148149
0.466667	0.200	-1.155074
0.470000	0.200	-1.162847
0.473333	0.200	-1.170500
0.476667	0.200	-1.176898
0.480000	0.200	-1.181565
0.483333	0.200	-1.184904
0.486667	0.200	-1.187505
0.490000	0.200	-1.189436
0.493333	0.200	-1.190318
0.496667	0.200	-1.190035
0.500000	0.200	-1.189364
0.503333	0.200	-1.189666
0.506667	0.200	-1.191749
0.510000	0.200	-1.195293
0.513333	0.200	-1.199511
0.516667	0.200	-1.203952
0.520000	0.200	-1.208519
0.523333	0.200	-1.212878
0.526667	0.200	-1.216163
0.530000	0.200	-1.217546
0.533333	0.200	-1.217114
0.536667	0.200	-1.215844
0.540000	0.200	-1.214872
0.543333	0.200	-1.215042
0.546667	0.200	-1.216662
0.550000	0.200	-1.219315
0.553333	0.200	-1.222231
0.556667	0.200	-1.224782
0.560000	0.200	-1.226681
0.563333	0.200	-1.228360
0.566667	0.200	-1.230863
0.570000	0.200	-1.234741
0.573333	0.200	-1.239450
0.576667	0.200	-1.243922
0.580000	0.200	-1.247207
0.583333	0.200	-1.248886
0.586667	0.200	-1.249293
0.590000	0.200	-1.249150
0.593333	0.200	-1.248996
0.596667	0.200	-1.249120
0.600000	0.200	-1.249922
0.603333	0.200	-1.251911
0.606667	0.200	-1.254845
0.610000	0.200	-1.257424
0.613333	0.200	-1.258656
0.616667	0.200	-1.258997
0.620000	0.200	-1.259651
0.623333	0.200	-1.261198
0.626667	0.200	-1.263067
0.630000	0.200	-1.264371
0.633333	0.200	-1.265122
0.636667	0.200	-1.266104
0.640000	0.200	-1.267712
0.643333	0.200	-1.269622
0.646667	0.200	-1.271404
0.650000	0.200	-1.272868
0.653333	0.200	-1.274067
0.656667	0.200	-1.275183
0.660000	0.200	-1.276231
0.663333	0.200	-1.277039
0.666667	0.200	-1.277521
0.670000	0.200	-1.277972
0.673333	0.200	-1.279161
0.676667	0.200	-1.281541
0.680000	0.200	-1.284529
0.683333	0.200	-1.287178
0.686667	0.200	-1.288907
0.690000	0.200	-1.289317
0.693333	0.200	-1.288202
0.696667	0.200	-1.286127
0.700000	0.200	-1.284307
0.703333	0.200	-1.283636
0.706667	0.200	-1.284293
0.710000	0.200	-1.286127
0.713333	0.200	-1.288762
0.716667	0.200	-1.291562
0.720000	0.200	-1.294048
0.723333	0.200	-1.296166
0.726667	0.200	-1.297973
0.730000	0.200	-1.299544
0.733333	0.200	-1.301030
0.736667	0.200	-1.302338
0.740000	0.200	-1.303041
0.743333	0.200	-1.302788
0.746667	0.200	-1.301719
0.750000	0.200	-1.300578
0.753333	0.200	-1.300268
0.756667	0.200	-1.301119
0.760000	0.200	-1.302888
0.763333	0.200	-1.305379
0.766667	0.200	-1.308380
0.770000	0.200	-1.311292
0.773333	0.200	-1.313526
0.776667	0.200	-1.314967
0.780000	0.200	-1.315688
0.783333	0.200	-1.315793
0.786667	0.200	-1.315837
0.790000	0.200	-1.316728
0.793333	0.200	-1.318999
0.796667	0.200	-1.322518
0.800000	0.200	-1.326515
0.803333	0.200	-1.329769
0.806667	0.200	-1.331384
0.810000	0.200	-1.331294
0.813333	0.200	-1.330064
0.816667	0.200	-1.328519
0.820000	0.200	-1.327334
0.823333	0.200	-1.327043
0.826667	0.200	-1.328247
0.830000	0.200	-1.331123
0.833333	0.200	-1.335071
0.836667	0.200	-1.339343
0.840000	0.200	-1.343604
0.843333	0.200	-1.347756
0.846667	0.200	-1.351910
0.850000	0.200	-1.356495
0.853333	0.200	-1.361946
0.856667	0.200	-1.368166
0.860000	0.200	-1.374091
0.863333	0.200	-1.377801
0.866667	0.200	-1.377471
0.870000	0.200	-1.372305
0.873333	0.200	-1.361891
0.876667	0.200	-1.344127
0.880000	0.200	-1.313599
0.883333	0.200	-1.262244
0.886667	0.200	-1.183208
0.890000	0.200	-1.076105
0.893333	0.200	-0.949094
0.896667	0.200	-0.815897
0.900000	0.200	-0.690921
0.903333	0.200	-0.585835
0.906667	0.200	-0.508019
0.910000	0.200	-0.460224
0.913333	0.200	-0.440890
0.916667	0.200	-0.445012
0.920000	0.200	-0.465748
0.923333	0.200	-0.496345
0.926667	0.200	-0.531574
0.930000	0.200	-0.568226
0.933333	0.200	-0.604922
0.936667	0.200	-0.641574
0.940000	0.200	-0.677995
0.943333	0.200	-0.711917
0.946667	0.200	-0.738030
0.950000	0.200	-0.749220
0.953333	0.200	-0.739850
0.956667	0.200	-0.709268
0.960000	0.200	-0.663455
0.963333	0.200	-0.613682
0.966667	0.200	-0.572712
0.970000	0.200	-0.550666
0.973333	0.200	-0.552278
0.976667	0.200	-0.576163
0.980000	0.200	-0.616286
0.983333	0.200	-0.664664
0.986667	0.200	-0.714027
0.990000	0.200	-0.759741
0.993333	0.200	-0.800375
0.996667	0.200	-0.837007
1.000000	0.200	-0.871993
1.003333	0.200	-0.907504
1.006667	0.200	-0.944326
1.010000	0.200	-0.981804
1.013333	0.200	-1.018489
1.016667	0.200	-1.052590
1.020000	0.200	-1.082404
1.023333	0.200	-1.106854
1.026667	0.200	-1.125803
1.030000	0.200	-1.140248
1.033333	0.200	-1.151989
1.036667	0.200	-1.162450
1.040000	0.200	-1.171622
1.043333	0.200	-1.178450
1.046667	0.200	-1.182229
1.050000	0.200	-1.182992
1.053333	0.200	-1.180642
1.056667	0.200	-1.174241
1.060000	0.200	-1.161580
1.063333	0.200	-1.138965
1.066667	0.200	-1.100948
1.070000	0.200	-1.038072
1.073333	0.200	-0.931819
1.076667	0.200	-0.747862
1.080000	0.200	-0.428223
1.083333	0.200	0.116623
1.086667	0.200	1.011466
1.090000	0.200	2.408465
1.093333	0.200	4.459801
1.096667	0.200	7.269052
1.100000	0.200	10.833529
1.103333	0.200	15.002474
1.106667	0.200	19.474522
1.110000	0.200	23.842836
1.113333	0.200	27.676101
1.116667	0.200	30.607749
1.120000	0.200	32.403701
1.123333	0.200	32.990598
1.126667	0.200	32.443117
1.130000	0.200	30.943097
1.133333	0.200	28.729064
1.136667	0.200	26.050681
1.140000	0.200	23.135294
1.143333	0.200	20.168677
1.146667	0.200	17.288670
1.150000	0.200	14.587982
1.153333	0.200	12.121671
1.156667	0.200	9.916038
1.160000	0.200	7.977350
1.163333	0.200	6.299264
1.166667	0.200	4.868158
1.170000	0.200	3.666208
1.173333	0.200	2.672280
1.176667	0.200	1.862128
1.180000	0.200	1.209576
1.183333	0.200	0.688639
1.186667	0.200	0.275622
1.190000	0.200	-0.049691
1.193333	0.200	-0.303546
1.196667	0.200	-0.497466
1.200000	0.200	-0.637610
1.203333	0.200	-0.725033
1.206667	0.200	-0.756718
1.210000	0.200	-0.728219
1.213333	0.200	-0.638888
1.216667	0.200	-0.497260
1.220000	0.200	-0.323123
1.223333	0.200	-0.145639
1.226667	0.200	0.001696
1.230000	0.200	0.088815
1.233333	0.200	0.097659
1.236667	0.200	0.027141
1.240000	0.200	-0.108239
1.243333	0.200	-0.284055
1.246667	0.200	-0.472827
1.250000	0.200	-0.650600
1.253333	0.200	-0.801547
1.256667	0.200	-0.919070
1.260000	0.200	-1.003686
1.263333	0.200	-1.059003
1.266667	0.200	-1.087366
1.270000	0.200	-1.086634
1.273333	0.200	-1.049088
1.276667	0.200	-0.963299
1.280000	0.200	-0.819699
1.283333	0.200	-0.619391
1.286667	0.200	-0.382173
1.290000	0.200	-0.147147
1.293333	0.200	0.037112
1.296667	0.200	0.129164
1.300000	0.200	0.110477
1.303333	0.200	-0.007730
1.306667	0.200	-0.190206
1.310000	0.200	-0.392205
1.313333	0.200	-0.574792
1.316667	0.200	-0.714143
1.320000	0.200	-0.803185
1.323333	0.200	-0.847871
1.326667	0.200	-0.861225
1.330000	0.200	-0.858033
1.333333	0.200	-0.850935
1.336667	0.200	-0.847886
1.340000	0.200	-0.852187
1.343333	0.200	-0.864408
1.346667	0.200	-0.883729
1.350000	0.200	-0.908316
1.353333	0.200	-0.935947
1.356667	0.200	-0.964799
1.360000	0.200	-0.993847
1.363333	0.200	-1.022823
1.366667	0.200	-1.051406
1.370000	0.200	-1.078395
1.373333	0.200	-1.102401
1.376667	0.200	-1.123160
1.380000	0.200	-1.141536
1.383333	0.200	-1.158612
1.386667	0.200	-1.175214
1.390000	0.200	-1.191898
1.393333	0.200	-1.208899
1.396667	0.200	-1.225892
1.400000	0.200	-1.242028
1.403333	0.200	-1.256567
1.406667	0.200	-1.269463
1.410000	0.200	-1.281069
1.413333	0.200	-1.291413
1.416667	0.200	-1.300260
1.420000	0.200	-1.307793
1.423333	0.200	-1.314764
1.426667	0.200	-1.322011
1.430000	0.200	-1.329959
1.433333	0.200	-1.338358
1.436667	0.200	-1.346373
1.440000	0.200	-1.353421
1.443333	0.200	-1.360075
1.446667	0.200	-1.367566
1.450000	0.200	-1.376176
1.453333	0.200	-1.384563
1.456667	0.200	-1.390965
1.460000	0.200	-1.394555
1.463333	0.200	-1.395324
1.466667	0.200	-1.393704
1.470000	0.200	-1.390815
1.473333	0.200	-1.388135
1.476667	0.200	-1.386427
1.480000	0.200	-1.385136
1.483333	0.200	-1.383201
1.486667	0.200	-1.380364
1.490000	0.200	-1.377112
1.493333	0.200	-1.373772
1.496667	0.200	-1.370284
1.500000	0.200	-1.366611
1.503333	0.200	-1.362911
1.506667	0.200	-1.359096
1.510000	0.200	-1.354745
1.513333	0.200	-1.349918
1.516667	0.200	-1.345415
1.520000	0.200	-1.341836
1.523333	0.200	-1.338870
1.526667	0.200	-1.335676
1.530000	0.200	-1.331941
1.533333	0.200	-1.328340
1.536667	0.200	-1.325706
1.540000	0.200	-1.324154
1.543333	0.200	-1.323382
1.546667	0.200	-1.323158
1.550000	0.200	-1.323247
1.553333	0.200	-1.323407
1.556667	0.200	-1.323336
1.560000	0.200	-1.322541
1.563333	0.200	-1.320757
1.566667	0.200	-1.318484
1.570000	0.200	-1.317008
1.573333	0.200	-1.317691
1.576667	0.200	-1.320794
1.580000	0.200	-1.325101
1.583333	0.200	-1.328987
1.586667	0.200	-1.331868
1.590000	0.200	-1.334445
1.593333	0.200	-1.337720
1.596667	0.200	-1.342150
1.600000	0.200	-1.347411
1.603333	0.200	-1.352618
1.606667	0.200	-1.357210
1.610000	0.200	-1.361349
1.613333	0.200	-1.365131
1.616667	0.200	-1.368278
1.620000	0.200	-1.370715
1.623333	0.200	-1.372573
1.626667	0.200	-1.373901
1.630000	0.200	-1.374983
1.633333	0.200	-1.376407
1.636667	0.200	-1.378452
1.640000	0.200	-1.381036
1.643333	0.200	-1.384002
1.646667	0.200	-1.386969
1.650000	0.200	-1.389455
1.653333	0.200	-1.391161
1.656667	0.200	-1.391863
1.660000	0.200	-1.391480
1.663333	0.200	-1.390284
1.666667	0.200	-1.388774
1.670000	0.200	-1.387433
1.673333	0.200	-1.386539
1.676667	0.200	-1.386056
1.680000	0.200	-1.385704
1.683333	0.200	-1.385215
1.686667	0.200	-1.384486
1.690000	0.200	-1.383553
1.693333	0.200	-1.382471
1.696667	0.200	-1.381183
1.700000	0.200	-1.379690
1.703333	0.200	-1.378273
1.706667	0.200	-1.377519
1.710000	0.200	-1.378042
1.713333	0.200	-1.379741
1.716667	0.200	-1.381494
1.720000	0.200	-1.381935
1.723333	0.200	-1.380501
1.726667	0.200	-1.377798
1.730000	0.200	-1.375007
1.733333	0.200	-1.373034
1.736667	0.200	-1.372138
1.740000	0.200	-1.372199
1.743333	0.200	-1.373155
1.746667	0.200	-1.374851
1.750000	0.200	-1.376605
1.753333	0.200	-1.377565
1.756667	0.200	-1.377716
1.760000	0.200	-1.377905
1.763333	0.200	-1.378558
1.766667	0.200	-1.379027
1.770000	0.200	-1.378475
1.773333	0.200	-1.376776
1.776667	0.200	-1.374547
1.780000	0.200	-1.372433
1.783333	0.200	-1.370063
1.786667	0.200	-1.366205
1.790000	0.200	-1.360188
1.793333	0.200	-1.352501
1.796667	0.200	-1.344091
1.800000	0.200	-1.335445
1.803333	0.200	-1.325953
1.806667	0.200	-1.313651
1.810000	0.200	-1.295527
1.813333	0.200	-1.268291
1.816667	0.200	-1.229417
1.820000	0.200	-1.178162
1.823333	0.200	-1.115897
1.826667	0.200	-1.045743
1.830000	0.200	-0.972249
1.833333	0.200	-0.900860
1.836667	0.200	-0.836766
1.840000	0.200	-0.784009
1.843333	0.200	-0.745275
1.846667	0.200	-0.721854
1.850000	0.200	-0.713674
1.853333	0.200	-0.719400
1.856667	0.200	-0.736158
1.860000	0.200	-0.759771
1.863333	0.200	-0.786114
1.866667	0.200	-0.812093
1.870000	0.200	-0.835657
1.873333	0.200	-0.855770
1.876667	0.200	-0.872501
1.880000	0.200	-0.887136
1.883333	0.200	-0.901947
1.886667	0.200	-0.919206
1.890000	0.200	-0.940253
1.893333	0.200	-0.965544
1.896667	0.200	-0.995087
1.900000	0.200	-1.028368
1.903333	0.200	-1.064199
1.906667	0.200	-1.100945
1.910000	0.200	-1.136909
1.913333	0.200	-1.170859
1.916667	0.200	-1.202360
1.920000	0.200	-1.231475
1.923333	0.200	-1.258132
1.926667	0.200	-1.281944
1.930000	0.200	-1.302565
1.933333	0.200	-1.319780
1.936667	0.200	-1.333298
1.940000	0.200	-1.343073
1.943333	0.200	-1.349820
1.946667	0.200	-1.354814
1.950000	0.200	-1.359270
1.953333	0.200	-1.363777
1.956667	0.200	-1.368002
1.960000	0.200	-1.371332
1.963333	0.200	-1.373722
1.966667	0.200	-1.375505
1.970000	0.200	-1.376739
1.973333	0.200	-1.376900
1.976667	0.200	-1.374892
1.980000	0.200	-1.369592
1.983333	0.200	-1.360499
1.986667	0.200	-1.347340
1.990000	0.200	-1.329162
1.993333	0.200	-1.304302
1.996667	0.200	-1.270980
2.000000	0.200	-1.227941
2.003333	0.200	-1.175405
2.006667	0.200	-1.115297
2.010000	0.200	-1.050121
2.013333	0.200	-0.982396
2.016667	0.200	-0.915212
2.020000	0.200	-0.852373
2.023333	0.200	-0.798111
2.026667	0.200	-0.756719
2.030000	0.200	-0.731714
2.033333	0.200	-0.724950
2.036667	0.200	-0.736355
2.040000	0.200	-0.764270
2.043333	0.200	-0.805979
2.046667	0.200	-0.857835
2.050000	0.200	-0.915357
2.053333	0.200	-0.974307
2.056667	0.200	-1.031692
2.060000	0.200	-1.085508
2.063333	0.200	-1.134263
2.066667	0.200	-1.176970
2.070000	0.200	-1.213306
2.073333	0.200	-1.243456
2.076667	0.200	-1.267637
2.080000	0.200	-1.286178
2.083333	0.200	-1.300019
2.086667	0.200	-1.310588
2.090000	0.200	-1.319391
2.093333	0.200	-1.327603
2.096667	0.200	-1.335394
2.100000	0.200	-1.341987
2.103333	0.200	-1.346756
2.106667	0.200	-1.349931
2.110000	0.200	-1.352308
2.113333	0.200	-1.354658
2.116667	0.200	-1.357292
2.120000	0.200	-1.359661
2.123333	0.200	-1.360662
2.126667	0.200	-1.359679
2.130000	0.200	-1.356832
2.133333	0.200	-1.352504
2.136667	0.200	-1.347413
2.140000	0.200	-1.342564
2.143333	0.200	-1.338433
2.146667	0.200	-1.334669
2.150000	0.200	-1.330821
2.153333	0.200	-1.326798
2.156667	0.200	-1.320991
2.160000	0.200	-1.306919
2.163333	0.200	-1.275045
2.166667	0.200	-1.221445
2.170000	0.200	-1.153113
2.173333	0.200	-1.083618
2.176667	0.200	-1.025187
2.180000	0.200	-0.983993
2.183333	0.200	-0.959726
2.186667	0.200	-0.948137
2.190000	0.200	-0.944387
2.193333	0.200	-0.944809
2.196667	0.200	-0.946901
2.200000	0.200	-0.949195
2.203333	0.200	-0.951178
2.206667	0.200	-0.952487
2.210000	0.200	-0.952499
2.213333	0.200	-0.950961
2.216667	0.200	-0.948205
2.220000	0.200	-0.944725
2.223333	0.200	-0.941141
2.226667	0.200	-0.938128
2.230000	0.200	-0.935939
2.233333	0.200	-0.934205
2.236667	0.200	-0.932119
2.240000	0.200	-0.928526
2.243333	0.200	-0.921760
2.246667	0.200	-0.909414
2.250000	0.200	-0.888765
2.253333	0.200	-0.858055
2.256667	0.200	-0.817308
2.260000	0.200	-0.768886
2.263333	0.200	-0.718895
2.266667	0.200	-0.677647
2.270000	0.200	-0.656870
2.273333	0.200	-0.664760
2.276667	0.200	-0.702055
2.280000	0.200	-0.761487
2.283333	0.200	-0.830713
2.286667	0.200	-0.896768
2.290000	0.200	-0.949836
2.293333	0.200	-0.985137
2.296667	0.200	-1.002556
2.300000	0.200	-1.005116
2.303333	0.200	-0.997429
2.306667	0.200	-0.984338
2.310000	0.200	-0.970185
2.313333	0.200	-0.958184
2.316667	0.200	-0.949305
2.320000	0.200	-0.942587
2.323333	0.200	-0.937097
2.326667	0.200	-0.932548
2.330000	0.200	-0.928300
2.333333	0.200	-0.923321
2.336667	0.200	-0.917447
2.340000	0.200	-0.911682
2.343333	0.200	-0.906837
2.346667	0.200	-0.902786
2.350000	0.200	-0.899227
2.353333	0.200	-0.896136
2.356667	0.200	-0.893535
2.360000	0.200	-0.891545
2.363333	0.200	-0.890470
2.366667	0.200	-0.890479
2.370000	0.200	-0.891512
2.373333	0.200	-0.893294
2.376667	0.200	-0.895208
2.380000	0.200	-0.896582
2.383333	0.200	-0.897062
2.386667	0.200	-0.896499
2.390000	0.200	-0.895141
2.393333	0.200	-0.893760
2.396667	0.200	-0.892845
2.400000	0.200	-0.892069
2.403333	0.200	-0.890794
2.406667	0.200	-0.888956
2.410000	0.200	-0.887337
2.413333	0.200	-0.886779
2.416667	0.200	-0.887479
2.420000	0.200	-0.889088
2.423333	0.200	-0.890873
2.426667	0.200	-0.891877
2.430000	0.200	-0.891753
2.433333	0.200	-0.891364
2.436667	0.200	-0.891850
2.440000	0.200	-0.893394
2.443333	0.200	-0.895310
2.446667	0.200	-0.896931
2.450000	0.200	-0.898066
2.453333	0.200	-0.898877
2.456667	0.200	-0.899675
2.460000	0.200	-0.900717
2.463333	0.200	-0.902076
2.466667	0.200	-0.903558
2.470000	0.200	-0.904571
2.473333	0.200	-0.904565
2.476667	0.200	-0.903517
2.480000	0.200	-0.901473
2.483333	0.200	-0.898367
2.486667	0.200	-0.894666
2.490000	0.200	-0.891215
2.493333	0.200	-0.888377
2.496667	0.200	-0.886080
2.500000	0.200	-0.884529
2.503333	0.200	-0.884204
2.506667	0.200	-0.885099
2.510000	0.200	-0.886536
2.513333	0.200	-0.887924
2.516667	0.200	-0.889112
2.520000	0.200	-0.889981
2.523333	0.200	-0.890278
2.526667	0.200	-0.889787
2.530000	0.200	-0.888435
2.533333	0.200	-0.886540
2.536667	0.200	-0.884934
2.540000	0.200	-0.884293
2.543333	0.200	-0.884395
2.546667	0.200	-0.884504
2.550000	0.200	-0.884362
2.553333	0.200	-0.884302
2.556667	0.200	-0.884505
2.560000	0.200	-0.884629
2.563333	0.200	-0.884317
2.566667	0.200	-0.883579
2.570000	0.200	-0.882417
2.573333	0.200	-0.880676
2.576667	0.200	-0.878311
2.580000	0.200	-0.875541
2.583333	0.200	-0.872974
2.586667	0.200	-0.871233
2.590000	0.200	-0.870438
2.593333	0.200	-0.870476
2.596667	0.200	-0.871201
2.600000	0.200	-0.872263
2.603333	0.200	-0.873220
2.606667	0.200	-0.873596
2.610000	0.200	-0.872959
2.613333	0.200	-0.871258
2.616667	0.200	-0.868951
2.620000	0.200	-0.866703
2.623333	0.200	-0.865008
2.626667	0.200	-0.863997
2.630000	0.200	-0.863527
2.633333	0.200	-0.863266
2.636667	0.200	-0.862679
2.640000	0.200	-0.861469
2.643333	0.200	-0.860171
2.646667	0.200	-0.859877
2.650000	0.200	-0.861132
2.653333	0.200	-0.863176
2.656667	0.200	-0.864587
2.660000	0.200	-0.864734
2.663333	0.200	-0.864239
2.666667	0.200	-0.863998
2.670000	0.200	-0.864150
2.673333	0.200	-0.864102
2.676667	0.200	-0.863309
2.680000	0.200	-0.861768
2.683333	0.200	-0.859965
2.686667	0.200	-0.858581
2.690000	0.200	-0.858115
2.693333	0.200	-0.858835
2.696667	0.200	-0.860800
2.700000	0.200	-0.863447
2.703333	0.200	-0.865568
2.706667	0.200	-0.866202
2.710000	0.200	-0.865253
2.713333	0.200	-0.862937
2.716667	0.200	-0.859350
2.720000	0.200	-0.855050
2.723333	0.200	-0.851162
2.726667	0.200	-0.848620
2.730000	0.200	-0.847807
2.733333	0.200	-0.848621
2.736667	0.200	-0.850521
2.740000	0.200	-0.852730
2.743333	0.200	-0.854480
2.746667	0.200	-0.855240
2.750000	0.200	-0.854965
2.753333	0.200	-0.853894
2.756667	0.200	-0.852145
2.760000	0.200	-0.849906
2.763333	0.200	-0.847748
2.766667	0.200	-0.846298
2.770000	0.200	-0.845840
2.773333	0.200	-0.846403
2.776667	0.200	-0.847727
2.780000	0.200	-0.848988
2.783333	0.200	-0.849308
2.786667	0.200	-0.848617
2.790000	0.200	-0.847397
2.793333	0.200	-0.845977
2.796667	0.200	-0.844509
2.800000	0.200	-0.843108
2.803333	0.200	-0.841905
2.806667	0.200	-0.841148
2.810000	0.200	-0.840897
2.813333	0.200	-0.840571
2.816667	0.200	-0.839545
2.820000	0.200	-0.838155
2.823333	0.200	-0.838820
2.826667	0.200	-0.848457
2.830000	0.200	-0.877333
2.833333	0.200	-0.930834
2.836667	0.200	-1.003279
2.840000	0.200	-1.081199
2.843333	0.200	-1.151172
2.846667	0.200	-1.205096
2.850000	0.200	-1.241021
2.853333	0.200	-1.261207
2.856667	0.200	-1.269665
2.860000	0.200	-1.270731
2.863333	0.200	-1.268447
2.866667	0.200	-1.265826
2.870000	0.200	-1.264297
2.873333	0.200	-1.263878
2.876667	0.200	-1.263944
2.880000	0.200	-1.263974
2.883333	0.200	-1.263771
2.886667	0.200	-1.263561
2.890000	0.200	-1.263897
2.893333	0.200	-1.265037
2.896667	0.200	-1.266472
2.900000	0.200	-1.267294
2.903333	0.200	-1.266977
2.906667	0.200	-1.265586
2.910000	0.200	-1.263405
2.913333	0.200	-1.260825
2.916667	0.200	-1.258243
2.920000	0.200	-1.255886
2.923333	0.200	-1.254053
2.926667	0.200	-1.253235
2.930000	0.200	-1.253687
2.933333	0.200	-1.255113
2.936667	0.200	-1.256948
2.940000	0.200	-1.258833
2.943333	0.200	-1.260728
2.946667	0.200	-1.262496
2.950000	0.200	-1.263494
2.953333	0.200	-1.263027
2.956667	0.200	-1.261286
2.960000	0.200	-1.259260
2.963333	0.200	-1.257446
2.966667	0.200	-1.255305
2.970000	0.200	-1.252587
2.973333	0.200	-1.250272
2.976667	0.200	-1.249604
2.980000	0.200	-1.250890
2.983333	0.200	-1.253446
2.986667	0.200	-1.256210
2.990000	0.200	-1.258334
2.993333	0.200	-1.259214
2.996667	0.200	-1.258316
3.000000	0.200	-1.255702
3.003333	0.200	-1.252464
3.006667	0.200	-1.250041
3.010000	0.200	-1.249277
3.013333	0.200	-1.250044
3.016667	0.200	-1.251499
3.020000	0.200	-1.252686
3.023333	0.200	-1.252955
3.026667	0.200	-1.252269
3.030000	0.200	-1.251257
3.033333	0.200	-1.250661
3.036667	0.200	-1.250756
3.040000	0.200	-1.251340
3.043333	0.200	-1.251871
3.046667	0.200	-1.251590
3.050000	0.200	-1.250118
3.053333	0.200	-1.248040
3.056667	0.200	-1.246271
3.060000	0.200	-1.244795
3.063333	0.200	-1.242711
3.066667	0.200	-1.239409
3.070000	0.200	-1.235330
3.073333	0.200	-1.231813
3.076667	0.200	-1.230175
3.080000	0.200	-1.230694
3.083333	0.200	-1.232370
3.086667	0.200	-1.233579
3.090000	0.200	-1.233339
3.093333	0.200	-1.232107
3.096667	0.200	-1.231080
3.100000	0.200	-1.230966
3.103333	0.200	-1.231687
3.106667	0.200	-1.232797
3.110000	0.200	-1.233911
3.113333	0.200	-1.234892
3.116667	0.200	-1.235613
3.120000	0.200	-1.235716
3.123333	0.200	-1.234918
3.126667	0.200	-1.233471
3.130000	0.200	-1.231982
3.133333	0.200	-1.230684
3.136667	0.200	-1.229154
3.140000	0.200	-1.226920
3.143333	0.200	-1.224075
3.146667	0.200	-1.221178
3.150000	0.200	-1.218694
3.153333	0.200	-1.216675
3.156667	0.200	-1.214953
3.160000	0.200	-1.213494
3.163333	0.200	-1.212481
3.166667	0.200	-1.212053
3.170000	0.200	-1.211874
3.173333	0.200	-1.211098
3.176667	0.200	-1.209061
3.180000	0.200	-1.205750
3.183333	0.200	-1.201633
3.186667	0.200	-1.197594
3.190000	0.200	-1.194705
3.193333	0.200	-1.193482
3.196667	0.200	-1.193640
3.200000	0.200	-1.194647
3.203333	0.200	-1.196036
3.206667	0.200	-1.197307
3.210000	0.200	-1.198124
3.213333	0.200	-1.198693
3.216667	0.200	-1.199736
3.220000	0.200	-1.201890
3.223333	0.200	-1.204871
3.226667	0.200	-1.207414
3.230000	0.200	-1.208306
3.233333	0.200	-1.207212
3.236667	0.200	-1.204573
3.240000	0.200	-1.201188
3.243333	0.200	-1.197840
3.246667	0.200	-1.195155
3.250000	0.200	-1.193467
3.253333	0.200	-1.192531
3.256667	0.200	-1.191835
3.260000	0.200	-1.191109
3.263333	0.200	-1.190246
3.266667	0.200	-1.189180
3.270000	0.200	-1.187998
3.273333	0.200	-1.186858
3.276667	0.200	-1.185727
3.280000	0.200	-1.184420
3.283333	0.200	-1.183163
3.286667	0.200	-1.182778
3.290000	0.200	-1.183962
3.293333	0.200	-1.186460
3.296667	0.200	-1.189068
3.300000	0.200	-1.190587
3.303333	0.200	-1.190486
3.306667	0.200	-1.188661
3.310000	0.200	-1.185441
3.313333	0.200	-1.181901
3.316667	0.200	-1.179466
3.320000	0.200	-1.178961
3.323333	0.200	-1.180100
3.326667	0.200	-1.181752
3.330000	0.200	-1.182758
3.333333	0.200	-1.182642
3.336667	0.200	-1.181696
3.340000	0.200	-1.180489
3.343333	0.200	-1.179277
3.346667	0.200	-1.177849
3.350000	0.200	-1.175790
3.353333	0.200	-1.172743
3.356667	0.200	-1.168718
3.360000	0.200	-1.164317
3.363333	0.200	-1.160406
3.366667	0.200	-1.157666
3.370000	0.200	-1.156519
3.373333	0.200	-1.156984
3.376667	0.200	-1.158308
3.380000	0.200	-1.159058
3.383333	0.200	-1.157874
3.386667	0.200	-1.153693
3.390000	0.200	-1.145004
3.393333	0.200	-1.129340
3.396667	0.200	-1.103522
3.400000	0.200	-1.064334
3.403333	0.200	-1.009438
3.406667	0.200	-0.938062
3.410000	0.200	-0.851056
3.413333	0.200	-0.750591
3.416667	0.200	-0.640059
3.420000	0.200	-0.524656
3.423333	0.200	-0.412167
3.426667	0.200	-0.312335
3.430000	0.200	-0.234721
3.433333	0.200	-0.186714
3.436667	0.200	-0.172376
3.440000	0.200	-0.191909
3.443333	0.200	-0.241827
3.446667	0.200	-0.315653
3.450000	0.200	-0.404855
3.453333	0.200	-0.500181
3.456667	0.200	-0.593475
3.460000	0.200	-0.679082
3.463333	0.200	-0.754038
3.466667	0.200	-0.817391
3.470000	0.200	-0.869506
3.473333	0.200	-0.911657
3.476667	0.200	-0.945593
3.480000	0.200	-0.972959
3.483333	0.200	-0.995027
3.486667	0.200	-1.012792
3.490000	0.200	-1.027125
3.493333	0.200	-1.038762
3.496667	0.200	-1.048104
3.500000	0.200	-1.055271
3.503333	0.200	-1.060422
3.506667	0.200	-1.063955
3.510000	0.200	-1.066701
3.513333	0.200	-1.069696
3.516667	0.200	-1.073449
3.520000	0.200	-1.077685
3.523333	0.200	-1.081761
3.526667	0.200	-1.085074
3.530000	0.200	-1.087234
3.533333	0.200	-1.088191
3.536667	0.200	-1.088427
3.540000	0.200	-1.088718
3.543333	0.200	-1.089456
3.546667	0.200	-1.090440
3.550000	0.200	-1.091241
3.553333	0.200	-1.091723
3.556667	0.200	-1.092248
3.560000	0.200	-1.092970
3.563333	0.200	-1.093204
3.566667	0.200	-1.092222
3.570000	0.200	-1.090281
3.573333	0.200	-1.088406
3.576667	0.200	-1.087459
3.580000	0.200	-1.087441
3.583333	0.200	-1.087684
3.586667	0.200	-1.087722
3.590000	0.200	-1.087348
3.593333	0.200	-1.086112
3.596667	0.200	-1.083773
3.600000	0.200	-1.080839
3.603333	0.200	-1.077836
3.606667	0.200	-1.074572
3.610000	0.200	-1.070742
3.613333	0.200	-1.066007
3.616667	0.200	-1.057586
3.620000	0.200	-1.038333
3.623333	0.200	-1.000639
3.626667	0.200	-0.944095
3.630000	0.200	-0.877616
3.633333	0.200	-0.813735
3.636667	0.200	-0.762041
3.640000	0.200	-0.726527
3.643333	0.200	-0.706233
3.646667	0.200	-0.697529
3.650000	0.200	-0.696316
3.653333	0.200	-0.699102
3.656667	0.200	-0.703340
3.660000	0.200	-0.707401
3.663333	0.200	-0.710200
3.666667	0.200	-0.711005
3.670000	0.200	-0.709695
3.673333	0.200	-0.707058
3.676667	0.200	-0.704552
3.680000	0.200	-0.703357
3.683333	0.200	-0.703629
3.686667	0.200	-0.704514
3.690000	0.200	-0.704831
3.693333	0.200	-0.704108
3.696667	0.200	-0.703026
3.700000	0.200	-0.702534
3.703333	0.200	-0.702595
3.706667	0.200	-0.702492
3.710000	0.200	-0.702079
3.713333	0.200	-0.701860
3.716667	0.200	-0.702258
3.720000	0.200	-0.703225
3.723333	0.200	-0.704233
3.726667	0.200	-0.704654
3.730000	0.200	-0.704316
3.733333	0.200	-0.703592
3.736667	0.200	-0.702814
3.740000	0.200	-0.701862
3.743333	0.200	-0.700307
3.746667	0.200	-0.697555
3.750000	0.200	-0.692935
3.753333	0.200	-0.685860
3.756667	0.200	-0.675800
3.760000	0.200	-0.661717
3.763333	0.200	-0.641167
3.766667	0.200	-0.610176
3.770000	0.200	-0.564284
3.773333	0.200	-0.499687
3.776667	0.200	-0.414111
3.780000	0.200	-0.307981
3.783333	0.200	-0.185362
3.786667	0.200	-0.053786
3.790000	0.200	0.076569
3.793333	0.200	0.194062
3.796667	0.200	0.287702
3.800000	0.200	0.349463
3.803333	0.200	0.375378
3.806667	0.200	0.365619
3.810000	0.200	0.323992
3.813333	0.200	0.256820
3.816667	0.200	0.171770
3.820000	0.200	0.076849
3.823333	0.200	-0.020721
3.826667	0.200	-0.115440
3.830000	0.200	-0.203595
3.833333	0.200	-0.282867
3.836667	0.200	-0.352027
3.840000	0.200	-0.410692
3.843333	0.200	-0.459272
3.846667	0.200	-0.498810
3.850000	0.200	-0.530414
3.853333	0.200	-0.555081
3.856667	0.200	-0.574428
3.860000	0.200	-0.591186
3.863333	0.200	-0.607968
3.866667	0.200	-0.625294
3.870000	0.200	-0.641283
3.873333	0.200	-0.653314
3.876667	0.200	-0.660020
3.880000	0.200	-0.662117
3.883333	0.200	-0.661678
3.886667	0.200	-0.660883
3.890000	0.200	-0.661240
3.893333	0.200	-0.663184
3.896667	0.200	-0.666163
3.900000	0.200	-0.669414
3.903333	0.200	-0.672676
3.906667	0.200	-0.676046
3.910000	0.200	-0.679254
3.913333	0.200	-0.681633
3.916667	0.200	-0.683136
3.920000	0.200	-0.684552
3.923333	0.200	-0.686403
3.926667	0.200	-0.688415
3.930000	0.200	-0.690015
3.933333	0.200	-0.690740
3.936667	0.200	-0.690440
3.940000	0.200	-0.689475
3.943333	0.200	-0.688353
3.946667	0.200	-0.687198
3.950000	0.200	-0.686064
3.953333	0.200	-0.685353
3.956667	0.200	-0.685479
3.960000	0.200	-0.686373
3.963333	0.200	-0.687560
3.966667	0.200	-0.688877
3.970000	0.200	-0.690796
3.973333	0.200	-0.693462
3.976667	0.200	-0.695949
3.980000	0.200	-0.697124
3.983333	0.200	-0.696750
3.986667	0.200	-0.695710
3.990000	0.200	-0.695242
3.993333	0.200	-0.695782
3.996667	0.200	-0.696993
4.000000	0.200	-0.698670
4.003333	0.200	-0.700867
4.006667	0.200	-0.703361
4.010000	0.200	-0.705442
4.013333	0.200	-0.706325
4.016667	0.200	-0.705734
4.020000	0.200	-0.704084
4.023333	0.200	-0.702224
4.026667	0.200	-0.700981
4.030000	0.200	-0.700400
4.033333	0.200	-0.699353
4.036667	0.200	-0.696892
4.040000	0.200	-0.693922
4.043333	0.200	-0.692297
4.046667	0.200	-0.692533
4.050000	0.200	-0.693263
4.053333	0.200	-0.692990
4.056667	0.200	-0.691980
4.060000	0.200	-0.693072
4.063333	0.200	-0.702889
4.066667	0.200	-0.730767
4.070000	0.200	-0.781786
4.073333	0.200	-0.850722
4.076667	0.200	-0.924595
4.080000	0.200	-0.990280
4.083333	0.200	-1.039999
4.086667	0.200	-1.072442
4.090000	0.200	-1.090864
4.093333	0.200	-1.100075
4.096667	0.200	-1.104137
4.100000	0.200	-1.105680
4.103333	0.200	-1.106272
4.106667	0.200	-1.106720
4.110000	0.200	-1.106943
4.113333	0.200	-1.106251
4.116667	0.200	-1.104310
4.120000	0.200	-1.101759
4.123333	0.200	-1.099735
4.126667	0.200	-1.098937
4.130000	0.200	-1.099201
4.133333	0.200	-1.099870
4.136667	0.200	-1.100263
4.140000	0.200	-1.099960
4.143333	0.200	-1.099028
4.146667	0.200	-1.097875
4.150000	0.200	-1.097060
4.153333	0.200	-1.097262
4.156667	0.200	-1.098500
4.160000	0.200	-1.099646
4.163333	0.200	-1.099725
4.166667	0.200	-1.099011
4.170000	0.200	-1.098242
4.173333	0.200	-1.097706
4.176667	0.200	-1.097205
4.180000	0.200	-1.096197
4.183333	0.200	-1.094151
4.186667	0.200	-1.091079
4.190000	0.200	-1.087389
4.193333	0.200	-1.083242
4.196667	0.200	-1.078548
4.200000	0.200	-1.073453
4.203333	0.200	-1.068415
4.206667	0.200	-1.063856
4.210000	0.200	-1.059989
4.213333	0.200	-1.056883
4.216667	0.200	-1.054346
4.220000	0.200	-1.051639
4.223333	0.200	-1.046458
4.226667	0.200	-1.032818
4.230000	0.200	-1.002411
4.233333	0.200	-0.951802
4.236667	0.200	-0.887199
4.240000	0.200	-0.820850
4.243333	0.200	-0.763987
4.246667	0.200	-0.722684
4.250000	0.200	-0.697681
4.253333	0.200	-0.685966
4.256667	0.200	-0.682908
4.260000	0.200	-0.684354
4.263333	0.200	-0.687382
4.266667	0.200	-0.690125
4.270000	0.200	-0.691755
4.273333	0.200	-0.692215
4.276667	0.200	-0.691622
4.280000	0.200	-0.690159
4.283333	0.200	-0.688245
4.286667	0.200	-0.686407
4.290000	0.200	-0.685149
4.293333	0.200	-0.684786
4.296667	0.200	-0.685174
4.300000	0.200	-0.685935
4.303333	0.200	-0.686987
4.306667	0.200	-0.688520
4.310000	0.200	-0.690556
4.313333	0.200	-0.692855
4.316667	0.200	-0.695099
4.320000	0.200	-0.696865
4.323333	0.200	-0.697587
4.326667	0.200	-0.696921
4.330000	0.200	-0.695123
4.333333	0.200	-0.692706
4.336667	0.200	-0.689983
4.340000	0.200	-0.687279
4.343333	0.200	-0.685278
4.346667	0.200	-0.684790
4.350000	0.200	-0.686194
4.353333	0.200	-0.689069
4.356667	0.200	-0.692200
4.360000	0.200	-0.694076
4.363333	0.200	-0.693644
4.366667	0.200	-0.690947
4.370000	0.200	-0.687223
4.373333	0.200	-0.684087
4.376667	0.200	-0.682567
4.380000	0.200	-0.682773
4.383333	0.200	-0.684018
4.386667	0.200	-0.685390
4.390000	0.200	-0.686398
4.393333	0.200	-0.686830
4.396667	0.200	-0.686313
4.400000	0.200	-0.684549
4.403333	0.200	-0.681968
4.406667	0.200	-0.679689
4.410000	0.200	-0.678621
4.413333	0.200	-0.678824
4.416667	0.200	-0.679691
4.420000	0.200	-0.680518
4.423333	0.200	-0.680902
4.426667	0.200	-0.680647
4.430000	0.200	-0.679651
4.433333	0.200	-0.678163
4.436667	0.200	-0.676667
4.440000	0.200	-0.675577
4.443333	0.200	-0.675335
4.446667	0.200	-0.676088
4.450000	0.200	-0.677177
4.453333	0.200	-0.677782
4.456667	0.200	-0.677736
4.460000	0.200	-0.677222
4.463333	0.200	-0.676448
4.466667	0.200	-0.675785
4.470000	0.200	-0.675495
4.473333	0.200	-0.675277
4.476667	0.200	-0.674507
4.480000	0.200	-0.672903
4.483333	0.200	-0.670656
4.486667	0.200	-0.668157
4.490000	0.200	-0.665898
4.493333	0.200	-0.664227
4.496667	0.200	-0.663252
4.500000	0.200	-0.663201
4.503333	0.200	-0.664388
4.506667	0.200	-0.666568
4.510000	0.200	-0.668729
4.513333	0.200	-0.669755
4.516667	0.200	-0.669146
4.520000	0.200	-0.667202
4.523333	0.200	-0.664744
4.526667	0.200	-0.662571
4.530000	0.200	-0.661220
4.533333	0.200	-0.660988
4.536667	0.200	-0.661796
4.540000	0.200	-0.663141
4.543333	0.200	-0.664146
4.546667	0.200	-0.663846
4.550000	0.200	-0.661947
4.553333	0.200	-0.659201
4.556667	0.200	-0.656725
4.560000	0.200	-0.655166
4.563333	0.200	-0.654647
4.566667	0.200	-0.654920
4.570000	0.200	-0.655371
4.573333	0.200	-0.655402
4.576667	0.200	-0.654942
4.580000	0.200	-0.654254
4.583333	0.200	-0.653392
4.586667	0.200	-0.652330
4.590000	0.200	-0.651391
4.593333	0.200	-0.650907
4.596667	0.200	-0.650629
4.600000	0.200	-0.649889
4.603333	0.200	-0.648315
4.606667	0.200	-0.646127
4.610000	0.200	-0.643839
4.613333	0.200	-0.642082
4.616667	0.200	-0.641429
4.620000	0.200	-0.641957
4.623333	0.200	-0.642970
4.626667	0.200	-0.644027
4.630000	0.200	-0.648572
4.633333	0.200	-0.666541
4.636667	0.200	-0.708619
4.640000	0.200	-0.775793
4.643333	0.200	-0.856757
4.646667	0.200	-0.935025
4.650000	0.200	-0.997498
4.653333	0.200	-1.038875
4.656667	0.200	-1.060782
4.660000	0.200	-1.067990
4.663333	0.200	-1.065490
4.666667	0.200	-1.057724
4.670000	0.200	-1.048669
4.673333	0.200	-1.041283
4.676667	0.200	-1.036511
4.680000	0.200	-1.033687
4.683333	0.200	-1.032062
4.686667	0.200	-1.031404
4.690000	0.200	-1.031625
4.693333	0.200	-1.032543
4.696667	0.200	-1.033876
4.700000	0.200	-1.035391
4.703333	0.200	-1.037169
4.706667	0.200	-1.039517
4.710000	0.200	-1.042420
4.713333	0.200	-1.045276
4.716667	0.200	-1.047359
4.720000	0.200	-1.048377
4.723333	0.200	-1.048728
4.726667	0.200	-1.049382
4.730000	0.200	-1.051124
4.733333	0.200	-1.053775
4.736667	0.200	-1.056437
4.740000	0.200	-1.058328
4.743333	0.200	-1.059208
4.746667	0.200	-1.059307
4.750000	0.200	-1.058976
4.753333	0.200	-1.058336
4.756667	0.200	-1.057488
4.760000	0.200	-1.056839
4.763333	0.200	-1.056702
4.766667	0.200	-1.056744
4.770000	0.200	-1.056214
4.773333	0.200	-1.054736
4.776667	0.200	-1.052828
4.780000	0.200	-1.051441
4.783333	0.200	-1.050839
4.786667	0.200	-1.050298
4.790000	0.200	-1.049123
4.793333	0.200	-1.047370
4.796667	0.200	-1.045329
4.800000	0.200	-1.043080
4.803333	0.200	-1.040801
4.806667	0.200	-1.038912
4.810000	0.200	-1.037641
4.813333	0.200	-1.036684
4.816667	0.200	-1.035420
4.820000	0.200	-1.033156
4.823333	0.200	-1.029032
4.826667	0.200	-1.022342
4.830000	0.200	-1.013161
4.833333	0.200	-1.002194
4.836667	0.200	-0.990209
4.840000	0.200	-0.978021
4.843333	0.200	-0.966606
4.846667	0.200	-0.956766
4.850000	0.200	-0.948728
4.853333	0.200	-0.942290
4.856667	0.200	-0.937305
4.860000	0.200	-0.933836
4.863333	0.200	-0.931941
4.866667	0.200	-0.931314
4.870000	0.200	-0.931197
4.873333	0.200	-0.930848
4.876667	0.200	-0.929975
4.880000	0.200	-0.928630
4.883333	0.200	-0.926731
4.886667	0.200	-0.924012
4.890000	0.200	-0.920708
4.893333	0.200	-0.917787
4.896667	0.200	-0.916262
4.900000	0.200	-0.916722
4.903333	0.200	-0.919199
4.906667	0.200	-0.923012
4.910000	0.200	-0.927268
4.913333	0.200	-0.931693
4.916667	0.200	-0.936668
4.920000	0.200	-0.942742
4.923333	0.200	-0.950198
4.926667	0.200	-0.958476
4.930000	0.200	-0.966167
4.933333	0.200	-0.972234
4.936667	0.200	-0.976827
4.940000	0.200	-0.980593
4.943333	0.200	-0.983908
4.946667	0.200	-0.986881
4.950000	0.200	-0.989582
4.953333	0.200	-0.992099
4.956667	0.200	-0.994433
4.960000	0.200	-0.996425
4.963333	0.200	-0.997741
4.966667	0.200	-0.997983
4.970000	0.200	-0.997050
4.973333	0.200	-0.995407
4.976667	0.200	-0.993745
4.980000	0.200	-0.992350
4.983333	0.200	-0.991238
4.986667	0.200	-0.990523
4.990000	0.200	-0.989989
4.993333	0.200	-0.988851
4.996667	0.200	-0.986641
5.000000	0.200	-0.983824
5.003333	0.200	-0.981111
5.006667	0.200	-0.978798
5.010000	0.200	-0.976780
5.013333	0.200	-0.974529
5.016667	0.200	-0.971132
5.020000	0.200	-0.965374
5.023333	0.200	-0.955819
5.026667	0.200	-0.941038
5.030000	0.200	-0.919680
5.033333	0.200	-0.890419
5.036667	0.200	-0.852142
5.040000	0.200	-0.804445
5.043333	0.200	-0.748174
5.046667	0.200	-0.685425
5.050000	0.200	-0.619009
5.053333	0.200	-0.552085
5.056667	0.200	-0.488071
5.060000	0.200	-0.430640
5.063333	0.200	-0.383683
5.066667	0.200	-0.350838
5.070000	0.200	-0.334509
5.073333	0.200	-0.335048
5.076667	0.200	-0.351018
5.080000	0.200	-0.380294
5.083333	0.200	-0.420653
5.086667	0.200	-0.469349
5.090000	0.200	-0.522696
5.093333	0.200	-0.576804
5.096667	0.200	-0.628754
5.100000	0.200	-0.676587
5.103333	0.200	-0.718708
5.106667	0.200	-0.754329
5.110000	0.200	-0.784116
5.113333	0.200	-0.809323
5.116667	0.200	-0.830472
5.120000	0.200	-0.847438
5.123333	0.200	-0.860372
5.126667	0.200	-0.869875
5.130000	0.200	-0.876462
5.133333	0.200	-0.880512
5.136667	0.200	-0.882868
5.140000	0.200	-0.884759
5.143333	0.200	-0.886790
5.146667	0.200	-0.888691
5.150000	0.200	-0.890487
5.153333	0.200	-0.893139
5.156667	0.200	-0.897485
5.160000	0.200	-0.903144
5.163333	0.200	-0.908792
5.166667	0.200	-0.913028
5.170000	0.200	-0.915125
5.173333	0.200	-0.915300
5.176667	0.200	-0.914203
5.180000	0.200	-0.912512
5.183333	0.200	-0.910943
5.186667	0.200	-0.909969
5.190000	0.200	-0.909532
5.193333	0.200	-0.909405
5.196667	0.200	-0.909522
5.200000	0.200	-0.909745
5.203333	0.200	-0.909813
5.206667	0.200	-0.909618
5.210000	0.200	-0.909271
5.213333	0.200	-0.908997
5.216667	0.200	-0.908932
5.220000	0.200	-0.908867
5.223333	0.200	-0.908269
5.226667	0.200	-0.906707
5.230000	0.200	-0.904252
5.233333	0.200	-0.901126
5.236667	0.200	-0.897194
5.240000	0.200	-0.892041
5.243333	0.200	-0.884691
5.246667	0.200	-0.872480
5.250000	0.200	-0.850335
5.253333	0.200	-0.811364
5.256667	0.200	-0.748309
5.260000	0.200	-0.655375
5.263333	0.200	-0.530568
5.266667	0.200	-0.377873
5.270000	0.200	-0.208134
5.273333	0.200	-0.038440
5.276667	0.200	0.110251
5.280000	0.200	0.217595
5.283333	0.200	0.268958
5.286667	0.200	0.258638
5.290000	0.200	0.190607
5.293333	0.200	0.077417
5.296667	0.200	-0.062893
5.300000	0.200	-0.211369
5.303333	0.200	-0.352054
5.306667	0.200	-0.474193
5.310000	0.200	-0.573034
5.313333	0.200	-0.648948
5.316667	0.200	-0.705250
5.320000	0.200	-0.746287
5.323333	0.200	-0.776343
5.326667	0.200	-0.798930
5.330000	0.200	-0.816321
5.333333	0.200	-0.829725
5.336667	0.200	-0.839726
5.340000	0.200	-0.846301
5.343333	0.200	-0.849122
5.346667	0.200	-0.848404
5.350000	0.200	-0.845302
5.353333	0.200	-0.841504
5.356667	0.200	-0.838372
5.360000	0.200	-0.836310
5.363333	0.200	-0.835101
5.366667	0.200	-0.834778
5.370000	0.200	-0.835746
5.373333	0.200	-0.838322
5.376667	0.200	-0.842407
5.380000	0.200	-0.847302
5.383333	0.200	-0.851806
5.386667	0.200	-0.854804
5.390000	0.200	-0.855944
5.393333	0.200	-0.855683
5.396667	0.200	-0.854662
5.400000	0.200	-0.853139
5.403333	0.200	-0.850982
5.406667	0.200	-0.848158
5.410000	0.200	-0.845188
5.413333	0.200	-0.842962
5.416667	0.200	-0.842032
5.420000	0.200	-0.842134
5.423333	0.200	-0.842594
5.426667	0.200	-0.843149
5.430000	0.200	-0.843850
5.433333	0.200	-0.844460
5.436667	0.200	-0.844505
5.440000	0.200	-0.843713
5.443333	0.200	-0.842306
5.446667	0.200	-0.840894
5.450000	0.200	-0.839946
5.453333	0.200	-0.839519
5.456667	0.200	-0.839536
5.460000	0.200	-0.839980
5.463333	0.200	-0.840620
5.466667	0.200	-0.840710
5.470000	0.200	-0.839420
5.473333	0.200	-0.836787
5.476667	0.200	-0.833950
5.480000	0.200	-0.832229
5.483333	0.200	-0.831896
5.486667	0.200	-0.831957
5.490000	0.200	-0.831226
5.493333	0.200	-0.828977
5.496667	0.200	-0.824505
5.500000	0.200	-0.817161
5.503333	0.200	-0.806866
5.506667	0.200	-0.793862
5.510000	0.200	-0.778421
5.513333	0.200	-0.761171
5.516667	0.200	-0.743155
5.520000	0.200	-0.725857
5.523333	0.200	-0.711322
5.526667	0.200	-0.701364
5.530000	0.200	-0.696594
5.533333	0.200	-0.696523
5.536667	0.200	-0.700337
5.540000	0.200	-0.707341
5.543333	0.200	-0.716769
5.546667	0.200	-0.727733
5.550000	0.200	-0.739470
5.553333	0.200	-0.751076
5.556667	0.200	-0.761519
5.560000	0.200	-0.770501
5.563333	0.200	-0.778507
5.566667	0.200	-0.785522
5.570000	0.200	-0.790528
5.573333	0.200	-0.792779
5.576667	0.200	-0.792687
5.580000	0.200	-0.791173
5.583333	0.200	-0.788776
5.586667	0.200	-0.785129
5.590000	0.200	-0.779163
5.593333	0.200	-0.769969
5.596667	0.200	-0.757122
5.600000	0.200	-0.740434
5.603333	0.200	-0.719827
5.606667	0.200	-0.694955
5.610000	0.200	-0.664846
5.613333	0.200	-0.628268
5.616667	0.200	-0.584274
5.620000	0.200	-0.532567
5.623333	0.200	-0.473799
5.626667	0.200	-0.409549
5.630000	0.200	-0.342199
5.633333	0.200	-0.274766
5.636667	0.200	-0.210547
5.640000	0.200	-0.152705
5.643333	0.200	-0.104045
5.646667	0.200	-0.067026
5.650000	0.200	-0.043583
5.653333	0.200	-0.034782
5.656667	0.200	-0.040657
5.660000	0.200	-0.060158
5.663333	0.200	-0.091453
5.666667	0.200	-0.132691
5.670000	0.200	-0.182068
5.673333	0.200	-0.237194
5.676667	0.200	-0.295162
5.680000	0.200	-0.353231
5.683333	0.200	-0.409233
5.686667	0.200	-0.461556
5.690000	0.200	-0.509071
5.693333	0.200	-0.551285
5.696667	0.200	-0.588336
5.700000	0.200	-0.620724
5.703333	0.200	-0.649109
5.706667	0.200	-0.674043
5.710000	0.200	-0.695536
5.713333	0.200	-0.713226
5.716667	0.200	-0.727082
5.720000	0.200	-0.737479
5.723333	0.200	-0.744971
5.726667	0.200	-0.750335
5.730000	0.200	-0.754141
5.733333	0.200	-0.756514
5.736667	0.200	-0.757788
5.740000	0.200	-0.758626
5.743333	0.200	-0.759327
5.746667	0.200	-0.759736
5.750000	0.200	-0.759755
5.753333	0.200	-0.759659
5.756667	0.200	-0.760017
5.760000	0.200	-0.761173
5.763333	0.200	-0.762891
5.766667	0.200	-0.764604
5.770000	0.200	-0.765685
5.773333	0.200	-0.765661
5.776667	0.200	-0.764627
5.780000	0.200	-0.763190
5.783333	0.200	-0.761854
5.786667	0.200	-0.760776
5.790000	0.200	-0.759669
5.793333	0.200	-0.757749
5.796667	0.200	-0.754558
5.800000	0.200	-0.750829
5.803333	0.200	-0.747776
5.806667	0.200	-0.745595
5.810000	0.200	-0.743457
5.813333	0.200	-0.740731
5.816667	0.200	-0.737469
5.820000	0.200	-0.733961
5.823333	0.200	-0.730547
5.826667	0.200	-0.727790
5.830000	0.200	-0.726117
5.833333	0.200	-0.725315
5.836667	0.200	-0.724825
5.840000	0.200	-0.724407
5.843333	0.200	-0.724467
5.846667	0.200	-0.725671
5.850000	0.200	-0.728050
5.853333	0.200	-0.730797
5.856667	0.200	-0.732935
5.860000	0.200	-0.733952
5.863333	0.200	-0.734190
5.866667	0.200	-0.734582
5.870000	0.200	-0.735519
5.873333	0.200	-0.736377
5.876667	0.200	-0.736491
5.880000	0.200	-0.735979
5.883333	0.200	-0.735401
5.886667	0.200	-0.735084
5.890000	0.200	-0.734870
5.893333	0.200	-0.734432
5.896667	0.200	-0.733715
5.900000	0.200	-0.732941
5.903333	0.200	-0.732202
5.906667	0.200	-0.731270
5.910000	0.200	-0.729733
5.913333	0.200	-0.727357
5.916667	0.200	-0.724657
5.920000	0.200	-0.722701
5.923333	0.200	-0.721931
5.926667	0.200	-0.721728
5.930000	0.200	-0.721029
5.933333	0.200	-0.718906
5.936667	0.200	-0.715214
5.940000	0.200	-0.711107
5.943333	0.200	-0.708352
5.946667	0.200	-0.707826
5.950000	0.200	-0.708935
5.953333	0.200	-0.710485
5.956667	0.200	-0.711720
5.960000	0.200	-0.712549
5.963333	0.200	-0.713156
5.966667	0.200	-0.713544
5.970000	0.200	-0.713632
5.973333	0.200	-0.713615
5.976667	0.200	-0.713891
5.980000	0.200	-0.714635
5.983333	0.200	-0.715419
5.986667	0.200	-0.715499
5.990000	0.200	-0.714799
5.993333	0.200	-0.713996
5.996667	0.200	-0.713341
6.000000	0.200	-0.712203
6.003333	0.200	-0.709912
6.006667	0.200	-0.706468
6.010000	0.200	-0.702677
6.013333	0.200	-0.699981
6.016667	0.200	-0.699683
6.020000	0.200	-0.701876
6.023333	0.200	-0.705426
6.026667	0.200	-0.709044
6.030000	0.200	-0.711835
6.033333	0.200	-0.713139
6.036667	0.200	-0.712753
6.040000	0.200	-0.711048
6.043333	0.200	-0.708374
6.046667	0.200	-0.704865
6.050000	0.200	-0.700998
6.053333	0.200	-0.697877
6.056667	0.200	-0.696535
6.060000	0.200	-0.696964
6.063333	0.200	-0.698166
6.066667	0.200	-0.699018
6.070000	0.200	-0.698980
6.073333	0.200	-0.698212
6.076667	0.200	-0.697054
6.080000	0.200	-0.695731
6.083333	0.200	-0.694671
6.086667	0.200	-0.694321
6.090000	0.200	-0.694617
6.093333	0.200	-0.695140
6.096667	0.200	-0.695395
6.100000	0.200	-0.694838
6.103333	0.200	-0.693202
6.106667	0.200	-0.690652
6.110000	0.200	-0.687312
6.113333	0.200	-0.682953
6.116667	0.200	-0.677342
6.120000	0.200	-0.670759
6.123333	0.200	-0.664037
6.126667	0.200	-0.658134
6.130000	0.200	-0.653657
6.133333	0.200	-0.650813
6.136667	0.200	-0.649915
6.140000	0.200	-0.651403
6.143333	0.200	-0.654950
6.146667	0.200	-0.659330
6.150000	0.200	-0.663447
6.153333	0.200	-0.667028
6.156667	0.200	-0.670165
6.160000	0.200	-0.672476
6.163333	0.200	-0.673315
6.166667	0.200	-0.672796
6.170000	0.200	-0.671905
6.173333	0.200	-0.671557
6.176667	0.200	-0.672033
6.180000	0.200	-0.673216
6.183333	0.200	-0.674914
6.186667	0.200	-0.676830
6.190000	0.200	-0.678758
6.193333	0.200	-0.680967
6.196667	0.200	-0.683778
6.200000	0.200	-0.686883
6.203333	0.200	-0.689415
6.206667	0.200	-0.690337
6.210000	0.200	-0.689096
6.213333	0.200	-0.686193
6.216667	0.200	-0.682723
6.220000	0.200	-0.679741
6.223333	0.200	-0.678254
6.226667	0.200	-0.678799
6.230000	0.200	-0.680777
6.233333	0.200	-0.682864
6.236667	0.200	-0.684072
6.240000	0.200	-0.684144
6.243333	0.200	-0.683058
6.246667	0.200	-0.680673
6.250000	0.200	-0.677413
6.253333	0.200	-0.674664
6.256667	0.200	-0.673577
6.260000	0.200	-0.673942
6.263333	0.200	-0.674514
6.266667	0.200	-0.673886
6.270000	0.200	-0.671319
6.273333	0.200	-0.667169
6.276667	0.200	-0.662317
6.280000	0.200	-0.657263
6.283333	0.200	-0.651969
6.286667	0.200	-0.646268
6.290000	0.200	-0.640177
6.293333	0.200	-0.633927
6.296667	0.200	-0.627786
6.300000	0.200	-0.621957
6.303333	0.200	-0.616648
6.306667	0.200	-0.611949
6.310000	0.200	-0.607744
6.313333	0.200	-0.604191
6.316667	0.200	-0.601958
6.320000	0.200	-0.601530
6.323333	0.200	-0.602619
6.326667	0.200	-0.604704
6.330000	0.200	-0.607645
6.333333	0.200	-0.611258
6.336667	0.200	-0.614956
6.340000	0.200	-0.618084
6.343333	0.200	-0.620382
6.346667	0.200	-0.622438
6.350000	0.200	-0.625401
6.353333	0.200	-0.629954
6.356667	0.200	-0.635791
6.360000	0.200	-0.641869
6.363333	0.200	-0.647056
6.366667	0.200	-0.651046
6.370000	0.200	-0.654433
6.373333	0.200	-0.657595
6.376667	0.200	-0.660280
6.380000	0.200	-0.662267
6.383333	0.200	-0.663534
6.386667	0.200	-0.664006
6.390000	0.200	-0.663679
6.393333	0.200	-0.662867
6.396667	0.200	-0.661979
6.400000	0.200	-0.661034
6.403333	0.200	-0.659969
6.406667	0.200	-0.659291
6.410000	0.200	-0.659756
6.413333	0.200	-0.661535
6.416667	0.200	-0.663999
6.420000	0.200	-0.666099
6.423333	0.200	-0.666902
6.426667	0.200	-0.665889
6.430000	0.200	-0.663041
6.433333	0.200	-0.659119
6.436667	0.200	-0.655513
6.440000	0.200	-0.653087
6.443333	0.200	-0.651403
6.446667	0.200	-0.649545
6.450000	0.200	-0.647230
6.453333	0.200	-0.644851
6.456667	0.200	-0.643020
6.460000	0.200	-0.642181
6.463333	0.200	-0.642197
6.466667	0.200	-0.642338
6.470000	0.200	-0.642030
6.473333	0.200	-0.641359
6.476667	0.200	-0.640723
6.480000	0.200	-0.640581
6.483333	0.200	-0.641254
6.486667	0.200	-0.642468
6.490000	0.200	-0.643507
6.493333	0.200	-0.643841
6.496667	0.200	-0.643247
6.500000	0.200	-0.641804
6.503333	0.200	-0.640256
6.506667	0.200	-0.639636
6.510000	0.200	-0.640048
6.513333	0.200	-0.640595
6.516667	0.200	-0.640520
6.520000	0.200	-0.639732
6.523333	0.200	-0.638505
6.526667	0.200	-0.637156
6.530000	0.200	-0.636086
6.533333	0.200	-0.635775
6.536667	0.200	-0.636466
6.540000	0.200	-0.637980
6.543333	0.200	-0.639820
6.546667	0.200	-0.641623
6.550000	0.200	-0.643399
6.553333	0.200	-0.645111
6.556667	0.200	-0.646408
6.560000	0.200	-0.646897
6.563333	0.200	-0.646370
6.566667	0.200	-0.644837
6.570000	0.200	-0.642662
6.573333	0.200	-0.640604
6.576667	0.200	-0.639447
6.580000	0.200	-0.639518
6.583333	0.200	-0.640422
6.586667	0.200	-0.641317
6.590000	0.200	-0.641724
6.593333	0.200	-0.641739
6.596667	0.200	-0.641353
6.600000	0.200	-0.640362
6.603333	0.200	-0.639027
6.606667	0.200	-0.638105
6.610000	0.200	-0.638141
6.613333	0.200	-0.639112
6.616667	0.200	-0.640455
6.620000	0.200	-0.641311
6.623333	0.200	-0.641049
6.626667	0.200	-0.639554
6.630000	0.200	-0.637112
6.633333	0.200	-0.634239
6.636667	0.200	-0.631518
6.640000	0.200	-0.629517
6.643333	0.200	-0.628707
6.646667	0.200	-0.629197
6.650000	0.200	-0.630499
6.653333	0.200	-0.631806
6.656667	0.200	-0.632622
6.660000	0.200	-0.633042
6.663333	0.200	-0.633492
6.666667	0.200	-0.634114
6.670000	0.200	-0.634445
6.673333	0.200	-0.633874
6.676667	0.200	-0.632222
6.680000	0.200	-0.630088
6.683333	0.200	-0.628657
6.686667	0.200	-0.628497
6.690000	0.200	-0.628966
6.693333	0.200	-0.629479
6.696667	0.200	-0.630338
6.700000	0.200	-0.631806
6.703333	0.200	-0.633329
6.706667	0.200	-0.634070
6.710000	0.200	-0.633853
6.713333	0.200	-0.633273
6.716667	0.200	-0.633035
6.720000	0.200	-0.633347
6.723333	0.200	-0.633763
6.726667	0.200	-0.633525
6.730000	0.200	-0.632101
6.733333	0.200	-0.629398
6.736667	0.200	-0.625630
6.740000	0.200	-0.621179
6.743333	0.200	-0.616600
6.746667	0.200	-0.612406
6.750000	0.200	-0.608795
6.753333	0.200	-0.605805
6.756667	0.200	-0.603412
6.760000	0.200	-0.601318
6.763333	0.200	-0.599011
6.766667	0.200	-0.596088
6.770000	0.200	-0.592346
6.773333	0.200	-0.587730
6.776667	0.200	-0.582519
6.780000	0.200	-0.577505
6.783333	0.200	-0.573771
6.786667	0.200	-0.572244
6.790000	0.200	-0.573335
6.793333	0.200	-0.576678
6.796667	0.200	-0.581030
6.800000	0.200	-0.584796
6.803333	0.200	-0.587075
6.806667	0.200	-0.588030
6.810000	0.200	-0.588303
6.813333	0.200	-0.588535
6.816667	0.200	-0.589241
6.820000	0.200	-0.590718
6.823333	0.200	-0.592907
6.826667	0.200	-0.595376
6.830000	0.200	-0.597512
6.833333	0.200	-0.598961
6.836667	0.200	-0.600036
6.840000	0.200	-0.601387
6.843333	0.200	-0.603332
6.846667	0.200	-0.605820
6.850000	0.200	-0.608618
6.853333	0.200	-0.611202
6.856667	0.200	-0.612856
6.860000	0.200	-0.613206
6.863333	0.200	-0.612503
6.866667	0.200	-0.611241
6.870000	0.200	-0.609817
6.873333	0.200	-0.608534
6.876667	0.200	-0.607423
6.880000	0.200	-0.606306
6.883333	0.200	-0.605207
6.886667	0.200	-0.604200
6.890000	0.200	-0.603142
6.893333	0.200	-0.601975
6.896667	0.200	-0.600658
6.900000	0.200	-0.598787
6.903333	0.200	-0.595736
6.906667	0.200	-0.590928
6.910000	0.200	-0.583687
6.913333	0.200	-0.572913
6.916667	0.200	-0.557017
6.920000	0.200	-0.534326
6.923333	0.200	-0.503759
6.926667	0.200	-0.465281
6.930000	0.200	-0.419561
6.933333	0.200	-0.367287
6.936667	0.200	-0.309290
6.940000	0.200	-0.247300
6.943333	0.200	-0.183984
6.946667	0.200	-0.122266
6.950000	0.200	-0.064899
6.953333	0.200	-0.014524
6.956667	0.200	0.026184
6.960000	0.200	0.054525
6.963333	0.200	0.068124
6.966667	0.200	0.065904
6.970000	0.200	0.049005
6.973333	0.200	0.020143
6.976667	0.200	-0.017923
6.980000	0.200	-0.062560
6.983333	0.200	-0.110948
6.986667	0.200	-0.160984
6.990000	0.200	-0.211625
6.993333	0.200	-0.261565
6.996667	0.200	-0.308468
7.000000	0.200	-0.350063
7.003333	0.200	-0.385535
7.006667	0.200	-0.415392
7.010000	0.200	-0.440340
7.013333	0.200	-0.460713
7.016667	0.200	-0.476681
7.020000	0.200	-0.488756
7.023333	0.200	-0.498069
7.026667	0.200	-0.505910
7.030000	0.200	-0.512867
7.033333	0.200	-0.518672
7.036667	0.200	-0.523046
7.040000	0.200	-0.526446
7.043333	0.200	-0.529933
7.046667	0.200	-0.534265
7.050000	0.200	-0.538975
7.053333	0.200	-0.542716
7.056667	0.200	-0.544711
7.060000	0.200	-0.545396
7.063333	0.200	-0.545548
7.066667	0.200	-0.545370
7.070000	0.200	-0.544776
7.073333	0.200	-0.544135
7.076667	0.200	-0.544145
7.080000	0.200	-0.545194
7.083333	0.200	-0.547306
7.086667	0.200	-0.550286
7.090000	0.200	-0.553365
7.093333	0.200	-0.555204
7.096667	0.200	-0.554814
7.100000	0.200	-0.552380
7.103333	0.200	-0.549046
7.106667	0.200	-0.546003
7.110000	0.200	-0.543861
7.113333	0.200	-0.542637
7.116667	0.200	-0.541993
7.120000	0.200	-0.541512
7.123333	0.200	-0.541098
7.126667	0.200	-0.541052
7.130000	0.200	-0.541614
7.133333	0.200	-0.542696
7.136667	0.200	-0.544075
7.140000	0.200	-0.545626
7.143333	0.200	-0.547247
7.146667	0.200	-0.548572
7.150000	0.200	-0.549072
7.153333	0.200	-0.548675
7.156667	0.200	-0.547892
7.160000	0.200	-0.547250
7.163333	0.200	-0.547150
7.166667	0.200	-0.547924
7.170000	0.200	-0.549272
7.173333	0.200	-0.549974
7.176667	0.200	-0.548905
7.180000	0.200	-0.546308
7.183333	0.200	-0.543558
7.186667	0.200	-0.541803
7.190000	0.200	-0.541300
7.193333	0.200	-0.541618
7.196667	0.200	-0.541869
7.200000	0.200	-0.541204
7.203333	0.200	-0.539651
7.206667	0.200	-0.538261
7.210000	0.200	-0.538224
7.213333	0.200	-0.540042
7.216667	0.200	-0.543314
7.220000	0.200	-0.546725
7.223333	0.200	-0.548585
7.226667	0.200	-0.547951
7.230000	0.200	-0.544922
7.233333	0.200	-0.540022
7.236667	0.200	-0.533661
7.240000	0.200	-0.525630
7.243333	0.200	-0.514815
7.246667	0.200	-0.499641
7.250000	0.200	-0.478923
7.253333	0.200	-0.452234
7.256667	0.200	-0.419431
7.260000	0.200	-0.380170
7.263333	0.200	-0.334295
7.266667	0.200	-0.282616
7.270000	0.200	-0.226862
7.273333	0.200	-0.168729
7.276667	0.200	-0.109428
7.280000	0.200	-0.050415
7.283333	0.200	0.005944
7.286667	0.200	0.056561
7.290000	0.200	0.098247
7.293333	0.200	0.128403
7.296667	0.200	0.145432
7.300000	0.200	0.149025
7.303333	0.200	0.140226
7.306667	0.200	0.120628
7.310000	0.200	0.091497
7.313333	0.200	0.054223
7.316667	0.200	0.011431
7.320000	0.200	-0.032954
7.323333	0.200	-0.075123
7.326667	0.200	-0.112045
7.330000	0.200	-0.139633
7.333333	0.200	-0.152634
7.336667	0.200	-0.149301
7.340000	0.200	-0.134685
7.343333	0.200	-0.117707
7.346667	0.200	-0.105950
7.350000	0.200	-0.102889
7.353333	0.200	-0.108026
7.356667	0.200	-0.118660
7.360000	0.200	-0.131859
7.363333	0.200	-0.145171
7.366667	0.200	-0.156525
7.370000	0.200	-0.164650
7.373333	0.200	-0.169739
7.376667	0.200	-0.173188
7.380000	0.200	-0.176384
7.383333	0.200	-0.179927
7.386667	0.200	-0.183651
7.390000	0.200	-0.186911
7.393333	0.200	-0.189231
7.396667	0.200	-0.190729
7.400000	0.200	-0.191759
7.403333	0.200	-0.192553
7.406667	0.200	-0.193323
7.410000	0.200	-0.194373
7.413333	0.200	-0.196043
7.416667	0.200	-0.198467
7.420000	0.200	-0.201220
7.423333	0.200	-0.203409
7.426667	0.200	-0.204135
7.430000	0.200	-0.202860
7.433333	0.200	-0.199897
7.436667	0.200	-0.196484
7.440000	0.200	-0.193896
7.443333	0.200	-0.192782
7.446667	0.200	-0.193200
7.450000	0.200	-0.194802
7.453333	0.200	-0.197144
7.456667	0.200	-0.199970
7.460000	0.200	-0.203076
7.463333	0.200	-0.206082
7.466667	0.200	-0.208526
7.470000	0.200	-0.210017
7.473333	0.200	-0.210264
7.476667	0.200	-0.209217
7.480000	0.200	-0.207436
7.483333	0.200	-0.206015
7.486667	0.200	-0.205652
7.490000	0.200	-0.205938
7.493333	0.200	-0.206068
7.496667	0.200	-0.205968
7.500000	0.200	-0.206148
7.503333	0.200	-0.206803
7.506667	0.200	-0.207657
7.510000	0.200	-0.208454
7.513333	0.200	-0.209007
7.516667	0.200	-0.209054
7.520000	0.200	-0.208488
7.523333	0.200	-0.207586
7.526667	0.200	-0.206973
7.530000	0.200	-0.207206
7.533333	0.200	-0.208194
7.536667	0.200	-0.209167
7.540000	0.200	-0.209393
7.543333	0.200	-0.208718
7.546667	0.200	-0.207320
7.550000	0.200	-0.205517
7.553333	0.200	-0.204177
7.556667	0.200	-0.204443
7.560000	0.200	-0.206365
7.563333	0.200	-0.208563
7.566667	0.200	-0.209753
7.570000	0.200	-0.209936
7.573333	0.200	-0.209861
7.576667	0.200	-0.209894
7.580000	0.200	-0.209499
7.583333	0.200	-0.207780
7.586667	0.200	-0.204662
7.590000	0.200	-0.201358
7.593333	0.200	-0.199286
7.596667	0.200	-0.198801
7.600000	0.200	-0.199410
7.603333	0.200	-0.200540
7.606667	0.200	-0.201543
7.610000	0.200	-0.201669
7.613333	0.200	-0.200588
7.616667	0.200	-0.198838
7.620000	0.200	-0.197488
7.623333	0.200	-0.197167
7.626667	0.200	-0.197819
7.630000	0.200	-0.199356
7.633333	0.200	-0.201841
7.636667	0.200	-0.204959
7.640000	0.200	-0.207821
7.643333	0.200	-0.209489
7.646667	0.200	-0.209645
7.650000	0.200	-0.208674
7.653333	0.200	-0.207188
7.656667	0.200	-0.205547
7.660000	0.200	-0.203883
7.663333	0.200	-0.202463
7.666667	0.200	-0.201746
7.670000	0.200	-0.202131
7.673333	0.200	-0.203798
7.676667	0.200	-0.206603
7.680000	0.200	-0.209868
7.683333	0.200	-0.212503
7.686667	0.200	-0.213929
7.690000	0.200	-0.214662
7.693333	0.200	-0.215374
7.696667	0.200	-0.215974
7.700000	0.200	-0.216055
7.703333	0.200	-0.215592
7.706667	0.200	-0.214978
7.710000	0.200	-0.214657
7.713333	0.200	-0.214689
7.716667	0.200	-0.214807
7.720000	0.200	-0.214758
7.723333	0.200	-0.214408
7.726667	0.200	-0.213825
7.730000	0.200	-0.213176
7.733333	0.200	-0.212379
7.736667	0.200	-0.211284
7.740000	0.200	-0.210270
7.743333	0.200	-0.209995
7.746667	0.200	-0.210542
7.750000	0.200	-0.211447
7.753333	0.200	-0.212257
7.756667	0.200	-0.212490
7.760000	0.200	-0.211592
7.763333	0.200	-0.209649
7.766667	0.200	-0.207703
7.770000	0.200	-0.206670
7.773333	0.200	-0.206614
7.776667	0.200	-0.207280
7.780000	0.200	-0.208415
7.783333	0.200	-0.210073
7.786667	0.200	-0.212879
7.790000	0.200	-0.217004
7.793333	0.200	-0.221442
7.796667	0.200	-0.225041
7.800000	0.200	-0.227342
7.803333	0.200	-0.228312
7.806667	0.200	-0.228136
7.810000	0.200	-0.227348
7.813333	0.200	-0.226612
7.816667	0.200	-0.226321
7.820000	0.200	-0.226643
7.823333	0.200	-0.227860
7.826667	0.200	-0.230121
7.830000	0.200	-0.232791
7.833333	0.200	-0.234828
7.836667	0.200	-0.235800
7.840000	0.200	-0.236072
7.843333	0.200	-0.236292
7.846667	0.200	-0.236798
7.850000	0.200	-0.237439
7.853333	0.200	-0.237925
7.856667	0.200	-0.238037
7.860000	0.200	-0.237493
7.863333	0.200	-0.236069
7.866667	0.200	-0.233872
7.870000	0.200	-0.231314
7.873333	0.200	-0.229237
7.876667	0.200	-0.228894
7.880000	0.200	-0.231003
7.883333	0.200	-0.234726
7.886667	0.200	-0.238203
7.890000	0.200	-0.240084
7.893333	0.200	-0.240166
7.896667	0.200	-0.238915
7.900000	0.200	-0.236951
7.903333	0.200	-0.234980
7.906667	0.200	-0.233863
7.910000	0.200	-0.234327
7.913333	0.200	-0.236390
7.916667	0.200	-0.239233
7.920000	0.200	-0.241920
7.923333	0.200	-0.244034
7.926667	0.200	-0.245537
7.930000	0.200	-0.246642
7.933333	0.200	-0.247891
7.936667	0.200	-0.249698
7.940000	0.200	-0.251773
7.943333	0.200	-0.253289
7.946667	0.200	-0.253550
7.950000	0.200	-0.252351
7.953333	0.200	-0.250026
7.956667	0.200	-0.247442
7.960000	0.200	-0.245386
7.963333	0.200	-0.243858
7.966667	0.200	-0.242414
7.970000	0.200	-0.240920
7.973333	0.200	-0.239707
7.976667	0.200	-0.239215
7.980000	0.200	-0.239391
7.983333	0.200	-0.239658
7.986667	0.200	-0.239619
7.990000	0.200	-0.239367
7.993333	0.200	-0.239158
7.996667	0.200	-0.239230
8.000000	0.200	-0.239801
8.003333	0.200	-0.240855
8.006667	0.200	-0.242822
8.010000	0.200	-0.248628
8.013333	0.200	-0.262284
8.016667	0.200	-0.282516
8.020000	0.200	-0.301074
8.023333	0.200	-0.309812
8.026667	0.200	-0.306911
8.030000	0.200	-0.296292
8.033333	0.200	-0.283704
8.036667	0.200	-0.273444
8.040000	0.200	-0.267075
8.043333	0.200	-0.263943
8.046667	0.200	-0.262566
8.050000	0.200	-0.261666
8.053333	0.200	-0.260406
8.056667	0.200	-0.258541
8.060000	0.200	-0.256655
8.063333	0.200	-0.255605
8.066667	0.200	-0.255615
8.070000	0.200	-0.256373
8.073333	0.200	-0.257710
8.076667	0.200	-0.259585
8.080000	0.200	-0.261676
8.083333	0.200	-0.263517
8.086667	0.200	-0.264744
8.090000	0.200	-0.264954
8.093333	0.200	-0.263935
8.096667	0.200	-0.262316
8.100000	0.200	-0.261266
8.103333	0.200	-0.261367
8.106667	0.200	-0.263014
8.110000	0.200	-0.268256
8.113333	0.200	-0.279431
8.116667	0.200	-0.294647
8.120000	0.200	-0.307644
8.123333	0.200	-0.312926
8.126667	0.200	-0.309421
8.130000	0.200	-0.300067
8.133333	0.200	-0.289348
8.136667	0.200	-0.280690
8.140000	0.200	-0.275101
8.143333	0.200	-0.271757
8.146667	0.200	-0.269789
8.150000	0.200	-0.269212
8.153333	0.200	-0.269977
8.156667	0.200	-0.271001
8.160000	0.200	-0.270868
8.163333	0.200	-0.269269
8.166667	0.200	-0.267175
8.170000	0.200	-0.265502
8.173333	0.200	-0.264347
8.176667	0.200	-0.263716
8.180000	0.200	-0.264100
8.183333	0.200	-0.266036
8.186667	0.200	-0.269570
8.190000	0.200	-0.275501
8.193333	0.200	-0.288752
8.196667	0.200	-0.318074
8.200000	0.200	-0.368368
8.203333	0.200	-0.434363
8.206667	0.200	-0.503855
8.210000	0.200	-0.565424
8.213333	0.200	-0.612656
8.216667	0.200	-0.644193
8.220000	0.200	-0.662165
8.223333	0.200	-0.670520
8.226667	0.200	-0.673886
8.230000	0.200	-0.676428
8.233333	0.200	-0.680407
8.236667	0.200	-0.685730
8.240000	0.200	-0.690990
8.243333	0.200	-0.694754
8.246667	0.200	-0.696227
8.250000	0.200	-0.695366
8.253333	0.200	-0.692640
8.256667	0.200	-0.688769
8.260000	0.200	-0.684448
8.263333	0.200	-0.680144
8.266667	0.200	-0.676242
8.270000	0.200	-0.672867
8.273333	0.200	-0.669462
8.276667	0.200	-0.664956
8.280000	0.200	-0.658354
8.283333	0.200	-0.649356
8.286667	0.200	-0.638768
8.290000	0.200	-0.628456
8.293333	0.200	-0.620544
8.296667	0.200	-0.615917
8.300000	0.200	-0.613747
8.303333	0.200	-0.612678
8.306667	0.200	-0.611669
8.310000	0.200	-0.609907
8.313333	0.200	-0.606939
8.316667	0.200	-0.602854
8.320000	0.200	-0.597982
8.323333	0.200	-0.592660
8.326667	0.200	-0.587400
8.330000	0.200	-0.582896
8.333333	0.200	-0.579544
8.336667	0.200	-0.576988
8.340000	0.200	-0.574077
8.343333	0.200	-0.568093
8.346667	0.200	-0.553658
8.350000	0.200	-0.525259
8.353333	0.200	-0.482706
8.356667	0.200	-0.432571
8.360000	0.200	-0.384174
8.363333	0.200	-0.345003
8.366667	0.200	-0.318402
8.370000	0.200	-0.303663
8.373333	0.200	-0.297891
8.376667	0.200	-0.297828
8.380000	0.200	-0.300507
8.383333	0.200	-0.303567
8.386667	0.200	-0.305613
8.390000	0.200	-0.306050
8.393333	0.200	-0.304672
8.396667	0.200	-0.301776
8.400000	0.200	-0.298341
8.403333	0.200	-0.295629
8.406667	0.200	-0.294564
8.410000	0.200	-0.295266
8.413333	0.200	-0.297022
8.416667	0.200	-0.298844
8.420000	0.200	-0.299878
8.423333	0.200	-0.299685
8.426667	0.200	-0.298597
8.430000	0.200	-0.297568
8.433333	0.200	-0.297460
8.436667	0.200	-0.298439
8.440000	0.200	-0.300202
8.443333	0.200	-0.302502
8.446667	0.200	-0.304975
8.450000	0.200	-0.307098
8.453333	0.200	-0.308639
8.456667	0.200	-0.309608
8.460000	0.200	-0.309898
8.463333	0.200	-0.309431
8.466667	0.200	-0.308454
8.470000	0.200	-0.307397
8.473333	0.200	-0.306798
8.476667	0.200	-0.307468
8.480000	0.200	-0.310187
8.483333	0.200	-0.315332
8.486667	0.200	-0.322360
8.490000	0.200	-0.329141
8.493333	0.200	-0.333072
8.496667	0.200	-0.333259
8.500000	0.200	-0.330789
8.503333	0.200	-0.327280
8.506667	0.200	-0.323890
8.510000	0.200	-0.321123
8.513333	0.200	-0.319074
8.516667	0.200	-0.318007
8.520000	0.200	-0.318233
8.523333	0.200	-0.319448
8.526667	0.200	-0.320947
8.530000	0.200	-0.322275
8.533333	0.200	-0.323233
8.536667	0.200	-0.323606
8.540000	0.200	-0.323217
8.543333	0.200	-0.322338
8.546667	0.200	-0.321610
8.550000	0.200	-0.321117
8.553333	0.200	-0.320231
8.556667	0.200	-0.318641
8.560000	0.200	-0.316720
8.563333	0.200	-0.315077
8.566667	0.200	-0.314390
8.570000	0.200	-0.315380
8.573333	0.200	-0.318397
8.576667	0.200	-0.322981
8.580000	0.200	-0.328001
8.583333	0.200	-0.332156
8.586667	0.200	-0.334489
8.590000	0.200	-0.336734
8.593333	0.200	-0.346983
8.596667	0.200	-0.376970
8.600000	0.200	-0.431572
8.603333	0.200	-0.502987
8.606667	0.200	-0.576299
8.610000	0.200	-0.639064
8.613333	0.200	-0.686098
8.616667	0.200	-0.717818
8.620000	0.200	-0.736944
8.623333	0.200	-0.747000
8.626667	0.200	-0.751459
8.630000	0.200	-0.752853
8.633333	0.200	-0.752584
8.636667	0.200	-0.751491
8.640000	0.200	-0.750391
8.643333	0.200	-0.749887
8.646667	0.200	-0.749983
8.650000	0.200	-0.750352
8.653333	0.200	-0.750776
8.656667	0.200	-0.751185
8.660000	0.200	-0.751433
8.663333	0.200	-0.751196
8.666667	0.200	-0.750072
8.670000	0.200	-0.748038
8.673333	0.200	-0.745965
8.676667	0.200	-0.745279
8.680000	0.200	-0.747066
8.683333	0.200	-0.751502
8.686667	0.200	-0.757659
8.690000	0.200	-0.763953
8.693333	0.200	-0.769101
8.696667	0.200	-0.772724
8.700000	0.200	-0.775388
8.703333	0.200	-0.777978
8.706667	0.200	-0.780685
8.710000	0.200	-0.782845
8.713333	0.200	-0.783783
8.716667	0.200	-0.783466
8.720000	0.200	-0.782433
8.723333	0.200	-0.781400
8.726667	0.200	-0.780901
8.730000	0.200	-0.781222
8.733333	0.200	-0.782377
8.736667	0.200	-0.783966
8.740000	0.200	-0.785281
8.743333	0.200	-0.785594
8.746667	0.200	-0.784506
8.750000	0.200	-0.782350
8.753333	0.200	-0.780081
8.756667	0.200	-0.778737
8.760000	0.200	-0.778977
8.763333	0.200	-0.780763
8.766667	0.200	-0.783344
8.770000	0.200	-0.785689
8.773333	0.200	-0.787232
8.776667	0.200	-0.788339
8.780000	0.200	-0.789550
8.783333	0.200	-0.790518
8.786667	0.200	-0.790405
8.790000	0.200	-0.788928
8.793333	0.200	-0.786634
8.796667	0.200	-0.784385
8.800000	0.200	-0.782602
8.803333	0.200	-0.781218
8.806667	0.200	-0.780428
8.810000	0.200	-0.781015
8.813333	0.200	-0.783676
8.816667	0.200	-0.788253
8.820000	0.200	-0.793678
8.823333	0.200	-0.798561
8.826667	0.200	-0.801878
8.830000	0.200	-0.803234
8.833333	0.200	-0.802987
8.836667	0.200	-0.802408
8.840000	0.200	-0.803077
8.843333	0.200	-0.805707
8.846667	0.200	-0.809761
8.850000	0.200	-0.814036
8.853333	0.200	-0.817596
8.856667	0.200	-0.820185
8.860000	0.200	-0.821763
8.863333	0.200	-0.822421
8.866667	0.200	-0.823090
8.870000	0.200	-0.825219
8.873333	0.200	-0.829279
8.876667	0.200	-0.834259
8.880000	0.200	-0.838795
8.883333	0.200	-0.842140
8.886667	0.200	-0.844263
8.890000	0.200	-0.845861
8.893333	0.200	-0.848033
8.896667	0.200	-0.851448
8.900000	0.200	-0.856071
8.903333	0.200	-0.861629
8.906667	0.200	-0.867644
8.910000	0.200	-0.873254
8.913333	0.200	-0.877912
8.916667	0.200	-0.881799
8.920000	0.200	-0.885179
8.923333	0.200	-0.888144
8.926667	0.200	-0.890944
8.930000	0.200	-0.894037
8.933333	0.200	-0.897583
8.936667	0.200	-0.900864
8.940000	0.200	-0.902790
8.943333	0.200	-0.903242
8.946667	0.200	-0.903186
8.950000	0.200	-0.903554
8.953333	0.200	-0.904674
8.956667	0.200	-0.906376
8.960000	0.200	-0.908213
8.963333	0.200	-0.909895
8.966667	0.200	-0.911559
8.970000	0.200	-0.913334
8.973333	0.200	-0.914492
8.976667	0.200	-0.913158
8.980000	0.200	-0.907134
8.983333	0.200	-0.894818
8.986667	0.200	-0.874874
8.990000	0.200	-0.845294
8.993333	0.200	-0.803249
8.996667	0.200	-0.745445
9.000000	0.200	-0.668764
9.003333	0.200	-0.571376
9.006667	0.200	-0.453576
9.010000	0.200	-0.318261
9.013333	0.200	-0.171704
9.016667	0.200	-0.024116
9.020000	0.200	0.111281
9.023333	0.200	0.220932
9.026667	0.200	0.293661
9.030000	0.200	0.322418
9.033333	0.200	0.305304
9.036667	0.200	0.245627
9.040000	0.200	0.151162
9.043333	0.200	0.032799
9.046667	0.200	-0.097783
9.050000	0.200	-0.230244
9.053333	0.200	-0.356292
9.056667	0.200	-0.469689
9.060000	0.200	-0.566497
9.063333	0.200	-0.645430
9.066667	0.200	-0.707736
9.070000	0.200	-0.756364
9.073333	0.200	-0.794620
9.076667	0.200	-0.825055
9.080000	0.200	-0.849233
9.083333	0.200	-0.868331
9.086667	0.200	-0.883596
9.090000	0.200	-0.895880
9.093333	0.200	-0.905211
9.096667	0.200	-0.911358
9.100000	0.200	-0.914566
9.103333	0.200	-0.915628
9.106667	0.200	-0.915523
9.110000	0.200	-0.915107
9.113333	0.200	-0.915068
9.116667	0.200	-0.915971
9.120000	0.200	-0.918051
9.123333	0.200	-0.920984
9.126667	0.200	-0.924043
9.130000	0.200	-0.926492
9.133333	0.200	-0.927848
9.136667	0.200	-0.927701
9.140000	0.200	-0.925707
9.143333	0.200	-0.922365
9.146667	0.200	-0.919339
9.150000	0.200	-0.918287
9.153333	0.200	-0.919566
9.156667	0.200	-0.922136
9.160000	0.200	-0.924425
9.163333	0.200	-0.925262
9.166667	0.200	-0.924384
9.170000	0.200	-0.922242
9.173333	0.200	-0.919334
9.176667	0.200	-0.916092
9.180000	0.200	-0.913183
9.183333	0.200	-0.911403
9.186667	0.200	-0.911183
9.190000	0.200	-0.912099
9.193333	0.200	-0.913231
9.196667	0.200	-0.914332
9.200000	0.200	-0.916185
9.203333	0.200	-0.919606
9.206667	0.200	-0.924265
9.210000	0.200	-0.928661
9.213333	0.200	-0.931114
9.216667	0.200	-0.930618
9.220000	0.200	-0.927549
9.223333	0.200	-0.924001
9.226667	0.200	-0.922735
9.230000	0.200	-0.925131
9.233333	0.200	-0.930183
9.236667	0.200	-0.935202
9.240000	0.200	-0.937182
9.243333	0.200	-0.934346
9.246667	0.200	-0.927303
9.250000	0.200	-0.918582
9.253333	0.200	-0.910799
9.256667	0.200	-0.905302
9.260000	0.200	-0.902440
9.263333	0.200	-0.902263
9.266667	0.200	-0.904400
9.270000	0.200	-0.907742
9.273333	0.200	-0.910768
9.276667	0.200	-0.912476
9.280000	0.200	-0.912947
9.283333	0.200	-0.912720
9.286667	0.200	-0.911930
9.290000	0.200	-0.910449
9.293333	0.200	-0.908461
9.296667	0.200	-0.906490
9.300000	0.200	-0.905042
9.303333	0.200	-0.904617
9.306667	0.200	-0.905725
9.310000	0.200	-0.908311
9.313333	0.200	-0.911571
9.316667	0.200	-0.914421
9.320000	0.200	-0.915589
9.323333	0.200	-0.913865
9.326667	0.200	-0.908981
9.330000	0.200	-0.901948
9.333333	0.200	-0.894228
9.336667	0.200	-0.886671
9.340000	0.200	-0.879617
9.343333	0.200	-0.873708
9.346667	0.200	-0.869943
9.350000	0.200	-0.868961
9.353333	0.200	-0.870509
9.356667	0.200	-0.873757
9.360000	0.200	-0.877922
9.363333	0.200	-0.882120
9.366667	0.200	-0.885179
9.370000	0.200	-0.886374
9.373333	0.200	-0.885900
9.376667	0.200	-0.884424
9.380000	0.200	-0.882775
9.383333	0.200	-0.881931
9.386667	0.200	-0.882651
9.390000	0.200	-0.884965
9.393333	0.200	-0.887920
9.396667	0.200	-0.889420
9.400000	0.200	-0.886710
9.403333	0.200	-0.878175
9.406667	0.200	-0.864633
9.410000	0.200	-0.848611
9.413333	0.200	-0.833106
9.416667	0.200	-0.820706
9.420000	0.200	-0.812642
9.423333	0.200	-0.808512
9.426667	0.200	-0.807194
9.430000	0.200	-0.807649
9.433333	0.200	-0.808703
9.436667	0.200	-0.808625
9.440000	0.200	-0.805097
9.443333	0.200	-0.795231
9.446667	0.200	-0.776338
9.450000	0.200	-0.748041
9.453333	0.200	-0.713554
9.456667	0.200	-0.678410
9.460000	0.200	-0.648371
9.463333	0.200	-0.628331
9.466667	0.200	-0.621291
9.470000	0.200	-0.626488
9.473333	0.200	-0.637464
9.476667	0.200	-0.642894
9.480000	0.200	-0.632839
9.483333	0.200	-0.605682
9.486667	0.200	-0.567934
9.490000	0.200	-0.528746
9.493333	0.200	-0.495836
9.496667	0.200	-0.473806
9.500000	0.200	-0.463475
9.503333	0.200	-0.462293
9.506667	0.200	-0.465923
9.510000	0.200	-0.470503
9.513333	0.200	-0.474098
9.516667	0.200	-0.476152
9.520000	0.200	-0.476281
9.523333	0.200	-0.474072
9.526667	0.200	-0.469582
9.530000	0.200	-0.463644
9.533333	0.200	-0.457760
9.536667	0.200	-0.453508
9.540000	0.200	-0.451870
9.543333	0.200	-0.453168
9.546667	0.200	-0.457156
9.550000	0.200	-0.462367
9.553333	0.200	-0.465787
9.556667	0.200	-0.464418
9.560000	0.200	-0.457845
9.563333	0.200	-0.449063
9.566667	0.200	-0.442424
9.570000	0.200	-0.440672
9.573333	0.200	-0.443658
9.576667	0.200	-0.449223
9.580000	0.200	-0.454962
9.583333	0.200	-0.459654
9.586667	0.200	-0.463607
9.590000	0.200	-0.467928
9.593333	0.200	-0.473569
9.596667	0.200	-0.480768
9.600000	0.200	-0.488924
9.603333	0.200	-0.496768
9.606667	0.200	-0.502839
9.610000	0.200	-0.506382
9.613333	0.200	-0.508025
9.616667	0.200	-0.509317
9.620000	0.200	-0.511556
9.623333	0.200	-0.514942
9.626667	0.200	-0.518330
9.630000	0.200	-0.519372
9.633333	0.200	-0.515641
9.636667	0.200	-0.506671
9.640000	0.200	-0.494721
9.643333	0.200	-0.483049
9.646667	0.200	-0.473896
9.650000	0.200	-0.468179
9.653333	0.200	-0.466057
9.656667	0.200	-0.467161
9.660000	0.200	-0.470577
9.663333	0.200	-0.475231
9.666667	0.200	-0.480803
9.670000	0.200	-0.487986
9.673333	0.200	-0.497783
9.676667	0.200	-0.510810
9.680000	0.200	-0.526026
9.683333	0.200	-0.539772
9.686667	0.200	-0.548937
9.690000	0.200	-0.556756
9.693333	0.200	-0.572549
9.696667	0.200	-0.603146
9.700000	0.200	-0.645773
9.703333	0.200	-0.688579
9.706667	0.200	-0.715702
9.710000	0.200	-0.714580
9.713333	0.200	-0.683321
9.716667	0.200	-0.632287
9.720000	0.200	-0.577667
9.723333	0.200	-0.532571
9.726667	0.200	-0.502619
9.730000	0.200	-0.487227
9.733333	0.200	-0.482770
9.736667	0.200	-0.484902
9.740000	0.200	-0.490045
9.743333	0.200	-0.496306
9.746667	0.200	-0.503306
9.750000	0.200	-0.510887
9.753333	0.200	-0.518122
9.756667	0.200	-0.523686
9.760000	0.200	-0.526666
9.763333	0.200	-0.526835
9.766667	0.200	-0.524878
9.770000	0.200	-0.522571
9.773333	0.200	-0.521832
9.776667	0.200	-0.523294
9.780000	0.200	-0.526274
9.783333	0.200	-0.529525
9.786667	0.200	-0.531443
9.790000	0.200	-0.530649
9.793333	0.200	-0.526951
9.796667	0.200	-0.521094
9.800000	0.200	-0.514023
9.803333	0.200	-0.506992
9.806667	0.200	-0.501562
9.810000	0.200	-0.498802
9.813333	0.200	-0.498830
9.816667	0.200	-0.501360
9.820000	0.200	-0.506186
9.823333	0.200	-0.512633
9.826667	0.200	-0.519189
9.830000	0.200	-0.524525
9.833333	0.200	-0.528332
9.836667	0.200	-0.530590
9.840000	0.200	-0.530914
9.843333	0.200	-0.529372
9.846667	0.200	-0.527184
9.850000	0.200	-0.525831
9.853333	0.200	-0.525882
9.856667	0.200	-0.526833
9.860000	0.200	-0.527967
9.863333	0.200	-0.529362
9.866667	0.200	-0.531623
9.870000	0.200	-0.534728
9.873333	0.200	-0.537714
9.876667	0.200	-0.539301
9.880000	0.200	-0.538610
9.883333	0.200	-0.535823
9.886667	0.200	-0.532288
9.890000	0.200	-0.529423
9.893333	0.200	-0.527643
9.896667	0.200	-0.526579
9.900000	0.200	-0.525984
9.903333	0.200	-0.526305
9.906667	0.200	-0.529471
9.910000	0.200	-0.540251
9.913333	0.200	-0.563677
9.916667	0.200	-0.597047
9.920000	0.200	-0.627548
9.923333	0.200	-0.641730
9.926667	0.200	-0.635603
9.930000	0.200	-0.615098
9.933333	0.200	-0.589799
9.936667	0.200	-0.567204
9.940000	0.200	-0.550714
9.943333	0.200	-0.540471
9.946667	0.200	-0.535013
9.950000	0.200	-0.532598
9.953333	0.200	-0.531903
9.956667	0.200	-0.531995
9.960000	0.200	-0.532090
9.963333	0.200	-0.531787
9.966667	0.200	-0.531284
9.970000	0.200	-0.530765
9.973333	0.200	-0.529882
9.976667	0.200	-0.528428
9.980000	0.200	-0.526948
9.983333	0.200	-0.526175
9.986667	0.200	-0.526491
9.990000	0.200	-0.527809
9.993333	0.200	-0.529194
9.996667	0.200	-0.529036
10.000000	0.200	-0.526487
10.003333	0.200	-0.522548
10.006667	0.200	-0.519337
10.010000	0.200	-0.518559
10.013333	0.200	-0.520566
10.016667	0.200	-0.524372
10.020000	0.200	-0.528753
10.023333	0.200	-0.533456
10.026667	0.200	-0.540715
10.030000	0.200	-0.557290
10.033333	0.200	-0.591778
10.036667	0.200	-0.646454
10.040000	0.200	-0.713582
10.043333	0.200	-0.780356
10.046667	0.200	-0.835915
10.050000	0.200	-0.875167
10.053333	0.200	-0.898950
10.056667	0.200	-0.911635
10.060000	0.200	-0.917856
10.063333	0.200	-0.920522
10.066667	0.200	-0.920889
10.070000	0.200	-0.919473
10.073333	0.200	-0.916737
10.076667	0.200	-0.913439
10.080000	0.200	-0.910434
10.083333	0.200	-0.908064
10.086667	0.200	-0.905962
10.090000	0.200	-0.903538
10.093333	0.200	-0.900458
10.096667	0.200	-0.896714
10.100000	0.200	-0.892534
10.103333	0.200	-0.887935
10.106667	0.200	-0.880581
10.110000	0.200	-0.863343
10.113333	0.200	-0.827533
10.116667	0.200	-0.771218
10.120000	0.200	-0.702493
10.123333	0.200	-0.634379
10.126667	0.200	-0.577901
10.130000	0.200	-0.538297
10.133333	0.200	-0.515116
10.136667	0.200	-0.504710
10.140000	0.200	-0.502704
10.143333	0.200	-0.505136
10.146667	0.200	-0.508626
10.150000	0.200	-0.510509
10.153333	0.200	-0.509477
10.156667	0.200	-0.506227
10.160000	0.200	-0.502920
10.163333	0.200	-0.501425
10.166667	0.200	-0.501965
10.170000	0.200	-0.503475
10.173333	0.200	-0.504988
10.176667	0.200	-0.506444
10.180000	0.200	-0.508085
10.183333	0.200	-0.509467
10.186667	0.200	-0.509636
10.190000	0.200	-0.508213
10.193333	0.200	-0.505801
10.196667	0.200	-0.503258
10.200000	0.200	-0.500906
10.203333	0.200	-0.498510
10.206667	0.200	-0.495855
10.210000	0.200	-0.493153
10.213333	0.200	-0.490722
10.216667	0.200	-0.488663
10.220000	0.200	-0.486834
10.223333	0.200	-0.484587
10.226667	0.200	-0.480963
10.230000	0.200	-0.476512
10.233333	0.200	-0.475810
10.236667	0.200	-0.485758
10.240000	0.200	-0.507988
10.243333	0.200	-0.534390
10.246667	0.200	-0.552780
10.250000	0.200	-0.556127
10.253333	0.200	-0.545829
10.256667	0.200	-0.528370
10.260000	0.200	-0.510582
10.263333	0.200	-0.497005
10.266667	0.200	-0.489190
10.270000	0.200	-0.486191
10.273333	0.200	-0.485865
10.276667	0.200	-0.486197
10.280000	0.200	-0.485950
10.283333	0.200	-0.484785
10.286667	0.200	-0.483037
10.290000	0.200	-0.481409
10.293333	0.200	-0.480884
10.296667	0.200	-0.482348
10.300000	0.200	-0.485735
10.303333	0.200	-0.489694
10.306667	0.200	-0.492258
10.310000	0.200	-0.492271
10.313333	0.200	-0.491115
10.316667	0.200	-0.493747
10.320000	0.200	-0.506911
10.323333	0.200	-0.533646
10.326667	0.200	-0.568225
10.330000	0.200	-0.597735
10.333333	0.200	-0.610639
10.336667	0.200	-0.604345
10.340000	0.200	-0.584936
10.343333	0.200	-0.561374
10.346667	0.200	-0.540424
10.350000	0.200	-0.524925
10.353333	0.200	-0.514613
10.356667	0.200	-0.508052
10.360000	0.200	-0.504358
10.363333	0.200	-0.503475
10.366667	0.200	-0.505081
10.370000	0.200	-0.507992
10.373333	0.200	-0.511168
10.376667	0.200	-0.514544
10.380000	0.200	-0.518095
10.383333	0.200	-0.521098
10.386667	0.200	-0.523028
10.390000	0.200	-0.524120
10.393333	0.200	-0.525078
10.396667	0.200	-0.526928
10.400000	0.200	-0.530415
10.403333	0.200	-0.535228
10.406667	0.200	-0.540819
10.410000	0.200	-0.548444
10.413333	0.200	-0.560776
10.416667	0.200	-0.577448
10.420000	0.200	-0.592734
10.423333	0.200	-0.600050
10.426667	0.200	-0.597293
10.430000	0.200	-0.587262
10.433333	0.200	-0.574827
10.436667	0.200	-0.564003
10.440000	0.200	-0.556621
10.443333	0.200	-0.552865
10.446667	0.200	-0.552308
10.450000	0.200	-0.554181
10.453333	0.200	-0.557249
10.456667	0.200	-0.560198
10.460000	0.200	-0.562037
10.463333	0.200	-0.562048
10.466667	0.200	-0.559890
10.470000	0.200	-0.556150
10.473333	0.200	-0.552572
10.476667	0.200	-0.551370
10.480000	0.200	-0.553797
10.483333	0.200	-0.559067
10.486667	0.200	-0.564956
10.490000	0.200	-0.569693
10.493333	0.200	-0.572776
10.496667	0.200	-0.574639
10.500000	0.200	-0.578693
10.503333	0.200	-0.594363
10.506667	0.200	-0.632514
10.510000	0.200	-0.694896
10.513333	0.200	-0.771439
10.516667	0.200	-0.847565
10.520000	0.200	-0.911716
10.523333	0.200	-0.958631
10.526667	0.200	-0.988935
10.530000	0.200	-1.006361
10.533333	0.200	-1.014957
10.536667	0.200	-1.017745
10.540000	0.200	-1.016677
10.543333	0.200	-1.013349
10.546667	0.200	-1.009553
10.550000	0.200	-1.007080
10.553333	0.200	-1.007139
10.556667	0.200	-1.009630
10.560000	0.200	-1.012974
10.563333	0.200	-1.015429
10.566667	0.200	-1.016381
10.570000	0.200	-1.016054
10.573333	0.200	-1.014667
10.576667	0.200	-1.012218
10.580000	0.200	-1.008878
10.583333	0.200	-1.005256
10.586667	0.200	-1.001792
10.590000	0.200	-0.998244
10.593333	0.200	-0.994163
10.596667	0.200	-0.989280
10.600000	0.200	-0.983646
10.603333	0.200	-0.978054
10.606667	0.200	-0.973618
10.610000	0.200	-0.970526
10.613333	0.200	-0.967847
10.616667	0.200	-0.964588
10.620000	0.200	-0.960491
10.623333	0.200	-0.955909
10.626667	0.200	-0.951308
10.630000	0.200	-0.947128
10.633333	0.200	-0.943785
10.636667	0.200	-0.941204
10.640000	0.200	-0.938494
10.643333	0.200	-0.934712
10.646667	0.200	-0.929723
10.650000	0.200	-0.923750
10.653333	0.200	-0.916632
10.656667	0.200	-0.908271
10.660000	0.200	-0.899307
10.663333	0.200	-0.890729
10.666667	0.200	-0.882909
10.670000	0.200	-0.875218
10.673333	0.200	-0.866258
10.676667	0.200	-0.854415
10.680000	0.200	-0.838710
10.683333	0.200	-0.819169
10.686667	0.200	-0.796698
10.690000	0.200	-0.773097
10.693333	0.200	-0.750437
10.696667	0.200	-0.729871
10.700000	0.200	-0.711445
10.703333	0.200	-0.694914
10.706667	0.200	-0.680387
10.710000	0.200	-0.668333
10.713333	0.200	-0.659042
10.716667	0.200	-0.652169
10.720000	0.200	-0.647025
10.723333	0.200	-0.643129
10.726667	0.200	-0.640080
10.730000	0.200	-0.637148
10.733333	0.200	-0.633630
10.736667	0.200	-0.629368
10.740000	0.200	-0.624627
10.743333	0.200	-0.619766
10.746667	0.200	-0.615037
10.750000	0.200	-0.610448
10.753333	0.200	-0.605911
10.756667	0.200	-0.601632
10.760000	0.200	-0.598161
10.763333	0.200	-0.595987
10.766667	0.200	-0.595190
10.770000	0.200	-0.595494
10.773333	0.200	-0.596339
10.776667	0.200	-0.596614
10.780000	0.200	-0.595076
10.783333	0.200	-0.591682
10.786667	0.200	-0.587901
10.790000	0.200	-0.585392
10.793333	0.200	-0.584787
10.796667	0.200	-0.585754
10.800000	0.200	-0.587438
10.803333	0.200	-0.588799
10.806667	0.200	-0.589362
10.810000	0.200	-0.589262
10.813333	0.200	-0.588393
10.816667	0.200	-0.586449
10.820000	0.200	-0.583458
10.823333	0.200	-0.579586
10.826667	0.200	-0.574809
10.830000	0.200	-0.569252
10.833333	0.200	-0.563766
10.836667	0.200	-0.559546
10.840000	0.200	-0.557050
10.843333	0.200	-0.555790
10.846667	0.200	-0.554949
10.850000	0.200	-0.553904
10.853333	0.200	-0.552350
10.856667	0.200	-0.550064
10.860000	0.200	-0.546752
10.863333	0.200	-0.542279
10.866667	0.200	-0.537099
10.870000	0.200	-0.532184
10.873333	0.200	-0.528254
10.876667	0.200	-0.525314
10.880000	0.200	-0.522982
10.883333	0.200	-0.520913
10.886667	0.200	-0.518906
10.890000	0.200	-0.516778
10.893333	0.200	-0.514259
10.896667	0.200	-0.510965
10.900000	0.200	-0.506510
10.903333	0.200	-0.500887
10.906667	0.200	-0.494813
10.910000	0.200	-0.489666
10.913333	0.200	-0.486672
10.916667	0.200	-0.485753
10.920000	0.200	-0.485521
10.923333	0.200	-0.484771
10.926667	0.200	-0.483349
10.930000	0.200	-0.481204
10.933333	0.200	-0.477656
10.936667	0.200	-0.472413
10.940000	0.200	-0.466526
10.943333	0.200	-0.461563
10.946667	0.200	-0.458264
10.950000	0.200	-0.456370
10.953333	0.200	-0.455264
10.956667	0.200	-0.454264
10.960000	0.200	-0.452642
10.963333	0.200	-0.449898
10.966667	0.200	-0.445958
10.970000	0.200	-0.441128
10.973333	0.200	-0.436174
10.976667	0.200	-0.432007
10.980000	0.200	-0.429009
10.983333	0.200	-0.426862
10.986667	0.200	-0.424783
10.990000	0.200	-0.422037
10.993333	0.200	-0.418552
10.996667	0.200	-0.414910
11.000000	0.200	-0.411728
