File Path	chrom://nnfcb-l0286/ChromeleonLocal/metk/20171013_HMP_C61_metk.seq/725.smp/UV_VIS_2.channel/UV_VIS_2.chm
Channel	UV_VIS_2

Injection Information:
Data Vault	ChromeleonLocal
Injection	5000 ug/ml HIGH
Injection Number	96
Position	RB6
Comment	
Processing Method	HMP New ProcMethod
Instrument Method	HM_metode_ZorBax_0,02%_Acetic_acid_ver6
Type	Calibration Standard
Status	Finished
Injection Date	10/14/2017
Injection Time	8:51:56 AM
Injection Volume (µl)	1.000
Dilution Factor	1.0000
Weight	1.0000

Raw Data Information:
Time Min. (min)	0.000000
Time Max. (min)	11.000000
Data Points	3301
Detector	UV
Exporting Data System	Chromeleon 7.1.3.2425
Operator	
Signal Quantity	Absorbance
Signal Unit	mAU
Signal Min.	-0.994987
Signal Max.	1,453.496068
Channel	UV_VIS_2
Driver Name	DAD3000.dll
Channel Type	Evaluation
Min. Step (s)	0.200
Max. Step (s)	0.200
Average Step (s)	0.200

Signal Parameter Information:
Signal Info	WVL:280 nm

Raw Data:
Time (min)	Step (s)	Value (mAU)
0.000000	0.000	0.000000
0.003333	0.200	-0.002056
0.006667	0.200	-0.014745
0.010000	0.200	-0.049179
0.013333	0.200	-0.103115
0.016667	0.200	-0.155708
0.020000	0.200	-0.183985
0.023333	0.200	-0.179493
0.026667	0.200	-0.149599
0.030000	0.200	-0.109583
0.033333	0.200	-0.073683
0.036667	0.200	-0.049583
0.040000	0.200	-0.038553
0.043333	0.200	-0.038537
0.046667	0.200	-0.046669
0.050000	0.200	-0.060491
0.053333	0.200	-0.077847
0.056667	0.200	-0.096442
0.060000	0.200	-0.114446
0.063333	0.200	-0.131112
0.066667	0.200	-0.146084
0.070000	0.200	-0.158925
0.073333	0.200	-0.169631
0.076667	0.200	-0.178586
0.080000	0.200	-0.186301
0.083333	0.200	-0.193829
0.086667	0.200	-0.202529
0.090000	0.200	-0.212939
0.093333	0.200	-0.224271
0.096667	0.200	-0.235148
0.100000	0.200	-0.244682
0.103333	0.200	-0.252993
0.106667	0.200	-0.260752
0.110000	0.200	-0.268139
0.113333	0.200	-0.274873
0.116667	0.200	-0.281207
0.120000	0.200	-0.288088
0.123333	0.200	-0.296457
0.126667	0.200	-0.306526
0.130000	0.200	-0.317315
0.133333	0.200	-0.327194
0.136667	0.200	-0.335236
0.140000	0.200	-0.341783
0.143333	0.200	-0.347815
0.146667	0.200	-0.354097
0.150000	0.200	-0.360730
0.153333	0.200	-0.367384
0.156667	0.200	-0.373890
0.160000	0.200	-0.380368
0.163333	0.200	-0.387030
0.166667	0.200	-0.394264
0.170000	0.200	-0.402385
0.173333	0.200	-0.410974
0.176667	0.200	-0.419116
0.180000	0.200	-0.426369
0.183333	0.200	-0.432937
0.186667	0.200	-0.439116
0.190000	0.200	-0.445179
0.193333	0.200	-0.451685
0.196667	0.200	-0.459187
0.200000	0.200	-0.467587
0.203333	0.200	-0.476158
0.206667	0.200	-0.484123
0.210000	0.200	-0.491175
0.213333	0.200	-0.497487
0.216667	0.200	-0.503229
0.220000	0.200	-0.508268
0.223333	0.200	-0.512157
0.226667	0.200	-0.514509
0.230000	0.200	-0.515795
0.233333	0.200	-0.517320
0.236667	0.200	-0.520075
0.240000	0.200	-0.524163
0.243333	0.200	-0.529355
0.246667	0.200	-0.535521
0.250000	0.200	-0.542360
0.253333	0.200	-0.549425
0.256667	0.200	-0.556510
0.260000	0.200	-0.563355
0.263333	0.200	-0.569197
0.266667	0.200	-0.573228
0.270000	0.200	-0.575410
0.273333	0.200	-0.576774
0.276667	0.200	-0.578745
0.280000	0.200	-0.581962
0.283333	0.200	-0.585801
0.286667	0.200	-0.589131
0.290000	0.200	-0.591634
0.293333	0.200	-0.594098
0.296667	0.200	-0.597335
0.300000	0.200	-0.601334
0.303333	0.200	-0.605346
0.306667	0.200	-0.608529
0.310000	0.200	-0.610734
0.313333	0.200	-0.612680
0.316667	0.200	-0.615301
0.320000	0.200	-0.619007
0.323333	0.200	-0.623351
0.326667	0.200	-0.627397
0.330000	0.200	-0.630679
0.333333	0.200	-0.633740
0.336667	0.200	-0.637545
0.340000	0.200	-0.642424
0.343333	0.200	-0.647664
0.346667	0.200	-0.652212
0.350000	0.200	-0.655712
0.353333	0.200	-0.658516
0.356667	0.200	-0.660962
0.360000	0.200	-0.663304
0.363333	0.200	-0.665954
0.366667	0.200	-0.669264
0.370000	0.200	-0.673163
0.373333	0.200	-0.677110
0.376667	0.200	-0.680446
0.380000	0.200	-0.682849
0.383333	0.200	-0.684493
0.386667	0.200	-0.685876
0.390000	0.200	-0.687379
0.393333	0.200	-0.688967
0.396667	0.200	-0.690360
0.400000	0.200	-0.691444
0.403333	0.200	-0.692549
0.406667	0.200	-0.694240
0.410000	0.200	-0.696783
0.413333	0.200	-0.699991
0.416667	0.200	-0.703531
0.420000	0.200	-0.707185
0.423333	0.200	-0.710875
0.426667	0.200	-0.714544
0.430000	0.200	-0.717993
0.433333	0.200	-0.720907
0.436667	0.200	-0.723036
0.440000	0.200	-0.724426
0.443333	0.200	-0.725646
0.446667	0.200	-0.727546
0.450000	0.200	-0.730346
0.453333	0.200	-0.733263
0.456667	0.200	-0.735497
0.460000	0.200	-0.737174
0.463333	0.200	-0.739072
0.466667	0.200	-0.741613
0.470000	0.200	-0.744059
0.473333	0.200	-0.745156
0.476667	0.200	-0.744759
0.480000	0.200	-0.744165
0.483333	0.200	-0.744831
0.486667	0.200	-0.747141
0.490000	0.200	-0.750449
0.493333	0.200	-0.754123
0.496667	0.200	-0.758052
0.500000	0.200	-0.762078
0.503333	0.200	-0.765579
0.506667	0.200	-0.767959
0.510000	0.200	-0.769244
0.513333	0.200	-0.769907
0.516667	0.200	-0.770418
0.520000	0.200	-0.771088
0.523333	0.200	-0.771928
0.526667	0.200	-0.772707
0.530000	0.200	-0.773421
0.533333	0.200	-0.774424
0.536667	0.200	-0.776028
0.540000	0.200	-0.778068
0.543333	0.200	-0.779925
0.546667	0.200	-0.781273
0.550000	0.200	-0.782549
0.553333	0.200	-0.784275
0.556667	0.200	-0.786340
0.560000	0.200	-0.788355
0.563333	0.200	-0.790374
0.566667	0.200	-0.792882
0.570000	0.200	-0.796027
0.573333	0.200	-0.799118
0.576667	0.200	-0.801227
0.580000	0.200	-0.802078
0.583333	0.200	-0.802195
0.586667	0.200	-0.802462
0.590000	0.200	-0.803400
0.593333	0.200	-0.804672
0.596667	0.200	-0.805566
0.600000	0.200	-0.805882
0.603333	0.200	-0.805996
0.606667	0.200	-0.806294
0.610000	0.200	-0.806906
0.613333	0.200	-0.807821
0.616667	0.200	-0.808941
0.620000	0.200	-0.810031
0.623333	0.200	-0.810954
0.626667	0.200	-0.811969
0.630000	0.200	-0.813420
0.633333	0.200	-0.815421
0.636667	0.200	-0.817963
0.640000	0.200	-0.820836
0.643333	0.200	-0.823456
0.646667	0.200	-0.825059
0.650000	0.200	-0.825297
0.653333	0.200	-0.824615
0.656667	0.200	-0.823852
0.660000	0.200	-0.823650
0.663333	0.200	-0.824431
0.666667	0.200	-0.826420
0.670000	0.200	-0.829190
0.673333	0.200	-0.831684
0.676667	0.200	-0.833142
0.680000	0.200	-0.833800
0.683333	0.200	-0.834512
0.686667	0.200	-0.835663
0.690000	0.200	-0.836739
0.693333	0.200	-0.837128
0.696667	0.200	-0.836747
0.700000	0.200	-0.835816
0.703333	0.200	-0.834764
0.706667	0.200	-0.834388
0.710000	0.200	-0.835516
0.713333	0.200	-0.838256
0.716667	0.200	-0.841847
0.720000	0.200	-0.845412
0.723333	0.200	-0.848618
0.726667	0.200	-0.851560
0.730000	0.200	-0.854331
0.733333	0.200	-0.856739
0.736667	0.200	-0.858259
0.740000	0.200	-0.858411
0.743333	0.200	-0.857141
0.746667	0.200	-0.855177
0.750000	0.200	-0.853995
0.753333	0.200	-0.854598
0.756667	0.200	-0.856510
0.760000	0.200	-0.858433
0.763333	0.200	-0.859616
0.766667	0.200	-0.860346
0.770000	0.200	-0.861155
0.773333	0.200	-0.862234
0.776667	0.200	-0.863787
0.780000	0.200	-0.866061
0.783333	0.200	-0.869012
0.786667	0.200	-0.872529
0.790000	0.200	-0.876539
0.793333	0.200	-0.880563
0.796667	0.200	-0.883752
0.800000	0.200	-0.885570
0.803333	0.200	-0.886108
0.806667	0.200	-0.885843
0.810000	0.200	-0.885242
0.813333	0.200	-0.884624
0.816667	0.200	-0.884393
0.820000	0.200	-0.885111
0.823333	0.200	-0.887191
0.826667	0.200	-0.890850
0.830000	0.200	-0.896318
0.833333	0.200	-0.903300
0.836667	0.200	-0.910325
0.840000	0.200	-0.915707
0.843333	0.200	-0.919174
0.846667	0.200	-0.921782
0.850000	0.200	-0.924583
0.853333	0.200	-0.927991
0.856667	0.200	-0.931906
0.860000	0.200	-0.935751
0.863333	0.200	-0.938600
0.866667	0.200	-0.939597
0.870000	0.200	-0.938315
0.873333	0.200	-0.934628
0.876667	0.200	-0.927736
0.880000	0.200	-0.914654
0.883333	0.200	-0.889896
0.886667	0.200	-0.847615
0.890000	0.200	-0.785050
0.893333	0.200	-0.704907
0.896667	0.200	-0.615379
0.900000	0.200	-0.527771
0.903333	0.200	-0.452630
0.906667	0.200	-0.396056
0.910000	0.200	-0.358218
0.913333	0.200	-0.334981
0.916667	0.200	-0.321000
0.920000	0.200	-0.312275
0.923333	0.200	-0.307575
0.926667	0.200	-0.307894
0.930000	0.200	-0.314304
0.933333	0.200	-0.326512
0.936667	0.200	-0.342509
0.940000	0.200	-0.358472
0.943333	0.200	-0.369496
0.946667	0.200	-0.370965
0.950000	0.200	-0.359468
0.953333	0.200	-0.333696
0.956667	0.200	-0.295581
0.960000	0.200	-0.250631
0.963333	0.200	-0.206881
0.966667	0.200	-0.173031
0.970000	0.200	-0.156290
0.973333	0.200	-0.160221
0.976667	0.200	-0.183722
0.980000	0.200	-0.222072
0.983333	0.200	-0.269315
0.986667	0.200	-0.320363
0.990000	0.200	-0.371726
0.993333	0.200	-0.421145
0.996667	0.200	-0.467184
1.000000	0.200	-0.509036
1.003333	0.200	-0.546514
1.006667	0.200	-0.580032
1.010000	0.200	-0.610313
1.013333	0.200	-0.638058
1.016667	0.200	-0.663681
1.020000	0.200	-0.686894
1.023333	0.200	-0.706805
1.026667	0.200	-0.722812
1.030000	0.200	-0.735226
1.033333	0.200	-0.745062
1.036667	0.200	-0.753557
1.040000	0.200	-0.761498
1.043333	0.200	-0.768646
1.046667	0.200	-0.774043
1.050000	0.200	-0.776983
1.053333	0.200	-0.777690
1.056667	0.200	-0.776860
1.060000	0.200	-0.774568
1.063333	0.200	-0.769673
1.066667	0.200	-0.759580
1.070000	0.200	-0.739958
1.073333	0.200	-0.703797
1.076667	0.200	-0.638503
1.080000	0.200	-0.520498
1.083333	0.200	-0.305668
1.086667	0.200	0.089730
1.090000	0.200	0.820828
1.093333	0.200	2.145167
1.096667	0.200	4.413092
1.100000	0.200	7.969244
1.103333	0.200	12.959514
1.106667	0.200	19.119402
1.110000	0.200	25.677804
1.113333	0.200	31.485532
1.116667	0.200	35.362079
1.120000	0.200	36.511126
1.123333	0.200	34.794431
1.126667	0.200	30.734086
1.130000	0.200	25.272656
1.133333	0.200	19.436764
1.136667	0.200	14.057897
1.140000	0.200	9.633864
1.143333	0.200	6.330192
1.146667	0.200	4.068255
1.150000	0.200	2.638691
1.153333	0.200	1.797772
1.156667	0.200	1.328534
1.160000	0.200	1.067167
1.163333	0.200	0.904833
1.166667	0.200	0.777062
1.170000	0.200	0.650791
1.173333	0.200	0.513500
1.176667	0.200	0.364566
1.180000	0.200	0.209174
1.183333	0.200	0.054539
1.186667	0.200	-0.092439
1.190000	0.200	-0.226093
1.193333	0.200	-0.341968
1.196667	0.200	-0.436463
1.200000	0.200	-0.506428
1.203333	0.200	-0.548687
1.206667	0.200	-0.559553
1.210000	0.200	-0.535370
1.213333	0.200	-0.474380
1.216667	0.200	-0.378999
1.220000	0.200	-0.258278
1.223333	0.200	-0.129319
1.226667	0.200	-0.014956
1.230000	0.200	0.062387
1.233333	0.200	0.087183
1.236667	0.200	0.054755
1.240000	0.200	-0.028220
1.243333	0.200	-0.146421
1.246667	0.200	-0.280591
1.250000	0.200	-0.412520
1.253333	0.200	-0.528544
1.256667	0.200	-0.621182
1.260000	0.200	-0.689275
1.263333	0.200	-0.735868
1.266667	0.200	-0.763790
1.270000	0.200	-0.771819
1.273333	0.200	-0.753947
1.276667	0.200	-0.701476
1.280000	0.200	-0.607123
1.283333	0.200	-0.470712
1.286667	0.200	-0.304632
1.290000	0.200	-0.135232
1.293333	0.200	0.003127
1.296667	0.200	0.079809
1.300000	0.200	0.079023
1.303333	0.200	0.004641
1.306667	0.200	-0.122597
1.310000	0.200	-0.273400
1.313333	0.200	-0.419853
1.316667	0.200	-0.542649
1.320000	0.200	-0.633380
1.323333	0.200	-0.692910
1.326667	0.200	-0.728011
1.330000	0.200	-0.747384
1.333333	0.200	-0.758252
1.336667	0.200	-0.765079
1.340000	0.200	-0.770087
1.343333	0.200	-0.773998
1.346667	0.200	-0.776732
1.350000	0.200	-0.778170
1.353333	0.200	-0.778621
1.356667	0.200	-0.778568
1.360000	0.200	-0.778017
1.363333	0.200	-0.776801
1.366667	0.200	-0.775505
1.370000	0.200	-0.775310
1.373333	0.200	-0.776987
1.376667	0.200	-0.780393
1.380000	0.200	-0.784958
1.383333	0.200	-0.790301
1.386667	0.200	-0.796213
1.390000	0.200	-0.802503
1.393333	0.200	-0.809116
1.396667	0.200	-0.816159
1.400000	0.200	-0.823647
1.403333	0.200	-0.831412
1.406667	0.200	-0.839359
1.410000	0.200	-0.847569
1.413333	0.200	-0.856034
1.416667	0.200	-0.864629
1.420000	0.200	-0.873372
1.423333	0.200	-0.882328
1.426667	0.200	-0.891240
1.430000	0.200	-0.899519
1.433333	0.200	-0.906608
1.436667	0.200	-0.912326
1.440000	0.200	-0.917242
1.443333	0.200	-0.922722
1.446667	0.200	-0.929992
1.450000	0.200	-0.939153
1.453333	0.200	-0.949122
1.456667	0.200	-0.958252
1.460000	0.200	-0.965317
1.463333	0.200	-0.970092
1.466667	0.200	-0.972893
1.470000	0.200	-0.974034
1.473333	0.200	-0.973876
1.476667	0.200	-0.972943
1.480000	0.200	-0.971602
1.483333	0.200	-0.969854
1.486667	0.200	-0.967779
1.490000	0.200	-0.965784
1.493333	0.200	-0.964043
1.496667	0.200	-0.962223
1.500000	0.200	-0.959991
1.503333	0.200	-0.957211
1.506667	0.200	-0.953724
1.510000	0.200	-0.949452
1.513333	0.200	-0.944604
1.516667	0.200	-0.939660
1.520000	0.200	-0.935188
1.523333	0.200	-0.931432
1.526667	0.200	-0.928207
1.530000	0.200	-0.925403
1.533333	0.200	-0.923190
1.536667	0.200	-0.921549
1.540000	0.200	-0.920103
1.543333	0.200	-0.918779
1.546667	0.200	-0.918071
1.550000	0.200	-0.918378
1.553333	0.200	-0.919474
1.556667	0.200	-0.920615
1.560000	0.200	-0.921143
1.563333	0.200	-0.920870
1.566667	0.200	-0.919856
1.570000	0.200	-0.918454
1.573333	0.200	-0.917713
1.576667	0.200	-0.918838
1.580000	0.200	-0.921891
1.583333	0.200	-0.925482
1.586667	0.200	-0.927997
1.590000	0.200	-0.929010
1.593333	0.200	-0.929327
1.596667	0.200	-0.929846
1.600000	0.200	-0.930880
1.603333	0.200	-0.932470
1.606667	0.200	-0.934663
1.610000	0.200	-0.937372
1.613333	0.200	-0.940407
1.616667	0.200	-0.943638
1.620000	0.200	-0.946884
1.623333	0.200	-0.950054
1.626667	0.200	-0.953601
1.630000	0.200	-0.958059
1.633333	0.200	-0.963079
1.636667	0.200	-0.967442
1.640000	0.200	-0.970063
1.643333	0.200	-0.971027
1.646667	0.200	-0.971491
1.650000	0.200	-0.972341
1.653333	0.200	-0.973423
1.656667	0.200	-0.974310
1.660000	0.200	-0.974977
1.663333	0.200	-0.975466
1.666667	0.200	-0.975728
1.670000	0.200	-0.976073
1.673333	0.200	-0.977159
1.676667	0.200	-0.979313
1.680000	0.200	-0.982049
1.683333	0.200	-0.984447
1.686667	0.200	-0.985897
1.690000	0.200	-0.986206
1.693333	0.200	-0.985397
1.696667	0.200	-0.983901
1.700000	0.200	-0.982354
1.703333	0.200	-0.980901
1.706667	0.200	-0.979293
1.710000	0.200	-0.977621
1.713333	0.200	-0.976272
1.716667	0.200	-0.975236
1.720000	0.200	-0.973978
1.723333	0.200	-0.972221
1.726667	0.200	-0.970468
1.730000	0.200	-0.969293
1.733333	0.200	-0.968645
1.736667	0.200	-0.968161
1.740000	0.200	-0.967538
1.743333	0.200	-0.966539
1.746667	0.200	-0.965060
1.750000	0.200	-0.963200
1.753333	0.200	-0.961272
1.756667	0.200	-0.959747
1.760000	0.200	-0.959083
1.763333	0.200	-0.959495
1.766667	0.200	-0.960824
1.770000	0.200	-0.962724
1.773333	0.200	-0.964989
1.776667	0.200	-0.967403
1.780000	0.200	-0.969261
1.783333	0.200	-0.969811
1.786667	0.200	-0.969278
1.790000	0.200	-0.968730
1.793333	0.200	-0.968916
1.796667	0.200	-0.969517
1.800000	0.200	-0.969489
1.803333	0.200	-0.968119
1.806667	0.200	-0.965841
1.810000	0.200	-0.963995
1.813333	0.200	-0.963751
1.816667	0.200	-0.965242
1.820000	0.200	-0.967540
1.823333	0.200	-0.969275
1.826667	0.200	-0.969521
1.830000	0.200	-0.968416
1.833333	0.200	-0.966885
1.836667	0.200	-0.965898
1.840000	0.200	-0.965806
1.843333	0.200	-0.965979
1.846667	0.200	-0.965384
1.850000	0.200	-0.963537
1.853333	0.200	-0.960580
1.856667	0.200	-0.956917
1.860000	0.200	-0.952909
1.863333	0.200	-0.948199
1.866667	0.200	-0.941507
1.870000	0.200	-0.931634
1.873333	0.200	-0.918356
1.876667	0.200	-0.902488
1.880000	0.200	-0.885523
1.883333	0.200	-0.869031
1.886667	0.200	-0.854216
1.890000	0.200	-0.841824
1.893333	0.200	-0.832306
1.896667	0.200	-0.826101
1.900000	0.200	-0.823611
1.903333	0.200	-0.825031
1.906667	0.200	-0.830197
1.910000	0.200	-0.838414
1.913333	0.200	-0.848863
1.916667	0.200	-0.861305
1.920000	0.200	-0.875809
1.923333	0.200	-0.891738
1.926667	0.200	-0.907462
1.930000	0.200	-0.921267
1.933333	0.200	-0.932538
1.936667	0.200	-0.941973
1.940000	0.200	-0.950459
1.943333	0.200	-0.957862
1.946667	0.200	-0.963315
1.950000	0.200	-0.966513
1.953333	0.200	-0.968223
1.956667	0.200	-0.969806
1.960000	0.200	-0.972347
1.963333	0.200	-0.975942
1.966667	0.200	-0.979979
1.970000	0.200	-0.983943
1.973333	0.200	-0.987617
1.976667	0.200	-0.990877
1.980000	0.200	-0.993501
1.983333	0.200	-0.994987
1.986667	0.200	-0.994826
1.990000	0.200	-0.993094
1.993333	0.200	-0.990195
1.996667	0.200	-0.986392
2.000000	0.200	-0.982305
2.003333	0.200	-0.979035
2.006667	0.200	-0.977121
2.010000	0.200	-0.975988
2.013333	0.200	-0.974759
2.016667	0.200	-0.973235
2.020000	0.200	-0.971763
2.023333	0.200	-0.970486
2.026667	0.200	-0.969285
2.030000	0.200	-0.968131
2.033333	0.200	-0.967037
2.036667	0.200	-0.966084
2.040000	0.200	-0.965483
2.043333	0.200	-0.965254
2.046667	0.200	-0.965223
2.050000	0.200	-0.965398
2.053333	0.200	-0.965851
2.056667	0.200	-0.966539
2.060000	0.200	-0.967710
2.063333	0.200	-0.969847
2.066667	0.200	-0.973053
2.070000	0.200	-0.976898
2.073333	0.200	-0.980616
2.076667	0.200	-0.983371
2.080000	0.200	-0.984670
2.083333	0.200	-0.984652
2.086667	0.200	-0.983897
2.090000	0.200	-0.982855
2.093333	0.200	-0.981724
2.096667	0.200	-0.980810
2.100000	0.200	-0.980413
2.103333	0.200	-0.980501
2.106667	0.200	-0.980912
2.110000	0.200	-0.981702
2.113333	0.200	-0.982939
2.116667	0.200	-0.984254
2.120000	0.200	-0.984984
2.123333	0.200	-0.984935
2.126667	0.200	-0.984554
2.130000	0.200	-0.984203
2.133333	0.200	-0.983922
2.136667	0.200	-0.983661
2.140000	0.200	-0.983188
2.143333	0.200	-0.982399
2.146667	0.200	-0.981797
2.150000	0.200	-0.982105
2.153333	0.200	-0.983420
2.156667	0.200	-0.985085
2.160000	0.200	-0.986459
2.163333	0.200	-0.987452
2.166667	0.200	-0.988212
2.170000	0.200	-0.988698
2.173333	0.200	-0.988649
2.176667	0.200	-0.987791
2.180000	0.200	-0.986086
2.183333	0.200	-0.983935
2.186667	0.200	-0.982124
2.190000	0.200	-0.981176
2.193333	0.200	-0.980900
2.196667	0.200	-0.980973
2.200000	0.200	-0.981297
2.203333	0.200	-0.981415
2.206667	0.200	-0.980392
2.210000	0.200	-0.977691
2.213333	0.200	-0.973806
2.216667	0.200	-0.969845
2.220000	0.200	-0.966712
2.223333	0.200	-0.964810
2.226667	0.200	-0.964132
2.230000	0.200	-0.964417
2.233333	0.200	-0.965351
2.236667	0.200	-0.966574
2.240000	0.200	-0.967573
2.243333	0.200	-0.967879
2.246667	0.200	-0.967381
2.250000	0.200	-0.966325
2.253333	0.200	-0.965011
2.256667	0.200	-0.963384
2.260000	0.200	-0.961018
2.263333	0.200	-0.957818
2.266667	0.200	-0.954586
2.270000	0.200	-0.952564
2.273333	0.200	-0.952515
2.276667	0.200	-0.954379
2.280000	0.200	-0.957242
2.283333	0.200	-0.959406
2.286667	0.200	-0.959452
2.290000	0.200	-0.957628
2.293333	0.200	-0.955630
2.296667	0.200	-0.955041
2.300000	0.200	-0.956078
2.303333	0.200	-0.957597
2.306667	0.200	-0.958190
2.310000	0.200	-0.957200
2.313333	0.200	-0.954943
2.316667	0.200	-0.952179
2.320000	0.200	-0.949218
2.323333	0.200	-0.945889
2.326667	0.200	-0.942235
2.330000	0.200	-0.938340
2.333333	0.200	-0.933813
2.336667	0.200	-0.928100
2.340000	0.200	-0.921183
2.343333	0.200	-0.913936
2.346667	0.200	-0.907555
2.350000	0.200	-0.902651
2.353333	0.200	-0.899217
2.356667	0.200	-0.896966
2.360000	0.200	-0.895410
2.363333	0.200	-0.894183
2.366667	0.200	-0.893546
2.370000	0.200	-0.894160
2.373333	0.200	-0.896177
2.376667	0.200	-0.898925
2.380000	0.200	-0.901604
2.383333	0.200	-0.904003
2.386667	0.200	-0.906451
2.390000	0.200	-0.909312
2.393333	0.200	-0.912786
2.396667	0.200	-0.916859
2.400000	0.200	-0.921207
2.403333	0.200	-0.925576
2.406667	0.200	-0.929943
2.410000	0.200	-0.933892
2.413333	0.200	-0.936537
2.416667	0.200	-0.937405
2.420000	0.200	-0.936712
2.423333	0.200	-0.934717
2.426667	0.200	-0.931620
2.430000	0.200	-0.928158
2.433333	0.200	-0.925374
2.436667	0.200	-0.923818
2.440000	0.200	-0.923544
2.443333	0.200	-0.924264
2.446667	0.200	-0.925374
2.450000	0.200	-0.926477
2.453333	0.200	-0.927611
2.456667	0.200	-0.928832
2.460000	0.200	-0.929932
2.463333	0.200	-0.930299
2.466667	0.200	-0.929002
2.470000	0.200	-0.925385
2.473333	0.200	-0.919502
2.476667	0.200	-0.912011
2.480000	0.200	-0.903786
2.483333	0.200	-0.895402
2.486667	0.200	-0.886963
2.490000	0.200	-0.878372
2.493333	0.200	-0.869529
2.496667	0.200	-0.860281
2.500000	0.200	-0.850575
2.503333	0.200	-0.841067
2.506667	0.200	-0.833140
2.510000	0.200	-0.827741
2.513333	0.200	-0.824822
2.516667	0.200	-0.823946
2.520000	0.200	-0.824772
2.523333	0.200	-0.827194
2.526667	0.200	-0.831407
2.530000	0.200	-0.837634
2.533333	0.200	-0.845742
2.536667	0.200	-0.855040
2.540000	0.200	-0.864397
2.543333	0.200	-0.872783
2.546667	0.200	-0.879661
2.550000	0.200	-0.884934
2.553333	0.200	-0.888954
2.556667	0.200	-0.892276
2.560000	0.200	-0.895010
2.563333	0.200	-0.896882
2.566667	0.200	-0.897893
2.570000	0.200	-0.898271
2.573333	0.200	-0.898265
2.576667	0.200	-0.898266
2.580000	0.200	-0.898526
2.583333	0.200	-0.898977
2.586667	0.200	-0.899436
2.590000	0.200	-0.899635
2.593333	0.200	-0.899478
2.596667	0.200	-0.899209
2.600000	0.200	-0.898873
2.603333	0.200	-0.898190
2.606667	0.200	-0.897102
2.610000	0.200	-0.895785
2.613333	0.200	-0.894187
2.616667	0.200	-0.892227
2.620000	0.200	-0.890429
2.623333	0.200	-0.889947
2.626667	0.200	-0.891580
2.630000	0.200	-0.894597
2.633333	0.200	-0.897005
2.636667	0.200	-0.897419
2.640000	0.200	-0.896131
2.643333	0.200	-0.894163
2.646667	0.200	-0.892018
2.650000	0.200	-0.889557
2.653333	0.200	-0.886551
2.656667	0.200	-0.883194
2.660000	0.200	-0.880268
2.663333	0.200	-0.878786
2.666667	0.200	-0.879232
2.670000	0.200	-0.880996
2.673333	0.200	-0.882912
2.676667	0.200	-0.884410
2.680000	0.200	-0.885697
2.683333	0.200	-0.887073
2.686667	0.200	-0.888569
2.690000	0.200	-0.890045
2.693333	0.200	-0.891339
2.696667	0.200	-0.892305
2.700000	0.200	-0.892742
2.703333	0.200	-0.892400
2.706667	0.200	-0.891122
2.710000	0.200	-0.889040
2.713333	0.200	-0.886544
2.716667	0.200	-0.884100
2.720000	0.200	-0.882186
2.723333	0.200	-0.881101
2.726667	0.200	-0.880929
2.730000	0.200	-0.881601
2.733333	0.200	-0.882545
2.736667	0.200	-0.882750
2.740000	0.200	-0.881829
2.743333	0.200	-0.880572
2.746667	0.200	-0.880040
2.750000	0.200	-0.880433
2.753333	0.200	-0.881111
2.756667	0.200	-0.881447
2.760000	0.200	-0.881406
2.763333	0.200	-0.881249
2.766667	0.200	-0.880688
2.770000	0.200	-0.878924
2.773333	0.200	-0.875786
2.776667	0.200	-0.872122
2.780000	0.200	-0.868859
2.783333	0.200	-0.866320
2.786667	0.200	-0.864470
2.790000	0.200	-0.863344
2.793333	0.200	-0.863074
2.796667	0.200	-0.863465
2.800000	0.200	-0.863744
2.803333	0.200	-0.863074
2.806667	0.200	-0.861241
2.810000	0.200	-0.858781
2.813333	0.200	-0.856652
2.816667	0.200	-0.855731
2.820000	0.200	-0.856292
2.823333	0.200	-0.857835
2.826667	0.200	-0.859696
2.830000	0.200	-0.861519
2.833333	0.200	-0.862853
2.836667	0.200	-0.863109
2.840000	0.200	-0.862053
2.843333	0.200	-0.859856
2.846667	0.200	-0.857039
2.850000	0.200	-0.854434
2.853333	0.200	-0.852750
2.856667	0.200	-0.852200
2.860000	0.200	-0.852475
2.863333	0.200	-0.853028
2.866667	0.200	-0.853420
2.870000	0.200	-0.853276
2.873333	0.200	-0.852279
2.876667	0.200	-0.850451
2.880000	0.200	-0.848210
2.883333	0.200	-0.846108
2.886667	0.200	-0.844686
2.890000	0.200	-0.844245
2.893333	0.200	-0.844528
2.896667	0.200	-0.845205
2.900000	0.200	-0.846427
2.903333	0.200	-0.848127
2.906667	0.200	-0.849403
2.910000	0.200	-0.849432
2.913333	0.200	-0.848446
2.916667	0.200	-0.847161
2.920000	0.200	-0.845892
2.923333	0.200	-0.844721
2.926667	0.200	-0.843824
2.930000	0.200	-0.843150
2.933333	0.200	-0.842367
2.936667	0.200	-0.841550
2.940000	0.200	-0.841299
2.943333	0.200	-0.841846
2.946667	0.200	-0.842362
2.950000	0.200	-0.841516
2.953333	0.200	-0.838851
2.956667	0.200	-0.835314
2.960000	0.200	-0.832178
2.963333	0.200	-0.829718
2.966667	0.200	-0.827384
2.970000	0.200	-0.825071
2.973333	0.200	-0.823455
2.976667	0.200	-0.823100
2.980000	0.200	-0.823950
2.983333	0.200	-0.825574
2.986667	0.200	-0.827490
2.990000	0.200	-0.829342
2.993333	0.200	-0.830738
2.996667	0.200	-0.831089
3.000000	0.200	-0.830136
3.003333	0.200	-0.828145
3.006667	0.200	-0.825340
3.010000	0.200	-0.822046
3.013333	0.200	-0.819160
3.016667	0.200	-0.817643
3.020000	0.200	-0.817701
3.023333	0.200	-0.818598
3.026667	0.200	-0.819160
3.030000	0.200	-0.818549
3.033333	0.200	-0.816787
3.036667	0.200	-0.814659
3.040000	0.200	-0.813160
3.043333	0.200	-0.812936
3.046667	0.200	-0.814007
3.050000	0.200	-0.815746
3.053333	0.200	-0.817170
3.056667	0.200	-0.817603
3.060000	0.200	-0.817125
3.063333	0.200	-0.816356
3.066667	0.200	-0.816011
3.070000	0.200	-0.816478
3.073333	0.200	-0.817452
3.076667	0.200	-0.818132
3.080000	0.200	-0.817942
3.083333	0.200	-0.816890
3.086667	0.200	-0.815354
3.090000	0.200	-0.813887
3.093333	0.200	-0.813009
3.096667	0.200	-0.812809
3.100000	0.200	-0.812835
3.103333	0.200	-0.812568
3.106667	0.200	-0.811801
3.110000	0.200	-0.810561
3.113333	0.200	-0.809067
3.116667	0.200	-0.807757
3.120000	0.200	-0.806752
3.123333	0.200	-0.805463
3.126667	0.200	-0.803359
3.130000	0.200	-0.800908
3.133333	0.200	-0.799236
3.136667	0.200	-0.798947
3.140000	0.200	-0.799701
3.143333	0.200	-0.800721
3.146667	0.200	-0.801306
3.150000	0.200	-0.800993
3.153333	0.200	-0.799652
3.156667	0.200	-0.797563
3.160000	0.200	-0.795172
3.163333	0.200	-0.792790
3.166667	0.200	-0.790581
3.170000	0.200	-0.788516
3.173333	0.200	-0.786640
3.176667	0.200	-0.785483
3.180000	0.200	-0.785465
3.183333	0.200	-0.786124
3.186667	0.200	-0.786580
3.190000	0.200	-0.786262
3.193333	0.200	-0.785030
3.196667	0.200	-0.783253
3.200000	0.200	-0.781533
3.203333	0.200	-0.780120
3.206667	0.200	-0.778874
3.210000	0.200	-0.777746
3.213333	0.200	-0.777167
3.216667	0.200	-0.777673
3.220000	0.200	-0.779006
3.223333	0.200	-0.780297
3.226667	0.200	-0.781028
3.230000	0.200	-0.780814
3.233333	0.200	-0.778974
3.236667	0.200	-0.775627
3.240000	0.200	-0.772527
3.243333	0.200	-0.771558
3.246667	0.200	-0.772784
3.250000	0.200	-0.774634
3.253333	0.200	-0.775599
3.256667	0.200	-0.775283
3.260000	0.200	-0.774189
3.263333	0.200	-0.773104
3.266667	0.200	-0.772816
3.270000	0.200	-0.773777
3.273333	0.200	-0.775498
3.276667	0.200	-0.776708
3.280000	0.200	-0.776515
3.283333	0.200	-0.775032
3.286667	0.200	-0.772832
3.290000	0.200	-0.770526
3.293333	0.200	-0.769063
3.296667	0.200	-0.769300
3.300000	0.200	-0.770881
3.303333	0.200	-0.772639
3.306667	0.200	-0.774063
3.310000	0.200	-0.775489
3.313333	0.200	-0.777057
3.316667	0.200	-0.778054
3.320000	0.200	-0.777471
3.323333	0.200	-0.774937
3.326667	0.200	-0.770963
3.330000	0.200	-0.766764
3.333333	0.200	-0.763719
3.336667	0.200	-0.762354
3.340000	0.200	-0.762080
3.343333	0.200	-0.762320
3.346667	0.200	-0.763189
3.350000	0.200	-0.764796
3.353333	0.200	-0.766604
3.356667	0.200	-0.767627
3.360000	0.200	-0.767092
3.363333	0.200	-0.765174
3.366667	0.200	-0.762959
3.370000	0.200	-0.761383
3.373333	0.200	-0.760604
3.376667	0.200	-0.760328
3.380000	0.200	-0.759844
3.383333	0.200	-0.758152
3.386667	0.200	-0.754988
3.390000	0.200	-0.751201
3.393333	0.200	-0.747840
3.396667	0.200	-0.745247
3.400000	0.200	-0.742907
3.403333	0.200	-0.739890
3.406667	0.200	-0.735263
3.410000	0.200	-0.728283
3.413333	0.200	-0.718854
3.416667	0.200	-0.707626
3.420000	0.200	-0.695391
3.423333	0.200	-0.682880
3.426667	0.200	-0.671205
3.430000	0.200	-0.661910
3.433333	0.200	-0.656361
3.436667	0.200	-0.655010
3.440000	0.200	-0.657123
3.443333	0.200	-0.661574
3.446667	0.200	-0.667838
3.450000	0.200	-0.675819
3.453333	0.200	-0.685061
3.456667	0.200	-0.694526
3.460000	0.200	-0.702857
3.463333	0.200	-0.708794
3.466667	0.200	-0.711747
3.470000	0.200	-0.712177
3.473333	0.200	-0.711448
3.476667	0.200	-0.711151
3.480000	0.200	-0.712195
3.483333	0.200	-0.714264
3.486667	0.200	-0.716241
3.490000	0.200	-0.717354
3.493333	0.200	-0.717679
3.496667	0.200	-0.717648
3.500000	0.200	-0.717752
3.503333	0.200	-0.718609
3.506667	0.200	-0.720499
3.510000	0.200	-0.722913
3.513333	0.200	-0.725062
3.516667	0.200	-0.726420
3.520000	0.200	-0.726684
3.523333	0.200	-0.725887
3.526667	0.200	-0.724476
3.530000	0.200	-0.722990
3.533333	0.200	-0.721849
3.536667	0.200	-0.721153
3.540000	0.200	-0.720607
3.543333	0.200	-0.719944
3.546667	0.200	-0.719166
3.550000	0.200	-0.718397
3.553333	0.200	-0.717897
3.556667	0.200	-0.718052
3.560000	0.200	-0.719169
3.563333	0.200	-0.721388
3.566667	0.200	-0.724605
3.570000	0.200	-0.728350
3.573333	0.200	-0.731946
3.576667	0.200	-0.734874
3.580000	0.200	-0.737006
3.583333	0.200	-0.738511
3.586667	0.200	-0.739595
3.590000	0.200	-0.740278
3.593333	0.200	-0.740324
3.596667	0.200	-0.739535
3.600000	0.200	-0.738168
3.603333	0.200	-0.736763
3.606667	0.200	-0.735707
3.610000	0.200	-0.735121
3.613333	0.200	-0.734960
3.616667	0.200	-0.735001
3.620000	0.200	-0.734896
3.623333	0.200	-0.734629
3.626667	0.200	-0.734658
3.630000	0.200	-0.735356
3.633333	0.200	-0.736739
3.636667	0.200	-0.738469
3.640000	0.200	-0.739635
3.643333	0.200	-0.739234
3.646667	0.200	-0.737260
3.650000	0.200	-0.734881
3.653333	0.200	-0.733189
3.656667	0.200	-0.732018
3.660000	0.200	-0.730530
3.663333	0.200	-0.728579
3.666667	0.200	-0.726757
3.670000	0.200	-0.725438
3.673333	0.200	-0.724486
3.676667	0.200	-0.723760
3.680000	0.200	-0.723535
3.683333	0.200	-0.724364
3.686667	0.200	-0.726647
3.690000	0.200	-0.730260
3.693333	0.200	-0.734373
3.696667	0.200	-0.737609
3.700000	0.200	-0.738754
3.703333	0.200	-0.737698
3.706667	0.200	-0.735547
3.710000	0.200	-0.733629
3.713333	0.200	-0.732460
3.716667	0.200	-0.731600
3.720000	0.200	-0.730555
3.723333	0.200	-0.729486
3.726667	0.200	-0.728537
3.730000	0.200	-0.727276
3.733333	0.200	-0.725455
3.736667	0.200	-0.723472
3.740000	0.200	-0.721941
3.743333	0.200	-0.721364
3.746667	0.200	-0.721915
3.750000	0.200	-0.723294
3.753333	0.200	-0.724923
3.756667	0.200	-0.726093
3.760000	0.200	-0.726063
3.763333	0.200	-0.724633
3.766667	0.200	-0.722567
3.770000	0.200	-0.721018
3.773333	0.200	-0.720663
3.776667	0.200	-0.721358
3.780000	0.200	-0.722433
3.783333	0.200	-0.723394
3.786667	0.200	-0.724233
3.790000	0.200	-0.725131
3.793333	0.200	-0.726048
3.796667	0.200	-0.726646
3.800000	0.200	-0.726543
3.803333	0.200	-0.725549
3.806667	0.200	-0.723845
3.810000	0.200	-0.721919
3.813333	0.200	-0.720008
3.816667	0.200	-0.717763
3.820000	0.200	-0.714859
3.823333	0.200	-0.711639
3.826667	0.200	-0.708907
3.830000	0.200	-0.707312
3.833333	0.200	-0.706991
3.836667	0.200	-0.707742
3.840000	0.200	-0.709389
3.843333	0.200	-0.711791
3.846667	0.200	-0.714642
3.850000	0.200	-0.717253
3.853333	0.200	-0.718602
3.856667	0.200	-0.717984
3.860000	0.200	-0.715629
3.863333	0.200	-0.712547
3.866667	0.200	-0.709946
3.870000	0.200	-0.708773
3.873333	0.200	-0.709317
3.876667	0.200	-0.710993
3.880000	0.200	-0.712739
3.883333	0.200	-0.713743
3.886667	0.200	-0.713915
3.890000	0.200	-0.713771
3.893333	0.200	-0.713938
3.896667	0.200	-0.714714
3.900000	0.200	-0.716125
3.903333	0.200	-0.718177
3.906667	0.200	-0.720615
3.910000	0.200	-0.722791
3.913333	0.200	-0.724273
3.916667	0.200	-0.725128
3.920000	0.200	-0.725425
3.923333	0.200	-0.724997
3.926667	0.200	-0.723792
3.930000	0.200	-0.722006
3.933333	0.200	-0.719995
3.936667	0.200	-0.718404
3.940000	0.200	-0.718037
3.943333	0.200	-0.719158
3.946667	0.200	-0.721139
3.950000	0.200	-0.723119
3.953333	0.200	-0.724677
3.956667	0.200	-0.725574
3.960000	0.200	-0.725445
3.963333	0.200	-0.724368
3.966667	0.200	-0.723159
3.970000	0.200	-0.722515
3.973333	0.200	-0.722602
3.976667	0.200	-0.723492
3.980000	0.200	-0.725056
3.983333	0.200	-0.726764
3.986667	0.200	-0.728068
3.990000	0.200	-0.728639
3.993333	0.200	-0.728541
3.996667	0.200	-0.728133
4.000000	0.200	-0.727515
4.003333	0.200	-0.726735
4.006667	0.200	-0.726291
4.010000	0.200	-0.726368
4.013333	0.200	-0.726226
4.016667	0.200	-0.725260
4.020000	0.200	-0.723849
4.023333	0.200	-0.722647
4.026667	0.200	-0.721894
4.030000	0.200	-0.721739
4.033333	0.200	-0.722565
4.036667	0.200	-0.724559
4.040000	0.200	-0.727218
4.043333	0.200	-0.729609
4.046667	0.200	-0.731060
4.050000	0.200	-0.731277
4.053333	0.200	-0.730075
4.056667	0.200	-0.727711
4.060000	0.200	-0.725175
4.063333	0.200	-0.723393
4.066667	0.200	-0.722554
4.070000	0.200	-0.722442
4.073333	0.200	-0.722685
4.076667	0.200	-0.722784
4.080000	0.200	-0.722365
4.083333	0.200	-0.721330
4.086667	0.200	-0.720073
4.090000	0.200	-0.719434
4.093333	0.200	-0.719849
4.096667	0.200	-0.720910
4.100000	0.200	-0.721840
4.103333	0.200	-0.721984
4.106667	0.200	-0.721187
4.110000	0.200	-0.720052
4.113333	0.200	-0.719558
4.116667	0.200	-0.720266
4.120000	0.200	-0.722025
4.123333	0.200	-0.724396
4.126667	0.200	-0.727002
4.130000	0.200	-0.729318
4.133333	0.200	-0.730795
4.136667	0.200	-0.731403
4.140000	0.200	-0.731530
4.143333	0.200	-0.731452
4.146667	0.200	-0.731159
4.150000	0.200	-0.730557
4.153333	0.200	-0.729795
4.156667	0.200	-0.729231
4.160000	0.200	-0.729104
4.163333	0.200	-0.729499
4.166667	0.200	-0.730481
4.170000	0.200	-0.731819
4.173333	0.200	-0.732920
4.176667	0.200	-0.733612
4.180000	0.200	-0.734370
4.183333	0.200	-0.735282
4.186667	0.200	-0.735703
4.190000	0.200	-0.735299
4.193333	0.200	-0.734531
4.196667	0.200	-0.733876
4.200000	0.200	-0.733276
4.203333	0.200	-0.732532
4.206667	0.200	-0.731943
4.210000	0.200	-0.732149
4.213333	0.200	-0.733151
4.216667	0.200	-0.734067
4.220000	0.200	-0.734215
4.223333	0.200	-0.733741
4.226667	0.200	-0.732927
4.230000	0.200	-0.731844
4.233333	0.200	-0.730801
4.236667	0.200	-0.730309
4.240000	0.200	-0.730562
4.243333	0.200	-0.731369
4.246667	0.200	-0.732288
4.250000	0.200	-0.732669
4.253333	0.200	-0.732004
4.256667	0.200	-0.730403
4.260000	0.200	-0.728561
4.263333	0.200	-0.727165
4.266667	0.200	-0.726180
4.270000	0.200	-0.724925
4.273333	0.200	-0.723006
4.276667	0.200	-0.720881
4.280000	0.200	-0.719455
4.283333	0.200	-0.719143
4.286667	0.200	-0.719281
4.290000	0.200	-0.718715
4.293333	0.200	-0.716936
4.296667	0.200	-0.714581
4.300000	0.200	-0.712984
4.303333	0.200	-0.713118
4.306667	0.200	-0.714877
4.310000	0.200	-0.717278
4.313333	0.200	-0.719289
4.316667	0.200	-0.720378
4.320000	0.200	-0.720354
4.323333	0.200	-0.719295
4.326667	0.200	-0.717819
4.330000	0.200	-0.716781
4.333333	0.200	-0.716672
4.336667	0.200	-0.717503
4.340000	0.200	-0.718750
4.343333	0.200	-0.719569
4.346667	0.200	-0.719628
4.350000	0.200	-0.719221
4.353333	0.200	-0.718625
4.356667	0.200	-0.717974
4.360000	0.200	-0.717501
4.363333	0.200	-0.717488
4.366667	0.200	-0.717968
4.370000	0.200	-0.718499
4.373333	0.200	-0.718273
4.376667	0.200	-0.716592
4.380000	0.200	-0.713615
4.383333	0.200	-0.710569
4.386667	0.200	-0.708836
4.390000	0.200	-0.708934
4.393333	0.200	-0.710464
4.396667	0.200	-0.712580
4.400000	0.200	-0.714376
4.403333	0.200	-0.715292
4.406667	0.200	-0.715376
4.410000	0.200	-0.714829
4.413333	0.200	-0.713689
4.416667	0.200	-0.712344
4.420000	0.200	-0.711520
4.423333	0.200	-0.711462
4.426667	0.200	-0.711621
4.430000	0.200	-0.711089
4.433333	0.200	-0.709434
4.436667	0.200	-0.707327
4.440000	0.200	-0.705971
4.443333	0.200	-0.705789
4.446667	0.200	-0.705971
4.450000	0.200	-0.705414
4.453333	0.200	-0.703999
4.456667	0.200	-0.702616
4.460000	0.200	-0.701729
4.463333	0.200	-0.700787
4.466667	0.200	-0.699327
4.470000	0.200	-0.697662
4.473333	0.200	-0.696459
4.476667	0.200	-0.696244
4.480000	0.200	-0.697031
4.483333	0.200	-0.698244
4.486667	0.200	-0.699090
4.490000	0.200	-0.698972
4.493333	0.200	-0.697740
4.496667	0.200	-0.695803
4.500000	0.200	-0.694103
4.503333	0.200	-0.693511
4.506667	0.200	-0.694021
4.510000	0.200	-0.694953
4.513333	0.200	-0.695735
4.516667	0.200	-0.696039
4.520000	0.200	-0.695557
4.523333	0.200	-0.694059
4.526667	0.200	-0.691776
4.530000	0.200	-0.689602
4.533333	0.200	-0.688466
4.536667	0.200	-0.688446
4.540000	0.200	-0.688911
4.543333	0.200	-0.689457
4.546667	0.200	-0.690354
4.550000	0.200	-0.691812
4.553333	0.200	-0.693240
4.556667	0.200	-0.693783
4.560000	0.200	-0.693111
4.563333	0.200	-0.691104
4.566667	0.200	-0.687532
4.570000	0.200	-0.682672
4.573333	0.200	-0.677610
4.576667	0.200	-0.673639
4.580000	0.200	-0.671797
4.583333	0.200	-0.672635
4.586667	0.200	-0.675799
4.590000	0.200	-0.680124
4.593333	0.200	-0.684058
4.596667	0.200	-0.686056
4.600000	0.200	-0.685421
4.603333	0.200	-0.682810
4.606667	0.200	-0.679560
4.610000	0.200	-0.676828
4.613333	0.200	-0.675367
4.616667	0.200	-0.675605
4.620000	0.200	-0.677296
4.623333	0.200	-0.679190
4.626667	0.200	-0.679895
4.630000	0.200	-0.678977
4.633333	0.200	-0.676831
4.636667	0.200	-0.674239
4.640000	0.200	-0.672175
4.643333	0.200	-0.671169
4.646667	0.200	-0.670837
4.650000	0.200	-0.670340
4.653333	0.200	-0.669051
4.656667	0.200	-0.666755
4.660000	0.200	-0.663518
4.663333	0.200	-0.659513
4.666667	0.200	-0.655051
4.670000	0.200	-0.650806
4.673333	0.200	-0.647496
4.676667	0.200	-0.645063
4.680000	0.200	-0.642969
4.683333	0.200	-0.641464
4.686667	0.200	-0.641438
4.690000	0.200	-0.642883
4.693333	0.200	-0.644547
4.696667	0.200	-0.645101
4.700000	0.200	-0.644293
4.703333	0.200	-0.642957
4.706667	0.200	-0.641787
4.710000	0.200	-0.640646
4.713333	0.200	-0.639057
4.716667	0.200	-0.636859
4.720000	0.200	-0.634704
4.723333	0.200	-0.633603
4.726667	0.200	-0.633610
4.730000	0.200	-0.633809
4.733333	0.200	-0.633546
4.736667	0.200	-0.632719
4.740000	0.200	-0.631233
4.743333	0.200	-0.628948
4.746667	0.200	-0.626036
4.750000	0.200	-0.623228
4.753333	0.200	-0.621554
4.756667	0.200	-0.621489
4.760000	0.200	-0.622578
4.763333	0.200	-0.623941
4.766667	0.200	-0.624859
4.770000	0.200	-0.625277
4.773333	0.200	-0.625817
4.776667	0.200	-0.626831
4.780000	0.200	-0.627589
4.783333	0.200	-0.626777
4.786667	0.200	-0.623789
4.790000	0.200	-0.619348
4.793333	0.200	-0.614802
4.796667	0.200	-0.611027
4.800000	0.200	-0.608002
4.803333	0.200	-0.605495
4.806667	0.200	-0.603806
4.810000	0.200	-0.603267
4.813333	0.200	-0.603445
4.816667	0.200	-0.603294
4.820000	0.200	-0.601784
4.823333	0.200	-0.598438
4.826667	0.200	-0.593268
4.830000	0.200	-0.586366
4.833333	0.200	-0.577893
4.836667	0.200	-0.568116
4.840000	0.200	-0.557460
4.843333	0.200	-0.547054
4.846667	0.200	-0.538683
4.850000	0.200	-0.533439
4.853333	0.200	-0.530747
4.856667	0.200	-0.529212
4.860000	0.200	-0.528056
4.863333	0.200	-0.527341
4.866667	0.200	-0.527319
4.870000	0.200	-0.528242
4.873333	0.200	-0.530472
4.876667	0.200	-0.534187
4.880000	0.200	-0.539025
4.883333	0.200	-0.544215
4.886667	0.200	-0.549078
4.890000	0.200	-0.553472
4.893333	0.200	-0.557813
4.896667	0.200	-0.562386
4.900000	0.200	-0.566765
4.903333	0.200	-0.570248
4.906667	0.200	-0.572472
4.910000	0.200	-0.573570
4.913333	0.200	-0.574093
4.916667	0.200	-0.574490
4.920000	0.200	-0.574835
4.923333	0.200	-0.575226
4.926667	0.200	-0.575740
4.930000	0.200	-0.576155
4.933333	0.200	-0.576451
4.936667	0.200	-0.577130
4.940000	0.200	-0.578486
4.943333	0.200	-0.580115
4.946667	0.200	-0.581175
4.950000	0.200	-0.580792
4.953333	0.200	-0.578681
4.956667	0.200	-0.575573
4.960000	0.200	-0.572725
4.963333	0.200	-0.570808
4.966667	0.200	-0.569576
4.970000	0.200	-0.568661
4.973333	0.200	-0.567893
4.976667	0.200	-0.566994
4.980000	0.200	-0.565715
4.983333	0.200	-0.564008
4.986667	0.200	-0.561959
4.990000	0.200	-0.559655
4.993333	0.200	-0.556954
4.996667	0.200	-0.553681
5.000000	0.200	-0.550094
5.003333	0.200	-0.546855
5.006667	0.200	-0.544519
5.010000	0.200	-0.543115
5.013333	0.200	-0.542316
5.016667	0.200	-0.541503
5.020000	0.200	-0.539341
5.023333	0.200	-0.533827
5.026667	0.200	-0.523002
5.030000	0.200	-0.505588
5.033333	0.200	-0.481300
5.036667	0.200	-0.450552
5.040000	0.200	-0.413854
5.043333	0.200	-0.371691
5.046667	0.200	-0.324809
5.050000	0.200	-0.274301
5.053333	0.200	-0.221749
5.056667	0.200	-0.169804
5.060000	0.200	-0.122252
5.063333	0.200	-0.082767
5.066667	0.200	-0.053857
5.070000	0.200	-0.036995
5.073333	0.200	-0.032959
5.076667	0.200	-0.041876
5.080000	0.200	-0.062994
5.083333	0.200	-0.094307
5.086667	0.200	-0.132725
5.090000	0.200	-0.174916
5.093333	0.200	-0.218106
5.096667	0.200	-0.260301
5.100000	0.200	-0.300058
5.103333	0.200	-0.336187
5.106667	0.200	-0.367709
5.110000	0.200	-0.394289
5.113333	0.200	-0.416516
5.116667	0.200	-0.435131
5.120000	0.200	-0.450301
5.123333	0.200	-0.462094
5.126667	0.200	-0.471018
5.130000	0.200	-0.477754
5.133333	0.200	-0.482813
5.136667	0.200	-0.486569
5.140000	0.200	-0.489433
5.143333	0.200	-0.491917
5.146667	0.200	-0.494426
5.150000	0.200	-0.496881
5.153333	0.200	-0.498798
5.156667	0.200	-0.499922
5.160000	0.200	-0.500534
5.163333	0.200	-0.501160
5.166667	0.200	-0.502213
5.170000	0.200	-0.503751
5.173333	0.200	-0.505274
5.176667	0.200	-0.505902
5.180000	0.200	-0.505004
5.183333	0.200	-0.502649
5.186667	0.200	-0.499533
5.190000	0.200	-0.496822
5.193333	0.200	-0.495723
5.196667	0.200	-0.496469
5.200000	0.200	-0.498057
5.203333	0.200	-0.499210
5.206667	0.200	-0.499246
5.210000	0.200	-0.498239
5.213333	0.200	-0.496563
5.216667	0.200	-0.494446
5.220000	0.200	-0.492115
5.223333	0.200	-0.489898
5.226667	0.200	-0.488153
5.230000	0.200	-0.487375
5.233333	0.200	-0.487647
5.236667	0.200	-0.488182
5.240000	0.200	-0.488437
5.243333	0.200	-0.488757
5.246667	0.200	-0.489159
5.250000	0.200	-0.488663
5.253333	0.200	-0.486274
5.256667	0.200	-0.481960
5.260000	0.200	-0.476623
5.263333	0.200	-0.471451
5.266667	0.200	-0.467245
5.270000	0.200	-0.464249
5.273333	0.200	-0.462619
5.276667	0.200	-0.462587
5.280000	0.200	-0.463943
5.283333	0.200	-0.465804
5.286667	0.200	-0.467009
5.290000	0.200	-0.466762
5.293333	0.200	-0.465202
5.296667	0.200	-0.463045
5.300000	0.200	-0.460721
5.303333	0.200	-0.458266
5.306667	0.200	-0.455734
5.310000	0.200	-0.453396
5.313333	0.200	-0.451804
5.316667	0.200	-0.451652
5.320000	0.200	-0.453266
5.323333	0.200	-0.456120
5.326667	0.200	-0.458936
5.330000	0.200	-0.460436
5.333333	0.200	-0.460310
5.336667	0.200	-0.459259
5.340000	0.200	-0.457967
5.343333	0.200	-0.456579
5.346667	0.200	-0.454953
5.350000	0.200	-0.452879
5.353333	0.200	-0.450406
5.356667	0.200	-0.448073
5.360000	0.200	-0.446531
5.363333	0.200	-0.446013
5.366667	0.200	-0.446102
5.370000	0.200	-0.445793
5.373333	0.200	-0.444272
5.376667	0.200	-0.441937
5.380000	0.200	-0.440283
5.383333	0.200	-0.440377
5.386667	0.200	-0.441687
5.390000	0.200	-0.442827
5.393333	0.200	-0.442879
5.396667	0.200	-0.441515
5.400000	0.200	-0.438633
5.403333	0.200	-0.434539
5.406667	0.200	-0.430104
5.410000	0.200	-0.426314
5.413333	0.200	-0.423801
5.416667	0.200	-0.422589
5.420000	0.200	-0.422178
5.423333	0.200	-0.422053
5.426667	0.200	-0.421850
5.430000	0.200	-0.421218
5.433333	0.200	-0.420020
5.436667	0.200	-0.418789
5.440000	0.200	-0.418519
5.443333	0.200	-0.419559
5.446667	0.200	-0.421189
5.450000	0.200	-0.422517
5.453333	0.200	-0.423050
5.456667	0.200	-0.422421
5.460000	0.200	-0.420570
5.463333	0.200	-0.418162
5.466667	0.200	-0.416006
5.470000	0.200	-0.414390
5.473333	0.200	-0.413412
5.476667	0.200	-0.413292
5.480000	0.200	-0.414000
5.483333	0.200	-0.415103
5.486667	0.200	-0.416032
5.490000	0.200	-0.416080
5.493333	0.200	-0.414442
5.496667	0.200	-0.410919
5.500000	0.200	-0.406427
5.503333	0.200	-0.402273
5.506667	0.200	-0.399106
5.510000	0.200	-0.396905
5.513333	0.200	-0.395468
5.516667	0.200	-0.394378
5.520000	0.200	-0.393080
5.523333	0.200	-0.391561
5.526667	0.200	-0.390476
5.530000	0.200	-0.390329
5.533333	0.200	-0.390954
5.536667	0.200	-0.391892
5.540000	0.200	-0.392886
5.543333	0.200	-0.393936
5.546667	0.200	-0.395067
5.550000	0.200	-0.396138
5.553333	0.200	-0.396865
5.556667	0.200	-0.396969
5.560000	0.200	-0.396388
5.563333	0.200	-0.395184
5.566667	0.200	-0.393182
5.570000	0.200	-0.390258
5.573333	0.200	-0.386966
5.576667	0.200	-0.384259
5.580000	0.200	-0.382685
5.583333	0.200	-0.382034
5.586667	0.200	-0.381374
5.590000	0.200	-0.379585
5.593333	0.200	-0.376458
5.596667	0.200	-0.373105
5.600000	0.200	-0.371023
5.603333	0.200	-0.370952
5.606667	0.200	-0.372546
5.610000	0.200	-0.374692
5.613333	0.200	-0.376180
5.616667	0.200	-0.376283
5.620000	0.200	-0.374796
5.623333	0.200	-0.371844
5.626667	0.200	-0.367645
5.630000	0.200	-0.362210
5.633333	0.200	-0.355356
5.636667	0.200	-0.347092
5.640000	0.200	-0.337814
5.643333	0.200	-0.328076
5.646667	0.200	-0.318365
5.650000	0.200	-0.309356
5.653333	0.200	-0.302126
5.656667	0.200	-0.297595
5.660000	0.200	-0.295945
5.663333	0.200	-0.296911
5.666667	0.200	-0.300002
5.670000	0.200	-0.304316
5.673333	0.200	-0.308921
5.676667	0.200	-0.313415
5.680000	0.200	-0.317733
5.683333	0.200	-0.321797
5.686667	0.200	-0.325563
5.690000	0.200	-0.329059
5.693333	0.200	-0.332252
5.696667	0.200	-0.334996
5.700000	0.200	-0.337254
5.703333	0.200	-0.339345
5.706667	0.200	-0.341825
5.710000	0.200	-0.345028
5.713333	0.200	-0.348463
5.716667	0.200	-0.350507
5.720000	0.200	-0.349489
5.723333	0.200	-0.345345
5.726667	0.200	-0.339471
5.730000	0.200	-0.333166
5.733333	0.200	-0.326967
5.736667	0.200	-0.320942
5.740000	0.200	-0.314939
5.743333	0.200	-0.308805
5.746667	0.200	-0.302639
5.750000	0.200	-0.296984
5.753333	0.200	-0.292743
5.756667	0.200	-0.290585
5.760000	0.200	-0.290461
5.763333	0.200	-0.292041
5.766667	0.200	-0.295338
5.770000	0.200	-0.300521
5.773333	0.200	-0.307267
5.776667	0.200	-0.314501
5.780000	0.200	-0.320964
5.783333	0.200	-0.326038
5.786667	0.200	-0.329722
5.790000	0.200	-0.332091
5.793333	0.200	-0.333182
5.796667	0.200	-0.333133
5.800000	0.200	-0.332196
5.803333	0.200	-0.330660
5.806667	0.200	-0.328795
5.810000	0.200	-0.326811
5.813333	0.200	-0.324621
5.816667	0.200	-0.321889
5.820000	0.200	-0.318775
5.823333	0.200	-0.316137
5.826667	0.200	-0.314657
5.830000	0.200	-0.314220
5.833333	0.200	-0.314364
5.836667	0.200	-0.314940
5.840000	0.200	-0.315991
5.843333	0.200	-0.317229
5.846667	0.200	-0.318191
5.850000	0.200	-0.318906
5.853333	0.200	-0.319906
5.856667	0.200	-0.321511
5.860000	0.200	-0.323736
5.863333	0.200	-0.326725
5.866667	0.200	-0.330388
5.870000	0.200	-0.333818
5.873333	0.200	-0.335748
5.876667	0.200	-0.335442
5.880000	0.200	-0.332949
5.883333	0.200	-0.329038
5.886667	0.200	-0.325172
5.890000	0.200	-0.322933
5.893333	0.200	-0.322898
5.896667	0.200	-0.324214
5.900000	0.200	-0.325496
5.903333	0.200	-0.325952
5.906667	0.200	-0.325560
5.910000	0.200	-0.324656
5.913333	0.200	-0.323600
5.916667	0.200	-0.322435
5.920000	0.200	-0.320868
5.923333	0.200	-0.318852
5.926667	0.200	-0.316879
5.930000	0.200	-0.315466
5.933333	0.200	-0.314812
5.936667	0.200	-0.315111
5.940000	0.200	-0.316485
5.943333	0.200	-0.318454
5.946667	0.200	-0.319988
5.950000	0.200	-0.320170
5.953333	0.200	-0.318611
5.956667	0.200	-0.315419
5.960000	0.200	-0.311138
5.963333	0.200	-0.306735
5.966667	0.200	-0.303335
5.970000	0.200	-0.301549
5.973333	0.200	-0.301188
5.976667	0.200	-0.301818
5.980000	0.200	-0.303017
5.983333	0.200	-0.304011
5.986667	0.200	-0.303642
5.990000	0.200	-0.300948
5.993333	0.200	-0.295739
5.996667	0.200	-0.288346
6.000000	0.200	-0.279240
6.003333	0.200	-0.269303
6.006667	0.200	-0.259658
6.010000	0.200	-0.250943
6.013333	0.200	-0.243509
6.016667	0.200	-0.238189
6.020000	0.200	-0.235840
6.023333	0.200	-0.236547
6.026667	0.200	-0.239890
6.030000	0.200	-0.245335
6.033333	0.200	-0.252144
6.036667	0.200	-0.259327
6.040000	0.200	-0.265818
6.043333	0.200	-0.270821
6.046667	0.200	-0.273985
6.050000	0.200	-0.275424
6.053333	0.200	-0.275640
6.056667	0.200	-0.275177
6.060000	0.200	-0.274370
6.063333	0.200	-0.273184
6.066667	0.200	-0.271163
6.070000	0.200	-0.268055
6.073333	0.200	-0.264307
6.076667	0.200	-0.260723
6.080000	0.200	-0.258016
6.083333	0.200	-0.256355
6.086667	0.200	-0.255004
6.090000	0.200	-0.252791
6.093333	0.200	-0.248918
6.096667	0.200	-0.242915
6.100000	0.200	-0.233818
6.103333	0.200	-0.219870
6.106667	0.200	-0.199116
6.110000	0.200	-0.170059
6.113333	0.200	-0.132132
6.116667	0.200	-0.086126
6.120000	0.200	-0.034439
6.123333	0.200	0.018996
6.126667	0.200	0.069364
6.130000	0.200	0.111899
6.133333	0.200	0.142377
6.136667	0.200	0.157337
6.140000	0.200	0.154874
6.143333	0.200	0.135492
6.146667	0.200	0.101928
6.150000	0.200	0.058374
6.153333	0.200	0.009874
6.156667	0.200	-0.038533
6.160000	0.200	-0.082853
6.163333	0.200	-0.120564
6.166667	0.200	-0.150737
6.170000	0.200	-0.173888
6.173333	0.200	-0.191163
6.176667	0.200	-0.203843
6.180000	0.200	-0.213400
6.183333	0.200	-0.221107
6.186667	0.200	-0.227482
6.190000	0.200	-0.232522
6.193333	0.200	-0.236263
6.196667	0.200	-0.238981
6.200000	0.200	-0.241019
6.203333	0.200	-0.242422
6.206667	0.200	-0.242927
6.210000	0.200	-0.242491
6.213333	0.200	-0.241666
6.216667	0.200	-0.241487
6.220000	0.200	-0.242817
6.223333	0.200	-0.245452
6.226667	0.200	-0.248288
6.230000	0.200	-0.250399
6.233333	0.200	-0.251382
6.236667	0.200	-0.250914
6.240000	0.200	-0.248616
6.243333	0.200	-0.244467
6.246667	0.200	-0.239246
6.250000	0.200	-0.234442
6.253333	0.200	-0.231445
6.256667	0.200	-0.230688
6.260000	0.200	-0.231700
6.263333	0.200	-0.233586
6.266667	0.200	-0.235268
6.270000	0.200	-0.235895
6.273333	0.200	-0.235396
6.276667	0.200	-0.234338
6.280000	0.200	-0.233006
6.283333	0.200	-0.230923
6.286667	0.200	-0.227579
6.290000	0.200	-0.223247
6.293333	0.200	-0.218668
6.296667	0.200	-0.214574
6.300000	0.200	-0.211680
6.303333	0.200	-0.210536
6.306667	0.200	-0.211287
6.310000	0.200	-0.213525
6.313333	0.200	-0.216379
6.316667	0.200	-0.219052
6.320000	0.200	-0.221178
6.323333	0.200	-0.222689
6.326667	0.200	-0.223683
6.330000	0.200	-0.224280
6.333333	0.200	-0.224580
6.336667	0.200	-0.224940
6.340000	0.200	-0.225948
6.343333	0.200	-0.227924
6.346667	0.200	-0.230606
6.350000	0.200	-0.233315
6.353333	0.200	-0.235389
6.356667	0.200	-0.236588
6.360000	0.200	-0.237409
6.363333	0.200	-0.238663
6.366667	0.200	-0.240231
6.370000	0.200	-0.241095
6.373333	0.200	-0.240768
6.376667	0.200	-0.239732
6.380000	0.200	-0.238861
6.383333	0.200	-0.238897
6.386667	0.200	-0.240011
6.390000	0.200	-0.241706
6.393333	0.200	-0.243114
6.396667	0.200	-0.243444
6.400000	0.200	-0.242356
6.403333	0.200	-0.240025
6.406667	0.200	-0.237071
6.410000	0.200	-0.234341
6.413333	0.200	-0.232084
6.416667	0.200	-0.229617
6.420000	0.200	-0.226465
6.423333	0.200	-0.223211
6.426667	0.200	-0.220749
6.430000	0.200	-0.219448
6.433333	0.200	-0.219265
6.436667	0.200	-0.220049
6.440000	0.200	-0.221556
6.443333	0.200	-0.223598
6.446667	0.200	-0.226095
6.450000	0.200	-0.228585
6.453333	0.200	-0.230140
6.456667	0.200	-0.230167
6.460000	0.200	-0.228962
6.463333	0.200	-0.227274
6.466667	0.200	-0.225617
6.470000	0.200	-0.224260
6.473333	0.200	-0.223451
6.476667	0.200	-0.223307
6.480000	0.200	-0.223831
6.483333	0.200	-0.225077
6.486667	0.200	-0.226855
6.490000	0.200	-0.228450
6.493333	0.200	-0.229031
6.496667	0.200	-0.228369
6.500000	0.200	-0.227094
6.503333	0.200	-0.226178
6.506667	0.200	-0.226236
6.510000	0.200	-0.227290
6.513333	0.200	-0.228757
6.516667	0.200	-0.229723
6.520000	0.200	-0.229494
6.523333	0.200	-0.227905
6.526667	0.200	-0.225313
6.530000	0.200	-0.222399
6.533333	0.200	-0.219838
6.536667	0.200	-0.218073
6.540000	0.200	-0.217235
6.543333	0.200	-0.217015
6.546667	0.200	-0.216775
6.550000	0.200	-0.216013
6.553333	0.200	-0.214715
6.556667	0.200	-0.213198
6.560000	0.200	-0.211663
6.563333	0.200	-0.210069
6.566667	0.200	-0.208223
6.570000	0.200	-0.205922
6.573333	0.200	-0.203381
6.576667	0.200	-0.201464
6.580000	0.200	-0.201097
6.583333	0.200	-0.202425
6.586667	0.200	-0.204705
6.590000	0.200	-0.206962
6.593333	0.200	-0.208757
6.596667	0.200	-0.210243
6.600000	0.200	-0.211541
6.603333	0.200	-0.212482
6.606667	0.200	-0.212948
6.610000	0.200	-0.213028
6.613333	0.200	-0.212894
6.616667	0.200	-0.212707
6.620000	0.200	-0.212244
6.623333	0.200	-0.210680
6.626667	0.200	-0.207352
6.630000	0.200	-0.202237
6.633333	0.200	-0.195444
6.636667	0.200	-0.187302
6.640000	0.200	-0.178732
6.643333	0.200	-0.170499
6.646667	0.200	-0.162454
6.650000	0.200	-0.154079
6.653333	0.200	-0.145511
6.656667	0.200	-0.137678
6.660000	0.200	-0.131736
6.663333	0.200	-0.128624
6.666667	0.200	-0.128675
6.670000	0.200	-0.131404
6.673333	0.200	-0.135993
6.676667	0.200	-0.141958
6.680000	0.200	-0.149259
6.683333	0.200	-0.157831
6.686667	0.200	-0.167056
6.690000	0.200	-0.175782
6.693333	0.200	-0.182878
6.696667	0.200	-0.187912
6.700000	0.200	-0.191273
6.703333	0.200	-0.193657
6.706667	0.200	-0.195681
6.710000	0.200	-0.197626
6.713333	0.200	-0.199301
6.716667	0.200	-0.200286
6.720000	0.200	-0.200358
6.723333	0.200	-0.199868
6.726667	0.200	-0.199477
6.730000	0.200	-0.199449
6.733333	0.200	-0.199533
6.736667	0.200	-0.199364
6.740000	0.200	-0.198887
6.743333	0.200	-0.198431
6.746667	0.200	-0.198158
6.750000	0.200	-0.197743
6.753333	0.200	-0.196815
6.756667	0.200	-0.195377
6.760000	0.200	-0.193686
6.763333	0.200	-0.191975
6.766667	0.200	-0.190263
6.770000	0.200	-0.188394
6.773333	0.200	-0.186397
6.776667	0.200	-0.184675
6.780000	0.200	-0.183690
6.783333	0.200	-0.183694
6.786667	0.200	-0.184747
6.790000	0.200	-0.186579
6.793333	0.200	-0.188423
6.796667	0.200	-0.189336
6.800000	0.200	-0.188694
6.803333	0.200	-0.186463
6.806667	0.200	-0.183174
6.810000	0.200	-0.179574
6.813333	0.200	-0.176084
6.816667	0.200	-0.172215
6.820000	0.200	-0.166520
6.823333	0.200	-0.157536
6.826667	0.200	-0.144731
6.830000	0.200	-0.128453
6.833333	0.200	-0.109457
6.836667	0.200	-0.088852
6.840000	0.200	-0.068100
6.843333	0.200	-0.048604
6.846667	0.200	-0.031484
6.850000	0.200	-0.017890
6.853333	0.200	-0.009111
6.856667	0.200	-0.005736
6.860000	0.200	-0.006705
6.863333	0.200	-0.009677
6.866667	0.200	-0.011695
6.870000	0.200	-0.007832
6.873333	0.200	0.011973
6.876667	0.200	0.067486
6.880000	0.200	0.196522
6.883333	0.200	0.469295
6.886667	0.200	1.009918
6.890000	0.200	2.026667
6.893333	0.200	3.852922
6.896667	0.200	6.999995
6.900000	0.200	12.219428
6.903333	0.200	20.565284
6.906667	0.200	33.441039
6.910000	0.200	52.612673
6.913333	0.200	80.167878
6.916667	0.200	118.401164
6.920000	0.200	169.609976
6.923333	0.200	235.801777
6.926667	0.200	318.333652
6.930000	0.200	417.527722
6.933333	0.200	532.320631
6.936667	0.200	660.014479
6.940000	0.200	796.212618
6.943333	0.200	935.024047
6.946667	0.200	1,069.553806
6.950000	0.200	1,192.595161
6.953333	0.200	1,297.378812
6.956667	0.200	1,378.231504
6.960000	0.200	1,431.040245
6.963333	0.200	1,453.496068
6.966667	0.200	1,445.160423
6.970000	0.200	1,407.403650
6.973333	0.200	1,343.234280
6.976667	0.200	1,257.028809
6.980000	0.200	1,154.162560
6.983333	0.200	1,040.540901
6.986667	0.200	922.072810
6.990000	0.200	804.166269
6.993333	0.200	691.323605
6.996667	0.200	586.894175
7.000000	0.200	493.004820
7.003333	0.200	410.647633
7.006667	0.200	339.878420
7.010000	0.200	280.069311
7.013333	0.200	230.164223
7.016667	0.200	188.900520
7.020000	0.200	154.977765
7.023333	0.200	127.171213
7.026667	0.200	104.396263
7.030000	0.200	85.732729
7.033333	0.200	70.421638
7.036667	0.200	57.847835
7.040000	0.200	47.516759
7.043333	0.200	39.030296
7.046667	0.200	32.065957
7.050000	0.200	26.361014
7.053333	0.200	21.699528
7.056667	0.200	17.901449
7.060000	0.200	14.815271
7.063333	0.200	12.313606
7.066667	0.200	10.289437
7.070000	0.200	8.652702
7.073333	0.200	7.328128
7.076667	0.200	6.254061
7.080000	0.200	5.381155
7.083333	0.200	4.670271
7.086667	0.200	4.089990
7.090000	0.200	3.614600
7.093333	0.200	3.223191
7.096667	0.200	2.899438
7.100000	0.200	2.630774
7.103333	0.200	2.406947
7.106667	0.200	2.219468
7.110000	0.200	2.061800
7.113333	0.200	1.928707
7.116667	0.200	1.815336
7.120000	0.200	1.717192
7.123333	0.200	1.630496
7.126667	0.200	1.552550
7.130000	0.200	1.481823
7.133333	0.200	1.417341
7.136667	0.200	1.358148
7.140000	0.200	1.303326
7.143333	0.200	1.252067
7.146667	0.200	1.203509
7.150000	0.200	1.156840
7.153333	0.200	1.111668
7.156667	0.200	1.067950
7.160000	0.200	1.025430
7.163333	0.200	0.983482
7.166667	0.200	0.941614
7.170000	0.200	0.899613
7.173333	0.200	0.857200
7.176667	0.200	0.814333
7.180000	0.200	0.771555
7.183333	0.200	0.729542
7.186667	0.200	0.688713
7.190000	0.200	0.649328
7.193333	0.200	0.611803
7.196667	0.200	0.576685
7.200000	0.200	0.543967
7.203333	0.200	0.512929
7.206667	0.200	0.482896
7.210000	0.200	0.453574
7.213333	0.200	0.424910
7.216667	0.200	0.397281
7.220000	0.200	0.371633
7.223333	0.200	0.348818
7.226667	0.200	0.328703
7.230000	0.200	0.310104
7.233333	0.200	0.291709
7.236667	0.200	0.273088
7.240000	0.200	0.254641
7.243333	0.200	0.236641
7.246667	0.200	0.218784
7.250000	0.200	0.200662
7.253333	0.200	0.182411
7.256667	0.200	0.164985
7.260000	0.200	0.149705
7.263333	0.200	0.137127
7.266667	0.200	0.126610
7.270000	0.200	0.117105
7.273333	0.200	0.107889
7.276667	0.200	0.098683
7.280000	0.200	0.089439
7.283333	0.200	0.080158
7.286667	0.200	0.071020
7.290000	0.200	0.062374
7.293333	0.200	0.054538
7.296667	0.200	0.047649
7.300000	0.200	0.041426
7.303333	0.200	0.035201
7.306667	0.200	0.028359
7.310000	0.200	0.020613
7.313333	0.200	0.012190
7.316667	0.200	0.003941
7.320000	0.200	-0.003080
7.323333	0.200	-0.008123
7.326667	0.200	-0.011022
7.330000	0.200	-0.012614
7.333333	0.200	-0.014537
7.336667	0.200	-0.018104
7.340000	0.200	-0.023509
7.343333	0.200	-0.029973
7.346667	0.200	-0.036361
7.350000	0.200	-0.041909
7.353333	0.200	-0.046646
7.356667	0.200	-0.051166
7.360000	0.200	-0.056120
7.363333	0.200	-0.061669
7.366667	0.200	-0.067082
7.370000	0.200	-0.071135
7.373333	0.200	-0.073160
7.376667	0.200	-0.073558
7.380000	0.200	-0.073268
7.383333	0.200	-0.072817
7.386667	0.200	-0.072011
7.390000	0.200	-0.070448
7.393333	0.200	-0.067796
7.396667	0.200	-0.063531
7.400000	0.200	-0.056992
7.403333	0.200	-0.047701
7.406667	0.200	-0.035543
7.410000	0.200	-0.020814
7.413333	0.200	-0.004071
7.416667	0.200	0.013956
7.420000	0.200	0.032451
7.423333	0.200	0.050851
7.426667	0.200	0.068833
7.430000	0.200	0.085688
7.433333	0.200	0.099959
7.436667	0.200	0.109980
7.440000	0.200	0.114717
7.443333	0.200	0.114090
7.446667	0.200	0.108746
7.450000	0.200	0.099954
7.453333	0.200	0.089421
7.456667	0.200	0.078282
7.460000	0.200	0.066521
7.463333	0.200	0.053790
7.466667	0.200	0.040045
7.470000	0.200	0.025364
7.473333	0.200	0.010296
7.476667	0.200	-0.003583
7.480000	0.200	-0.014346
7.483333	0.200	-0.021163
7.486667	0.200	-0.024881
7.490000	0.200	-0.026929
7.493333	0.200	-0.028061
7.496667	0.200	-0.028687
7.500000	0.200	-0.029511
7.503333	0.200	-0.031001
7.506667	0.200	-0.032882
7.510000	0.200	-0.034369
7.513333	0.200	-0.034770
7.516667	0.200	-0.034026
7.520000	0.200	-0.032618
7.523333	0.200	-0.030960
7.526667	0.200	-0.028797
7.530000	0.200	-0.025201
7.533333	0.200	-0.019470
7.536667	0.200	-0.012067
7.540000	0.200	-0.004485
7.543333	0.200	0.001699
7.546667	0.200	0.005385
7.550000	0.200	0.005898
7.553333	0.200	0.003150
7.556667	0.200	-0.002137
7.560000	0.200	-0.009073
7.563333	0.200	-0.017524
7.566667	0.200	-0.027863
7.570000	0.200	-0.039958
7.573333	0.200	-0.052858
7.576667	0.200	-0.065267
7.580000	0.200	-0.076017
7.583333	0.200	-0.084247
7.586667	0.200	-0.089490
7.590000	0.200	-0.091967
7.593333	0.200	-0.092919
7.596667	0.200	-0.094174
7.600000	0.200	-0.096827
7.603333	0.200	-0.100555
7.606667	0.200	-0.104490
7.610000	0.200	-0.108276
7.613333	0.200	-0.112125
7.616667	0.200	-0.116300
7.620000	0.200	-0.120710
7.623333	0.200	-0.124685
7.626667	0.200	-0.127369
7.630000	0.200	-0.128620
7.633333	0.200	-0.128856
7.636667	0.200	-0.128367
7.640000	0.200	-0.127564
7.643333	0.200	-0.127007
7.646667	0.200	-0.126659
7.650000	0.200	-0.125863
7.653333	0.200	-0.124316
7.656667	0.200	-0.122560
7.660000	0.200	-0.121339
7.663333	0.200	-0.121089
7.666667	0.200	-0.122153
7.670000	0.200	-0.124864
7.673333	0.200	-0.129399
7.676667	0.200	-0.135716
7.680000	0.200	-0.143326
7.683333	0.200	-0.151077
7.686667	0.200	-0.157264
7.690000	0.200	-0.160455
7.693333	0.200	-0.160689
7.696667	0.200	-0.159307
7.700000	0.200	-0.157464
7.703333	0.200	-0.155510
7.706667	0.200	-0.153389
7.710000	0.200	-0.150754
7.713333	0.200	-0.147053
7.716667	0.200	-0.141942
7.720000	0.200	-0.135343
7.723333	0.200	-0.127563
7.726667	0.200	-0.119687
7.730000	0.200	-0.113260
7.733333	0.200	-0.109326
7.736667	0.200	-0.107301
7.740000	0.200	-0.104599
7.743333	0.200	-0.098148
7.746667	0.200	-0.086316
7.750000	0.200	-0.069112
7.753333	0.200	-0.047248
7.756667	0.200	-0.021544
7.760000	0.200	0.007011
7.763333	0.200	0.037050
7.766667	0.200	0.066590
7.770000	0.200	0.092986
7.773333	0.200	0.113498
7.776667	0.200	0.126213
7.780000	0.200	0.130493
7.783333	0.200	0.126539
7.786667	0.200	0.114659
7.790000	0.200	0.095457
7.793333	0.200	0.070588
7.796667	0.200	0.042456
7.800000	0.200	0.013175
7.803333	0.200	-0.015645
7.806667	0.200	-0.042371
7.810000	0.200	-0.065501
7.813333	0.200	-0.084313
7.816667	0.200	-0.098592
7.820000	0.200	-0.107813
7.823333	0.200	-0.111053
7.826667	0.200	-0.106998
7.830000	0.200	-0.093467
7.833333	0.200	-0.067669
7.836667	0.200	-0.027237
7.840000	0.200	0.029486
7.843333	0.200	0.103833
7.846667	0.200	0.196053
7.850000	0.200	0.303178
7.853333	0.200	0.417870
7.856667	0.200	0.529572
7.860000	0.200	0.626854
7.863333	0.200	0.699604
7.866667	0.200	0.740629
7.870000	0.200	0.746894
7.873333	0.200	0.720156
7.876667	0.200	0.666269
7.880000	0.200	0.593554
7.883333	0.200	0.510902
7.886667	0.200	0.426117
7.890000	0.200	0.345269
7.893333	0.200	0.272584
7.896667	0.200	0.210039
7.900000	0.200	0.157290
7.903333	0.200	0.112592
7.906667	0.200	0.074251
7.910000	0.200	0.041466
7.913333	0.200	0.013717
7.916667	0.200	-0.010278
7.920000	0.200	-0.032310
7.923333	0.200	-0.053513
7.926667	0.200	-0.073820
7.930000	0.200	-0.092252
7.933333	0.200	-0.107579
7.936667	0.200	-0.119078
7.940000	0.200	-0.126914
7.943333	0.200	-0.132009
7.946667	0.200	-0.135440
7.950000	0.200	-0.137619
7.953333	0.200	-0.138169
7.956667	0.200	-0.136448
7.960000	0.200	-0.131861
7.963333	0.200	-0.124193
7.966667	0.200	-0.114375
7.970000	0.200	-0.104424
7.973333	0.200	-0.096170
7.976667	0.200	-0.090715
7.980000	0.200	-0.089162
7.983333	0.200	-0.092682
7.986667	0.200	-0.101483
7.990000	0.200	-0.114500
7.993333	0.200	-0.130232
7.996667	0.200	-0.147396
8.000000	0.200	-0.164756
8.003333	0.200	-0.180820
8.006667	0.200	-0.194205
8.010000	0.200	-0.204213
8.013333	0.200	-0.210797
8.016667	0.200	-0.214359
8.020000	0.200	-0.215908
8.023333	0.200	-0.216819
8.026667	0.200	-0.218045
8.030000	0.200	-0.219880
8.033333	0.200	-0.222175
8.036667	0.200	-0.224406
8.040000	0.200	-0.225980
8.043333	0.200	-0.226675
8.046667	0.200	-0.226547
8.050000	0.200	-0.225453
8.053333	0.200	-0.222775
8.056667	0.200	-0.217254
8.060000	0.200	-0.206547
8.063333	0.200	-0.186648
8.066667	0.200	-0.151792
8.070000	0.200	-0.095090
8.073333	0.200	-0.009700
8.076667	0.200	0.109609
8.080000	0.200	0.264116
8.083333	0.200	0.448677
8.086667	0.200	0.650685
8.090000	0.200	0.851078
8.093333	0.200	1.027101
8.096667	0.200	1.156644
8.100000	0.200	1.223245
8.103333	0.200	1.219923
8.106667	0.200	1.150252
8.110000	0.200	1.026631
8.113333	0.200	0.867113
8.116667	0.200	0.692043
8.120000	0.200	0.520542
8.123333	0.200	0.366826
8.126667	0.200	0.238117
8.130000	0.200	0.135671
8.133333	0.200	0.057596
8.136667	0.200	0.001034
8.140000	0.200	-0.036903
8.143333	0.200	-0.058835
8.146667	0.200	-0.067056
8.150000	0.200	-0.063616
8.153333	0.200	-0.050564
8.156667	0.200	-0.030498
8.160000	0.200	-0.006682
8.163333	0.200	0.018120
8.166667	0.200	0.043234
8.170000	0.200	0.070958
8.173333	0.200	0.106684
8.176667	0.200	0.158127
8.180000	0.200	0.233227
8.183333	0.200	0.336883
8.186667	0.200	0.467909
8.190000	0.200	0.617501
8.193333	0.200	0.769584
8.196667	0.200	0.903707
8.200000	0.200	1.000181
8.203333	0.200	1.044687
8.206667	0.200	1.030683
8.210000	0.200	0.960454
8.213333	0.200	0.844800
8.216667	0.200	0.700388
8.220000	0.200	0.545595
8.223333	0.200	0.396850
8.226667	0.200	0.266594
8.230000	0.200	0.162642
8.233333	0.200	0.088166
8.236667	0.200	0.042258
8.240000	0.200	0.021307
8.243333	0.200	0.020065
8.246667	0.200	0.031994
8.250000	0.200	0.049696
8.253333	0.200	0.065581
8.256667	0.200	0.073078
8.260000	0.200	0.068228
8.263333	0.200	0.050434
8.266667	0.200	0.021952
8.270000	0.200	-0.013136
8.273333	0.200	-0.049867
8.276667	0.200	-0.083851
8.280000	0.200	-0.112776
8.283333	0.200	-0.136245
8.286667	0.200	-0.154846
8.290000	0.200	-0.169910
8.293333	0.200	-0.183099
8.296667	0.200	-0.195614
8.300000	0.200	-0.207741
8.303333	0.200	-0.218660
8.306667	0.200	-0.226643
8.310000	0.200	-0.229700
8.313333	0.200	-0.226010
8.316667	0.200	-0.214244
8.320000	0.200	-0.194155
8.323333	0.200	-0.167063
8.326667	0.200	-0.135513
8.330000	0.200	-0.102557
8.333333	0.200	-0.071598
8.336667	0.200	-0.046276
8.340000	0.200	-0.029848
8.343333	0.200	-0.024720
8.346667	0.200	-0.031977
8.350000	0.200	-0.050532
8.353333	0.200	-0.076904
8.356667	0.200	-0.106388
8.360000	0.200	-0.134613
8.363333	0.200	-0.158558
8.366667	0.200	-0.177172
8.370000	0.200	-0.191395
8.373333	0.200	-0.202807
8.376667	0.200	-0.211856
8.380000	0.200	-0.217728
8.383333	0.200	-0.219673
8.386667	0.200	-0.217739
8.390000	0.200	-0.212367
8.393333	0.200	-0.203967
8.396667	0.200	-0.192710
8.400000	0.200	-0.178469
8.403333	0.200	-0.161430
8.406667	0.200	-0.142966
8.410000	0.200	-0.125638
8.413333	0.200	-0.112159
8.416667	0.200	-0.104468
8.420000	0.200	-0.103653
8.423333	0.200	-0.109883
8.426667	0.200	-0.122083
8.430000	0.200	-0.138075
8.433333	0.200	-0.155065
8.436667	0.200	-0.170165
8.440000	0.200	-0.181184
8.443333	0.200	-0.187451
8.446667	0.200	-0.189841
8.450000	0.200	-0.189795
8.453333	0.200	-0.188524
8.456667	0.200	-0.187075
8.460000	0.200	-0.186532
8.463333	0.200	-0.187840
8.466667	0.200	-0.191313
8.470000	0.200	-0.196325
8.473333	0.200	-0.201624
8.476667	0.200	-0.205864
8.480000	0.200	-0.207818
8.483333	0.200	-0.206378
8.486667	0.200	-0.200762
8.490000	0.200	-0.191120
8.493333	0.200	-0.178912
8.496667	0.200	-0.166348
8.500000	0.200	-0.155575
8.503333	0.200	-0.148374
8.506667	0.200	-0.145655
8.510000	0.200	-0.146788
8.513333	0.200	-0.150107
8.516667	0.200	-0.154262
8.520000	0.200	-0.158616
8.523333	0.200	-0.162679
8.526667	0.200	-0.166150
8.530000	0.200	-0.169503
8.533333	0.200	-0.173884
8.536667	0.200	-0.180168
8.540000	0.200	-0.188342
8.543333	0.200	-0.197719
8.546667	0.200	-0.207464
8.550000	0.200	-0.217043
8.553333	0.200	-0.226209
8.556667	0.200	-0.234568
8.560000	0.200	-0.241505
8.563333	0.200	-0.246919
8.566667	0.200	-0.251780
8.570000	0.200	-0.257151
8.573333	0.200	-0.262841
8.576667	0.200	-0.267709
8.580000	0.200	-0.270915
8.583333	0.200	-0.272325
8.586667	0.200	-0.272050
8.590000	0.200	-0.270151
8.593333	0.200	-0.266518
8.596667	0.200	-0.260901
8.600000	0.200	-0.253421
8.603333	0.200	-0.245138
8.606667	0.200	-0.237858
8.610000	0.200	-0.233145
8.613333	0.200	-0.231441
8.616667	0.200	-0.231928
8.620000	0.200	-0.233251
8.623333	0.200	-0.234544
8.626667	0.200	-0.235613
8.630000	0.200	-0.236285
8.633333	0.200	-0.235934
8.636667	0.200	-0.233597
8.640000	0.200	-0.228718
8.643333	0.200	-0.221639
8.646667	0.200	-0.213094
8.650000	0.200	-0.203889
8.653333	0.200	-0.195186
8.656667	0.200	-0.188037
8.660000	0.200	-0.182614
8.663333	0.200	-0.178315
8.666667	0.200	-0.174180
8.670000	0.200	-0.169145
8.673333	0.200	-0.162625
8.676667	0.200	-0.154878
8.680000	0.200	-0.146590
8.683333	0.200	-0.138690
8.686667	0.200	-0.132690
8.690000	0.200	-0.130512
8.693333	0.200	-0.133497
8.696667	0.200	-0.141665
8.700000	0.200	-0.154087
8.703333	0.200	-0.169643
8.706667	0.200	-0.187315
8.710000	0.200	-0.205880
8.713333	0.200	-0.223699
8.716667	0.200	-0.239441
8.720000	0.200	-0.252751
8.723333	0.200	-0.263760
8.726667	0.200	-0.272489
8.730000	0.200	-0.278672
8.733333	0.200	-0.281906
8.736667	0.200	-0.282201
8.740000	0.200	-0.280272
8.743333	0.200	-0.277261
8.746667	0.200	-0.274346
8.750000	0.200	-0.272262
8.753333	0.200	-0.270942
8.756667	0.200	-0.270069
8.760000	0.200	-0.269902
8.763333	0.200	-0.270991
8.766667	0.200	-0.273497
8.770000	0.200	-0.277377
8.773333	0.200	-0.282569
8.776667	0.200	-0.288533
8.780000	0.200	-0.294475
8.783333	0.200	-0.300124
8.786667	0.200	-0.305429
8.790000	0.200	-0.310034
8.793333	0.200	-0.313898
8.796667	0.200	-0.317593
8.800000	0.200	-0.321324
8.803333	0.200	-0.324699
8.806667	0.200	-0.327660
8.810000	0.200	-0.330592
8.813333	0.200	-0.333658
8.816667	0.200	-0.336522
8.820000	0.200	-0.338532
8.823333	0.200	-0.339255
8.826667	0.200	-0.338959
8.830000	0.200	-0.338423
8.833333	0.200	-0.338348
8.836667	0.200	-0.338929
8.840000	0.200	-0.339761
8.843333	0.200	-0.340209
8.846667	0.200	-0.340158
8.850000	0.200	-0.340279
8.853333	0.200	-0.341231
8.856667	0.200	-0.342427
8.860000	0.200	-0.341488
8.863333	0.200	-0.334455
8.866667	0.200	-0.315682
8.870000	0.200	-0.276911
8.873333	0.200	-0.206435
8.876667	0.200	-0.089765
8.880000	0.200	0.087613
8.883333	0.200	0.335745
8.886667	0.200	0.654830
8.890000	0.200	1.030761
8.893333	0.200	1.433657
8.896667	0.200	1.820713
8.900000	0.200	2.143601
8.903333	0.200	2.359027
8.906667	0.200	2.438800
8.910000	0.200	2.375473
8.913333	0.200	2.182797
8.916667	0.200	1.892092
8.920000	0.200	1.544959
8.923333	0.200	1.183731
8.926667	0.200	0.843085
8.930000	0.200	0.545492
8.933333	0.200	0.300871
8.936667	0.200	0.109530
8.940000	0.200	-0.033513
8.943333	0.200	-0.135438
8.946667	0.200	-0.204728
8.950000	0.200	-0.250526
8.953333	0.200	-0.280854
8.956667	0.200	-0.301408
8.960000	0.200	-0.315863
8.963333	0.200	-0.326471
8.966667	0.200	-0.334865
8.970000	0.200	-0.342852
8.973333	0.200	-0.351848
8.976667	0.200	-0.361866
8.980000	0.200	-0.372006
8.983333	0.200	-0.381630
8.986667	0.200	-0.390509
8.990000	0.200	-0.397889
8.993333	0.200	-0.401447
8.996667	0.200	-0.396992
9.000000	0.200	-0.378640
9.003333	0.200	-0.339030
9.006667	0.200	-0.269646
9.010000	0.200	-0.162054
9.013333	0.200	-0.011014
9.016667	0.200	0.181795
9.020000	0.200	0.405807
9.023333	0.200	0.641928
9.026667	0.200	0.864960
9.030000	0.200	1.047712
9.033333	0.200	1.166072
9.036667	0.200	1.204338
9.040000	0.200	1.158987
9.043333	0.200	1.039269
9.046667	0.200	0.864588
9.050000	0.200	0.659569
9.053333	0.200	0.448559
9.056667	0.200	0.251314
9.060000	0.200	0.080643
9.063333	0.200	-0.057729
9.066667	0.200	-0.163800
9.070000	0.200	-0.241753
9.073333	0.200	-0.298207
9.076667	0.200	-0.339771
9.080000	0.200	-0.371194
9.083333	0.200	-0.395426
9.086667	0.200	-0.414368
9.090000	0.200	-0.429146
9.093333	0.200	-0.440533
9.096667	0.200	-0.449523
9.100000	0.200	-0.457015
9.103333	0.200	-0.463142
9.106667	0.200	-0.467579
9.110000	0.200	-0.470491
9.113333	0.200	-0.472759
9.116667	0.200	-0.475357
9.120000	0.200	-0.478833
9.123333	0.200	-0.483101
9.126667	0.200	-0.487159
9.130000	0.200	-0.489319
9.133333	0.200	-0.488417
9.136667	0.200	-0.484673
9.140000	0.200	-0.479291
9.143333	0.200	-0.473762
9.146667	0.200	-0.469512
9.150000	0.200	-0.467680
9.153333	0.200	-0.468888
9.156667	0.200	-0.472889
9.160000	0.200	-0.478422
9.163333	0.200	-0.483941
9.166667	0.200	-0.488737
9.170000	0.200	-0.493143
9.173333	0.200	-0.497612
9.176667	0.200	-0.501776
9.180000	0.200	-0.504558
9.183333	0.200	-0.505363
9.186667	0.200	-0.504685
9.190000	0.200	-0.503260
9.193333	0.200	-0.501512
9.196667	0.200	-0.499785
9.200000	0.200	-0.498407
9.203333	0.200	-0.497681
9.206667	0.200	-0.497722
9.210000	0.200	-0.498144
9.213333	0.200	-0.498350
9.216667	0.200	-0.497857
9.220000	0.200	-0.496240
9.223333	0.200	-0.493503
9.226667	0.200	-0.490489
9.230000	0.200	-0.488444
9.233333	0.200	-0.488255
9.236667	0.200	-0.490050
9.240000	0.200	-0.493026
9.243333	0.200	-0.495417
9.246667	0.200	-0.495319
9.250000	0.200	-0.492103
9.253333	0.200	-0.486640
9.256667	0.200	-0.480474
9.260000	0.200	-0.475023
9.263333	0.200	-0.470987
9.266667	0.200	-0.468710
9.270000	0.200	-0.468685
9.273333	0.200	-0.470881
9.276667	0.200	-0.474443
9.280000	0.200	-0.478588
9.283333	0.200	-0.482990
9.286667	0.200	-0.487234
9.290000	0.200	-0.490623
9.293333	0.200	-0.492752
9.296667	0.200	-0.493819
9.300000	0.200	-0.494229
9.303333	0.200	-0.494418
9.306667	0.200	-0.495002
9.310000	0.200	-0.496415
9.313333	0.200	-0.498421
9.316667	0.200	-0.500017
9.320000	0.200	-0.499384
9.323333	0.200	-0.494880
9.326667	0.200	-0.486923
9.330000	0.200	-0.478120
9.333333	0.200	-0.471294
9.336667	0.200	-0.467830
9.340000	0.200	-0.467587
9.343333	0.200	-0.469628
9.346667	0.200	-0.472646
9.350000	0.200	-0.475616
9.353333	0.200	-0.478584
9.356667	0.200	-0.482121
9.360000	0.200	-0.486337
9.363333	0.200	-0.490996
9.366667	0.200	-0.495814
9.370000	0.200	-0.500072
9.373333	0.200	-0.502658
9.376667	0.200	-0.503117
9.380000	0.200	-0.502197
9.383333	0.200	-0.501251
9.386667	0.200	-0.501550
9.390000	0.200	-0.503673
9.393333	0.200	-0.507099
9.396667	0.200	-0.510256
9.400000	0.200	-0.510702
9.403333	0.200	-0.506126
9.406667	0.200	-0.496409
9.410000	0.200	-0.484425
9.413333	0.200	-0.474099
9.416667	0.200	-0.468068
9.420000	0.200	-0.467165
9.423333	0.200	-0.470668
9.426667	0.200	-0.476695
9.430000	0.200	-0.483215
9.433333	0.200	-0.488965
9.436667	0.200	-0.493786
9.440000	0.200	-0.498463
9.443333	0.200	-0.503770
9.446667	0.200	-0.509201
9.450000	0.200	-0.512915
9.453333	0.200	-0.513451
9.456667	0.200	-0.511307
9.460000	0.200	-0.508573
9.463333	0.200	-0.507249
9.466667	0.200	-0.508175
9.470000	0.200	-0.511009
9.473333	0.200	-0.514173
9.476667	0.200	-0.514745
9.480000	0.200	-0.509642
9.483333	0.200	-0.498118
9.486667	0.200	-0.483004
9.490000	0.200	-0.468986
9.493333	0.200	-0.459823
9.496667	0.200	-0.456844
9.500000	0.200	-0.459040
9.503333	0.200	-0.464234
9.506667	0.200	-0.470513
9.510000	0.200	-0.477074
9.513333	0.200	-0.483948
9.516667	0.200	-0.490933
9.520000	0.200	-0.497124
9.523333	0.200	-0.501534
9.526667	0.200	-0.503812
9.530000	0.200	-0.504196
9.533333	0.200	-0.503125
9.536667	0.200	-0.501327
9.540000	0.200	-0.499930
9.543333	0.200	-0.499785
9.546667	0.200	-0.500762
9.550000	0.200	-0.502008
9.553333	0.200	-0.502266
9.556667	0.200	-0.499684
9.560000	0.200	-0.492655
9.563333	0.200	-0.481718
9.566667	0.200	-0.469939
9.570000	0.200	-0.461029
9.573333	0.200	-0.457240
9.576667	0.200	-0.458741
9.580000	0.200	-0.464242
9.583333	0.200	-0.471866
9.586667	0.200	-0.480046
9.590000	0.200	-0.487905
9.593333	0.200	-0.495040
9.596667	0.200	-0.501522
9.600000	0.200	-0.507601
9.603333	0.200	-0.512997
9.606667	0.200	-0.517073
9.610000	0.200	-0.519504
9.613333	0.200	-0.520499
9.616667	0.200	-0.520857
9.620000	0.200	-0.521494
9.623333	0.200	-0.522629
9.626667	0.200	-0.523975
9.630000	0.200	-0.524975
9.633333	0.200	-0.523832
9.636667	0.200	-0.517953
9.640000	0.200	-0.506817
9.643333	0.200	-0.493411
9.646667	0.200	-0.482031
9.650000	0.200	-0.475241
9.653333	0.200	-0.473231
9.656667	0.200	-0.475106
9.660000	0.200	-0.479726
9.663333	0.200	-0.485914
9.666667	0.200	-0.492686
9.670000	0.200	-0.499615
9.673333	0.200	-0.506969
9.676667	0.200	-0.514993
9.680000	0.200	-0.522949
9.683333	0.200	-0.529252
9.686667	0.200	-0.532581
9.690000	0.200	-0.532914
9.693333	0.200	-0.531616
9.696667	0.200	-0.530509
9.700000	0.200	-0.530814
9.703333	0.200	-0.532727
9.706667	0.200	-0.535338
9.710000	0.200	-0.536641
9.713333	0.200	-0.534269
9.716667	0.200	-0.527119
9.720000	0.200	-0.516435
9.723333	0.200	-0.505330
9.726667	0.200	-0.497311
9.730000	0.200	-0.494548
9.733333	0.200	-0.496895
9.736667	0.200	-0.502460
9.740000	0.200	-0.509106
9.743333	0.200	-0.515647
9.746667	0.200	-0.522119
9.750000	0.200	-0.528891
9.753333	0.200	-0.535492
9.756667	0.200	-0.540857
9.760000	0.200	-0.544504
9.763333	0.200	-0.546754
9.766667	0.200	-0.548151
9.770000	0.200	-0.549208
9.773333	0.200	-0.550457
9.776667	0.200	-0.552317
9.780000	0.200	-0.554824
9.783333	0.200	-0.557641
9.786667	0.200	-0.560223
9.790000	0.200	-0.561554
9.793333	0.200	-0.560201
9.796667	0.200	-0.555338
9.800000	0.200	-0.547664
9.803333	0.200	-0.539365
9.806667	0.200	-0.533063
9.810000	0.200	-0.530140
9.813333	0.200	-0.530088
9.816667	0.200	-0.531848
9.820000	0.200	-0.535226
9.823333	0.200	-0.540467
9.826667	0.200	-0.547243
9.830000	0.200	-0.554684
9.833333	0.200	-0.561779
9.836667	0.200	-0.567420
9.840000	0.200	-0.570559
9.843333	0.200	-0.570550
9.846667	0.200	-0.567505
9.850000	0.200	-0.562561
9.853333	0.200	-0.557687
9.856667	0.200	-0.554539
9.860000	0.200	-0.553185
9.863333	0.200	-0.552502
9.866667	0.200	-0.551699
9.870000	0.200	-0.550628
9.873333	0.200	-0.548847
9.876667	0.200	-0.545429
9.880000	0.200	-0.539827
9.883333	0.200	-0.532520
9.886667	0.200	-0.524925
9.890000	0.200	-0.518700
9.893333	0.200	-0.514948
9.896667	0.200	-0.514146
9.900000	0.200	-0.516532
9.903333	0.200	-0.522198
9.906667	0.200	-0.530702
9.910000	0.200	-0.540588
9.913333	0.200	-0.549608
9.916667	0.200	-0.555674
9.920000	0.200	-0.557825
9.923333	0.200	-0.556664
9.926667	0.200	-0.554133
9.930000	0.200	-0.552572
9.933333	0.200	-0.553338
9.936667	0.200	-0.556136
9.940000	0.200	-0.559819
9.943333	0.200	-0.563495
9.946667	0.200	-0.566899
9.950000	0.200	-0.570240
9.953333	0.200	-0.573610
9.956667	0.200	-0.576522
9.960000	0.200	-0.578167
9.963333	0.200	-0.578000
9.966667	0.200	-0.576056
9.970000	0.200	-0.572829
9.973333	0.200	-0.568907
9.976667	0.200	-0.564960
9.980000	0.200	-0.562030
9.983333	0.200	-0.561105
9.986667	0.200	-0.562076
9.990000	0.200	-0.563511
9.993333	0.200	-0.563422
9.996667	0.200	-0.560427
10.000000	0.200	-0.554896
10.003333	0.200	-0.549053
10.006667	0.200	-0.545616
10.010000	0.200	-0.545918
10.013333	0.200	-0.549085
10.016667	0.200	-0.553166
10.020000	0.200	-0.556921
10.023333	0.200	-0.560345
10.026667	0.200	-0.564023
10.030000	0.200	-0.568285
10.033333	0.200	-0.572484
10.036667	0.200	-0.575152
10.040000	0.200	-0.575253
10.043333	0.200	-0.572909
10.046667	0.200	-0.568889
10.050000	0.200	-0.564068
10.053333	0.200	-0.559455
10.056667	0.200	-0.556204
10.060000	0.200	-0.555081
10.063333	0.200	-0.555903
10.066667	0.200	-0.557614
10.070000	0.200	-0.558787
10.073333	0.200	-0.558113
10.076667	0.200	-0.554873
10.080000	0.200	-0.549368
10.083333	0.200	-0.543117
10.086667	0.200	-0.538323
10.090000	0.200	-0.536422
10.093333	0.200	-0.536964
10.096667	0.200	-0.538439
10.100000	0.200	-0.540316
10.103333	0.200	-0.543513
10.106667	0.200	-0.548773
10.110000	0.200	-0.555080
10.113333	0.200	-0.560018
10.116667	0.200	-0.561606
10.120000	0.200	-0.559507
10.123333	0.200	-0.554804
10.126667	0.200	-0.549132
10.130000	0.200	-0.544020
10.133333	0.200	-0.540547
10.136667	0.200	-0.539121
10.140000	0.200	-0.539616
10.143333	0.200	-0.541612
10.146667	0.200	-0.544260
10.150000	0.200	-0.546169
10.153333	0.200	-0.545874
10.156667	0.200	-0.542839
10.160000	0.200	-0.538111
10.163333	0.200	-0.533646
10.166667	0.200	-0.531171
10.170000	0.200	-0.531611
10.173333	0.200	-0.534627
10.176667	0.200	-0.538724
10.180000	0.200	-0.542513
10.183333	0.200	-0.545482
10.186667	0.200	-0.547481
10.190000	0.200	-0.548240
10.193333	0.200	-0.547577
10.196667	0.200	-0.545804
10.200000	0.200	-0.543579
10.203333	0.200	-0.541289
10.206667	0.200	-0.538758
10.210000	0.200	-0.535490
10.213333	0.200	-0.531352
10.216667	0.200	-0.526941
10.220000	0.200	-0.522915
10.223333	0.200	-0.519238
10.226667	0.200	-0.515253
10.230000	0.200	-0.510115
10.233333	0.200	-0.503335
10.236667	0.200	-0.495653
10.240000	0.200	-0.489230
10.243333	0.200	-0.485987
10.246667	0.200	-0.486017
10.250000	0.200	-0.488082
10.253333	0.200	-0.490806
10.256667	0.200	-0.493553
10.260000	0.200	-0.496810
10.263333	0.200	-0.501235
10.266667	0.200	-0.506614
10.270000	0.200	-0.512108
10.273333	0.200	-0.516949
10.276667	0.200	-0.520744
10.280000	0.200	-0.523241
10.283333	0.200	-0.524138
10.286667	0.200	-0.523506
10.290000	0.200	-0.521964
10.293333	0.200	-0.520292
10.296667	0.200	-0.519417
10.300000	0.200	-0.520227
10.303333	0.200	-0.522519
10.306667	0.200	-0.524643
10.310000	0.200	-0.524877
10.313333	0.200	-0.522911
10.316667	0.200	-0.519972
10.320000	0.200	-0.517990
10.323333	0.200	-0.518489
10.326667	0.200	-0.521606
10.330000	0.200	-0.525974
10.333333	0.200	-0.529975
10.336667	0.200	-0.533347
10.340000	0.200	-0.537012
10.343333	0.200	-0.541322
10.346667	0.200	-0.545407
10.350000	0.200	-0.548093
10.353333	0.200	-0.548685
10.356667	0.200	-0.547196
10.360000	0.200	-0.544271
10.363333	0.200	-0.540972
10.366667	0.200	-0.538522
10.370000	0.200	-0.538031
10.373333	0.200	-0.540209
10.376667	0.200	-0.544927
10.380000	0.200	-0.550880
10.383333	0.200	-0.556036
10.386667	0.200	-0.558774
10.390000	0.200	-0.558808
10.393333	0.200	-0.557171
10.396667	0.200	-0.555743
10.400000	0.200	-0.556548
10.403333	0.200	-0.560369
10.406667	0.200	-0.566033
10.410000	0.200	-0.571639
10.413333	0.200	-0.576023
10.416667	0.200	-0.579045
10.420000	0.200	-0.581167
10.423333	0.200	-0.582686
10.426667	0.200	-0.583421
10.430000	0.200	-0.583247
10.433333	0.200	-0.582388
10.436667	0.200	-0.580957
10.440000	0.200	-0.578769
10.443333	0.200	-0.575858
10.446667	0.200	-0.573096
10.450000	0.200	-0.572148
10.453333	0.200	-0.574199
10.456667	0.200	-0.578558
10.460000	0.200	-0.583032
10.463333	0.200	-0.585532
10.466667	0.200	-0.585119
10.470000	0.200	-0.582098
10.473333	0.200	-0.577861
10.476667	0.200	-0.574694
10.480000	0.200	-0.574636
10.483333	0.200	-0.577907
10.486667	0.200	-0.582975
10.490000	0.200	-0.587890
10.493333	0.200	-0.591120
10.496667	0.200	-0.591996
10.500000	0.200	-0.591018
10.503333	0.200	-0.589291
10.506667	0.200	-0.587632
10.510000	0.200	-0.586510
10.513333	0.200	-0.586300
10.516667	0.200	-0.586902
10.520000	0.200	-0.587513
10.523333	0.200	-0.587338
10.526667	0.200	-0.586225
10.530000	0.200	-0.584530
10.533333	0.200	-0.582831
10.536667	0.200	-0.581582
10.540000	0.200	-0.580507
10.543333	0.200	-0.578651
10.546667	0.200	-0.575463
10.550000	0.200	-0.571527
10.553333	0.200	-0.568119
10.556667	0.200	-0.566500
10.560000	0.200	-0.567452
10.563333	0.200	-0.570702
10.566667	0.200	-0.574905
10.570000	0.200	-0.578644
10.573333	0.200	-0.580919
10.576667	0.200	-0.580899
10.580000	0.200	-0.578334
10.583333	0.200	-0.573892
10.586667	0.200	-0.568412
10.590000	0.200	-0.562342
10.593333	0.200	-0.556090
10.596667	0.200	-0.550168
10.600000	0.200	-0.544962
10.603333	0.200	-0.540799
10.606667	0.200	-0.538013
10.610000	0.200	-0.536630
10.613333	0.200	-0.536036
10.616667	0.200	-0.535220
10.620000	0.200	-0.533270
10.623333	0.200	-0.529713
10.626667	0.200	-0.524721
10.630000	0.200	-0.519056
10.633333	0.200	-0.513652
10.636667	0.200	-0.508938
10.640000	0.200	-0.504687
10.643333	0.200	-0.500722
10.646667	0.200	-0.497163
10.650000	0.200	-0.493801
10.653333	0.200	-0.489782
10.656667	0.200	-0.483950
10.660000	0.200	-0.475446
10.663333	0.200	-0.464318
10.666667	0.200	-0.451592
10.670000	0.200	-0.438237
10.673333	0.200	-0.424055
10.676667	0.200	-0.408000
10.680000	0.200	-0.389384
10.683333	0.200	-0.368630
10.686667	0.200	-0.347242
10.690000	0.200	-0.326967
10.693333	0.200	-0.308728
10.696667	0.200	-0.292502
10.700000	0.200	-0.278050
10.703333	0.200	-0.265352
10.706667	0.200	-0.254406
10.710000	0.200	-0.244909
10.713333	0.200	-0.236314
10.716667	0.200	-0.228075
10.720000	0.200	-0.219816
10.723333	0.200	-0.211812
10.726667	0.200	-0.204961
10.730000	0.200	-0.199652
10.733333	0.200	-0.195415
10.736667	0.200	-0.191846
10.740000	0.200	-0.188775
10.743333	0.200	-0.185811
10.746667	0.200	-0.182638
10.750000	0.200	-0.179522
10.753333	0.200	-0.177129
10.756667	0.200	-0.175882
10.760000	0.200	-0.175568
10.763333	0.200	-0.175753
10.766667	0.200	-0.176232
10.770000	0.200	-0.176517
10.773333	0.200	-0.175365
10.776667	0.200	-0.171660
10.780000	0.200	-0.165736
10.783333	0.200	-0.159317
10.786667	0.200	-0.154012
10.790000	0.200	-0.150260
10.793333	0.200	-0.147729
10.796667	0.200	-0.146021
10.800000	0.200	-0.144711
10.803333	0.200	-0.143469
10.806667	0.200	-0.142413
10.810000	0.200	-0.141702
10.813333	0.200	-0.140981
10.816667	0.200	-0.139807
10.820000	0.200	-0.138009
10.823333	0.200	-0.135344
10.826667	0.200	-0.131563
10.830000	0.200	-0.126995
10.833333	0.200	-0.122467
10.836667	0.200	-0.118638
10.840000	0.200	-0.115910
10.843333	0.200	-0.114609
10.846667	0.200	-0.114525
10.850000	0.200	-0.114582
10.853333	0.200	-0.113557
10.856667	0.200	-0.111030
10.860000	0.200	-0.107552
10.863333	0.200	-0.104115
10.866667	0.200	-0.101498
10.870000	0.200	-0.100042
10.873333	0.200	-0.099548
10.876667	0.200	-0.099222
10.880000	0.200	-0.098220
10.883333	0.200	-0.096269
10.886667	0.200	-0.093550
10.890000	0.200	-0.090252
10.893333	0.200	-0.086501
10.896667	0.200	-0.082603
10.900000	0.200	-0.079023
10.903333	0.200	-0.076060
10.906667	0.200	-0.073689
10.910000	0.200	-0.071687
10.913333	0.200	-0.069811
10.916667	0.200	-0.067783
10.920000	0.200	-0.065211
10.923333	0.200	-0.061825
10.926667	0.200	-0.057831
10.930000	0.200	-0.053750
10.933333	0.200	-0.049905
10.936667	0.200	-0.046240
10.940000	0.200	-0.042524
10.943333	0.200	-0.038664
10.946667	0.200	-0.034924
10.950000	0.200	-0.031706
10.953333	0.200	-0.028945
10.956667	0.200	-0.025901
10.960000	0.200	-0.021761
10.963333	0.200	-0.016726
10.966667	0.200	-0.012376
10.970000	0.200	-0.010162
10.973333	0.200	-0.009768
10.976667	0.200	-0.009557
10.980000	0.200	-0.008027
10.983333	0.200	-0.004484
10.986667	0.200	0.001016
10.990000	0.200	0.007836
10.993333	0.200	0.015005
10.996667	0.200	0.021597
11.000000	0.200	0.026919
