File Path	chrom://nnfcb-l0286/ChromeleonLocal/metk/20171013_HMP_C61_metk.seq/846.smp/UV_VIS_2.channel/UV_VIS_2.chm
Channel	UV_VIS_2

Injection Information:
Data Vault	ChromeleonLocal
Injection	500 ug/ml HIGH ISO
Injection Number	92
Position	RC11
Comment	
Processing Method	HMP New ProcMethod
Instrument Method	HM_metode_ZorBax_0,02%_Acetic_acid_ver6
Type	Calibration Standard
Status	Finished
Injection Date	10/14/2017
Injection Time	8:05:11 AM
Injection Volume (µl)	1.000
Dilution Factor	1.0000
Weight	1.0000

Raw Data Information:
Time Min. (min)	0.000000
Time Max. (min)	11.000000
Data Points	3301
Detector	UV
Exporting Data System	Chromeleon 7.1.3.2425
Operator	
Signal Quantity	Absorbance
Signal Unit	mAU
Signal Min.	-0.923986
Signal Max.	185.985748
Channel	UV_VIS_2
Driver Name	DAD3000.dll
Channel Type	Evaluation
Min. Step (s)	0.200
Max. Step (s)	0.200
Average Step (s)	0.200

Signal Parameter Information:
Signal Info	WVL:280 nm

Raw Data:
Time (min)	Step (s)	Value (mAU)
0.000000	0.000	0.000000
0.003333	0.200	-0.002214
0.006667	0.200	-0.015737
0.010000	0.200	-0.052131
0.013333	0.200	-0.108955
0.016667	0.200	-0.164764
0.020000	0.200	-0.196024
0.023333	0.200	-0.193925
0.026667	0.200	-0.165744
0.030000	0.200	-0.126591
0.033333	0.200	-0.090318
0.036667	0.200	-0.064459
0.040000	0.200	-0.050666
0.043333	0.200	-0.047640
0.046667	0.200	-0.053007
0.050000	0.200	-0.064024
0.053333	0.200	-0.078175
0.056667	0.200	-0.093653
0.060000	0.200	-0.109513
0.063333	0.200	-0.125194
0.066667	0.200	-0.139653
0.070000	0.200	-0.151790
0.073333	0.200	-0.161878
0.076667	0.200	-0.171360
0.080000	0.200	-0.181230
0.083333	0.200	-0.191403
0.086667	0.200	-0.201422
0.090000	0.200	-0.211210
0.093333	0.200	-0.220954
0.096667	0.200	-0.230547
0.100000	0.200	-0.239704
0.103333	0.200	-0.248550
0.106667	0.200	-0.257548
0.110000	0.200	-0.266972
0.113333	0.200	-0.276735
0.116667	0.200	-0.286567
0.120000	0.200	-0.296339
0.123333	0.200	-0.306054
0.126667	0.200	-0.315419
0.130000	0.200	-0.324091
0.133333	0.200	-0.332295
0.136667	0.200	-0.340330
0.140000	0.200	-0.347770
0.143333	0.200	-0.354112
0.146667	0.200	-0.359647
0.150000	0.200	-0.364905
0.153333	0.200	-0.370125
0.156667	0.200	-0.375807
0.160000	0.200	-0.382864
0.163333	0.200	-0.391624
0.166667	0.200	-0.400995
0.170000	0.200	-0.409181
0.173333	0.200	-0.415292
0.176667	0.200	-0.419933
0.180000	0.200	-0.424317
0.183333	0.200	-0.429203
0.186667	0.200	-0.434670
0.190000	0.200	-0.440456
0.193333	0.200	-0.446535
0.196667	0.200	-0.453298
0.200000	0.200	-0.460712
0.203333	0.200	-0.467814
0.206667	0.200	-0.473729
0.210000	0.200	-0.478723
0.213333	0.200	-0.483648
0.216667	0.200	-0.488931
0.220000	0.200	-0.494589
0.223333	0.200	-0.500440
0.226667	0.200	-0.505976
0.230000	0.200	-0.510540
0.233333	0.200	-0.513807
0.236667	0.200	-0.516318
0.240000	0.200	-0.519376
0.243333	0.200	-0.523819
0.246667	0.200	-0.529208
0.250000	0.200	-0.534574
0.253333	0.200	-0.539646
0.256667	0.200	-0.545126
0.260000	0.200	-0.551721
0.263333	0.200	-0.558953
0.266667	0.200	-0.565410
0.270000	0.200	-0.570233
0.273333	0.200	-0.573822
0.276667	0.200	-0.577187
0.280000	0.200	-0.581089
0.283333	0.200	-0.585690
0.286667	0.200	-0.590713
0.290000	0.200	-0.595700
0.293333	0.200	-0.600223
0.296667	0.200	-0.604144
0.300000	0.200	-0.607540
0.303333	0.200	-0.610301
0.306667	0.200	-0.612141
0.310000	0.200	-0.613310
0.313333	0.200	-0.614923
0.316667	0.200	-0.618116
0.320000	0.200	-0.623176
0.323333	0.200	-0.629763
0.326667	0.200	-0.637265
0.330000	0.200	-0.644514
0.333333	0.200	-0.649965
0.336667	0.200	-0.652723
0.340000	0.200	-0.653213
0.343333	0.200	-0.652888
0.346667	0.200	-0.653222
0.350000	0.200	-0.654874
0.353333	0.200	-0.657624
0.356667	0.200	-0.660897
0.360000	0.200	-0.664401
0.363333	0.200	-0.668169
0.366667	0.200	-0.672141
0.370000	0.200	-0.676035
0.373333	0.200	-0.679480
0.376667	0.200	-0.682139
0.380000	0.200	-0.683975
0.383333	0.200	-0.685494
0.386667	0.200	-0.687243
0.390000	0.200	-0.689212
0.393333	0.200	-0.691204
0.396667	0.200	-0.693209
0.400000	0.200	-0.695270
0.403333	0.200	-0.697534
0.406667	0.200	-0.700177
0.410000	0.200	-0.703046
0.413333	0.200	-0.705828
0.416667	0.200	-0.708435
0.420000	0.200	-0.710839
0.423333	0.200	-0.712957
0.426667	0.200	-0.714853
0.430000	0.200	-0.716809
0.433333	0.200	-0.719001
0.436667	0.200	-0.721202
0.440000	0.200	-0.723336
0.443333	0.200	-0.725988
0.446667	0.200	-0.729348
0.450000	0.200	-0.732503
0.453333	0.200	-0.734715
0.456667	0.200	-0.736343
0.460000	0.200	-0.738028
0.463333	0.200	-0.739990
0.466667	0.200	-0.742246
0.470000	0.200	-0.744797
0.473333	0.200	-0.747596
0.476667	0.200	-0.750498
0.480000	0.200	-0.753172
0.483333	0.200	-0.755296
0.486667	0.200	-0.756777
0.490000	0.200	-0.757863
0.493333	0.200	-0.759159
0.496667	0.200	-0.761154
0.500000	0.200	-0.763497
0.503333	0.200	-0.765240
0.506667	0.200	-0.765911
0.510000	0.200	-0.765780
0.513333	0.200	-0.765373
0.516667	0.200	-0.765274
0.520000	0.200	-0.765974
0.523333	0.200	-0.767658
0.526667	0.200	-0.770282
0.530000	0.200	-0.773694
0.533333	0.200	-0.777311
0.536667	0.200	-0.780106
0.540000	0.200	-0.781682
0.543333	0.200	-0.782806
0.546667	0.200	-0.784376
0.550000	0.200	-0.786480
0.553333	0.200	-0.788750
0.556667	0.200	-0.791017
0.560000	0.200	-0.793266
0.563333	0.200	-0.795423
0.566667	0.200	-0.797328
0.570000	0.200	-0.798755
0.573333	0.200	-0.799543
0.576667	0.200	-0.799764
0.580000	0.200	-0.799597
0.583333	0.200	-0.799166
0.586667	0.200	-0.798788
0.590000	0.200	-0.799023
0.593333	0.200	-0.800173
0.596667	0.200	-0.802211
0.600000	0.200	-0.805120
0.603333	0.200	-0.808745
0.606667	0.200	-0.812568
0.610000	0.200	-0.815688
0.613333	0.200	-0.817131
0.616667	0.200	-0.816653
0.620000	0.200	-0.815175
0.623333	0.200	-0.814162
0.626667	0.200	-0.814506
0.630000	0.200	-0.816044
0.633333	0.200	-0.818188
0.636667	0.200	-0.820657
0.640000	0.200	-0.823401
0.643333	0.200	-0.826409
0.646667	0.200	-0.829714
0.650000	0.200	-0.833047
0.653333	0.200	-0.835673
0.656667	0.200	-0.836905
0.660000	0.200	-0.836749
0.663333	0.200	-0.836351
0.666667	0.200	-0.837584
0.670000	0.200	-0.841553
0.673333	0.200	-0.847574
0.676667	0.200	-0.853804
0.680000	0.200	-0.858592
0.683333	0.200	-0.861042
0.686667	0.200	-0.861001
0.690000	0.200	-0.859278
0.693333	0.200	-0.857319
0.696667	0.200	-0.856106
0.700000	0.200	-0.855656
0.703333	0.200	-0.855623
0.706667	0.200	-0.855930
0.710000	0.200	-0.856550
0.713333	0.200	-0.857254
0.716667	0.200	-0.858016
0.720000	0.200	-0.859062
0.723333	0.200	-0.860243
0.726667	0.200	-0.860824
0.730000	0.200	-0.860003
0.733333	0.200	-0.857677
0.736667	0.200	-0.854839
0.740000	0.200	-0.852968
0.743333	0.200	-0.853118
0.746667	0.200	-0.855756
0.750000	0.200	-0.860501
0.753333	0.200	-0.865877
0.756667	0.200	-0.870212
0.760000	0.200	-0.872639
0.763333	0.200	-0.873050
0.766667	0.200	-0.871819
0.770000	0.200	-0.869843
0.773333	0.200	-0.868173
0.776667	0.200	-0.867384
0.780000	0.200	-0.867459
0.783333	0.200	-0.868069
0.786667	0.200	-0.868967
0.790000	0.200	-0.870309
0.793333	0.200	-0.872632
0.796667	0.200	-0.876514
0.800000	0.200	-0.881954
0.803333	0.200	-0.887757
0.806667	0.200	-0.891867
0.810000	0.200	-0.892761
0.813333	0.200	-0.890465
0.816667	0.200	-0.886357
0.820000	0.200	-0.882559
0.823333	0.200	-0.881047
0.826667	0.200	-0.882650
0.830000	0.200	-0.886890
0.833333	0.200	-0.892524
0.836667	0.200	-0.897995
0.840000	0.200	-0.901928
0.843333	0.200	-0.904107
0.846667	0.200	-0.905769
0.850000	0.200	-0.908426
0.853333	0.200	-0.912629
0.856667	0.200	-0.917653
0.860000	0.200	-0.921934
0.863333	0.200	-0.923986
0.866667	0.200	-0.922967
0.870000	0.200	-0.918612
0.873333	0.200	-0.910862
0.876667	0.200	-0.898584
0.880000	0.200	-0.877663
0.883333	0.200	-0.840795
0.886667	0.200	-0.780768
0.890000	0.200	-0.695152
0.893333	0.200	-0.587820
0.896667	0.200	-0.466568
0.900000	0.200	-0.340207
0.903333	0.200	-0.216931
0.906667	0.200	-0.103638
0.910000	0.200	-0.006175
0.913333	0.200	0.070007
0.916667	0.200	0.120261
0.920000	0.200	0.142242
0.923333	0.200	0.136810
0.926667	0.200	0.107936
0.930000	0.200	0.061946
0.933333	0.200	0.006222
0.936667	0.200	-0.052274
0.940000	0.200	-0.107908
0.943333	0.200	-0.155977
0.946667	0.200	-0.191758
0.950000	0.200	-0.210623
0.953333	0.200	-0.209457
0.956667	0.200	-0.188383
0.960000	0.200	-0.151833
0.963333	0.200	-0.108098
0.966667	0.200	-0.066539
0.970000	0.200	-0.032517
0.973333	0.200	-0.001023
0.976667	0.200	0.048499
0.980000	0.200	0.150384
0.983333	0.200	0.338426
0.986667	0.200	0.622189
0.990000	0.200	0.968360
0.993333	0.200	1.303390
0.996667	0.200	1.540636
1.000000	0.200	1.616712
1.003333	0.200	1.515488
1.006667	0.200	1.268730
1.010000	0.200	0.937520
1.013333	0.200	0.587560
1.016667	0.200	0.270121
1.020000	0.200	0.013355
1.023333	0.200	-0.176431
1.026667	0.200	-0.307417
1.030000	0.200	-0.394331
1.033333	0.200	-0.452526
1.036667	0.200	-0.494228
1.040000	0.200	-0.527164
1.043333	0.200	-0.555090
1.046667	0.200	-0.578998
1.050000	0.200	-0.598321
1.053333	0.200	-0.611982
1.056667	0.200	-0.618738
1.060000	0.200	-0.616748
1.063333	0.200	-0.602854
1.066667	0.200	-0.571304
1.070000	0.200	-0.511197
1.073333	0.200	-0.402585
1.076667	0.200	-0.210862
1.080000	0.200	0.121097
1.083333	0.200	0.681137
1.086667	0.200	1.591481
1.090000	0.200	3.001306
1.093333	0.200	5.061165
1.096667	0.200	7.875926
1.100000	0.200	11.443710
1.103333	0.200	15.603569
1.106667	0.200	20.022437
1.110000	0.200	24.240204
1.113333	0.200	27.765676
1.116667	0.200	30.192164
1.120000	0.200	31.290978
1.123333	0.200	31.049920
1.126667	0.200	29.649259
1.130000	0.200	27.393226
1.133333	0.200	24.626638
1.136667	0.200	21.663881
1.140000	0.200	18.746380
1.143333	0.200	16.030448
1.146667	0.200	13.596896
1.150000	0.200	11.470687
1.153333	0.200	9.641486
1.156667	0.200	8.080164
1.160000	0.200	6.750367
1.163333	0.200	5.615951
1.166667	0.200	4.645120
1.170000	0.200	3.811877
1.173333	0.200	3.095314
1.176667	0.200	2.478283
1.180000	0.200	1.947033
1.183333	0.200	1.491171
1.186667	0.200	1.102823
1.190000	0.200	0.775525
1.193333	0.200	0.503991
1.196667	0.200	0.284741
1.200000	0.200	0.116488
1.203333	0.200	0.000099
1.206667	0.200	-0.061564
1.210000	0.200	-0.065141
1.213333	0.200	-0.010752
1.216667	0.200	0.092999
1.220000	0.200	0.226196
1.223333	0.200	0.359565
1.226667	0.200	0.461381
1.230000	0.200	0.506225
1.233333	0.200	0.481551
1.236667	0.200	0.389899
1.240000	0.200	0.246510
1.243333	0.200	0.074047
1.246667	0.200	-0.103499
1.250000	0.200	-0.266461
1.253333	0.200	-0.402821
1.256667	0.200	-0.508103
1.260000	0.200	-0.583148
1.263333	0.200	-0.630657
1.266667	0.200	-0.650802
1.270000	0.200	-0.637240
1.273333	0.200	-0.575515
1.276667	0.200	-0.446405
1.280000	0.200	-0.236730
1.283333	0.200	0.045013
1.286667	0.200	0.358766
1.290000	0.200	0.639464
1.293333	0.200	0.819873
1.296667	0.200	0.857107
1.300000	0.200	0.747890
1.303333	0.200	0.526364
1.306667	0.200	0.248195
1.310000	0.200	-0.030115
1.313333	0.200	-0.267464
1.316667	0.200	-0.444514
1.320000	0.200	-0.560734
1.323333	0.200	-0.627114
1.326667	0.200	-0.659043
1.330000	0.200	-0.670997
1.333333	0.200	-0.673825
1.336667	0.200	-0.674298
1.340000	0.200	-0.675700
1.343333	0.200	-0.678631
1.346667	0.200	-0.681909
1.350000	0.200	-0.683697
1.353333	0.200	-0.682610
1.356667	0.200	-0.678292
1.360000	0.200	-0.671465
1.363333	0.200	-0.663760
1.366667	0.200	-0.657331
1.370000	0.200	-0.654171
1.373333	0.200	-0.655195
1.376667	0.200	-0.659965
1.380000	0.200	-0.667514
1.383333	0.200	-0.676937
1.386667	0.200	-0.687218
1.390000	0.200	-0.697328
1.393333	0.200	-0.706586
1.396667	0.200	-0.714593
1.400000	0.200	-0.721036
1.403333	0.200	-0.725732
1.406667	0.200	-0.728784
1.410000	0.200	-0.730749
1.413333	0.200	-0.732617
1.416667	0.200	-0.735327
1.420000	0.200	-0.739291
1.423333	0.200	-0.744334
1.426667	0.200	-0.750058
1.430000	0.200	-0.756327
1.433333	0.200	-0.763373
1.436667	0.200	-0.771718
1.440000	0.200	-0.782005
1.443333	0.200	-0.794321
1.446667	0.200	-0.807772
1.450000	0.200	-0.821184
1.453333	0.200	-0.833847
1.456667	0.200	-0.845402
1.460000	0.200	-0.855621
1.463333	0.200	-0.864480
1.466667	0.200	-0.871900
1.470000	0.200	-0.877257
1.473333	0.200	-0.879634
1.476667	0.200	-0.878823
1.480000	0.200	-0.875911
1.483333	0.200	-0.872678
1.486667	0.200	-0.870381
1.490000	0.200	-0.869259
1.493333	0.200	-0.868877
1.496667	0.200	-0.868773
1.500000	0.200	-0.869052
1.503333	0.200	-0.869989
1.506667	0.200	-0.871193
1.510000	0.200	-0.871799
1.513333	0.200	-0.871120
1.516667	0.200	-0.869132
1.520000	0.200	-0.866695
1.523333	0.200	-0.864850
1.526667	0.200	-0.863779
1.530000	0.200	-0.862753
1.533333	0.200	-0.860991
1.536667	0.200	-0.858537
1.540000	0.200	-0.856314
1.543333	0.200	-0.855279
1.546667	0.200	-0.855552
1.550000	0.200	-0.856407
1.553333	0.200	-0.856879
1.556667	0.200	-0.856276
1.560000	0.200	-0.854464
1.563333	0.200	-0.851978
1.566667	0.200	-0.849593
1.570000	0.200	-0.847769
1.573333	0.200	-0.846669
1.576667	0.200	-0.846436
1.580000	0.200	-0.846994
1.583333	0.200	-0.847590
1.586667	0.200	-0.846872
1.590000	0.200	-0.843696
1.593333	0.200	-0.837854
1.596667	0.200	-0.830116
1.600000	0.200	-0.821745
1.603333	0.200	-0.813735
1.606667	0.200	-0.806438
1.610000	0.200	-0.800154
1.613333	0.200	-0.794277
1.616667	0.200	-0.774565
1.620000	0.200	-0.662155
1.623333	0.200	-0.199509
1.626667	0.200	1.171480
1.630000	0.200	4.263043
1.633333	0.200	9.803305
1.636667	0.200	17.970029
1.640000	0.200	28.149264
1.643333	0.200	39.107440
1.646667	0.200	49.449641
1.650000	0.200	58.080850
1.653333	0.200	64.455958
1.656667	0.200	68.574418
1.660000	0.200	70.806322
1.663333	0.200	71.672711
1.666667	0.200	71.670428
1.670000	0.200	71.177667
1.673333	0.200	70.432574
1.676667	0.200	69.556961
1.680000	0.200	68.596867
1.683333	0.200	67.561109
1.686667	0.200	66.448382
1.690000	0.200	65.260508
1.693333	0.200	64.005656
1.696667	0.200	62.696883
1.700000	0.200	61.349060
1.703333	0.200	59.976006
1.706667	0.200	58.588528
1.710000	0.200	57.193566
1.713333	0.200	55.795133
1.716667	0.200	54.395919
1.720000	0.200	52.997829
1.723333	0.200	51.602299
1.726667	0.200	50.211225
1.730000	0.200	48.827252
1.733333	0.200	47.452710
1.736667	0.200	46.088871
1.740000	0.200	44.736446
1.743333	0.200	43.395947
1.746667	0.200	42.067463
1.750000	0.200	40.750872
1.753333	0.200	39.446458
1.756667	0.200	38.155137
1.760000	0.200	36.878193
1.763333	0.200	35.616869
1.766667	0.200	34.372380
1.770000	0.200	33.146111
1.773333	0.200	31.939221
1.776667	0.200	30.752123
1.780000	0.200	29.584596
1.783333	0.200	28.436182
1.786667	0.200	27.306158
1.790000	0.200	26.193522
1.793333	0.200	25.097825
1.796667	0.200	24.020135
1.800000	0.200	22.962630
1.803333	0.200	21.927018
1.806667	0.200	20.913415
1.810000	0.200	19.921037
1.813333	0.200	18.950040
1.816667	0.200	18.002073
1.820000	0.200	17.078737
1.823333	0.200	16.180201
1.826667	0.200	15.305751
1.830000	0.200	14.455107
1.833333	0.200	13.628507
1.836667	0.200	12.825880
1.840000	0.200	12.046555
1.843333	0.200	11.289752
1.846667	0.200	10.555286
1.850000	0.200	9.843497
1.853333	0.200	9.154479
1.856667	0.200	8.487963
1.860000	0.200	7.843726
1.863333	0.200	7.221835
1.866667	0.200	6.622867
1.870000	0.200	6.048126
1.873333	0.200	5.499285
1.876667	0.200	4.977558
1.880000	0.200	4.483153
1.883333	0.200	4.015326
1.886667	0.200	3.573008
1.890000	0.200	3.155745
1.893333	0.200	2.764020
1.896667	0.200	2.398414
1.900000	0.200	2.058699
1.903333	0.200	1.744242
1.906667	0.200	1.454697
1.910000	0.200	1.189501
1.913333	0.200	0.947647
1.916667	0.200	0.728549
1.920000	0.200	0.532132
1.923333	0.200	0.357814
1.926667	0.200	0.204018
1.930000	0.200	0.068928
1.933333	0.200	-0.048637
1.936667	0.200	-0.149458
1.940000	0.200	-0.234390
1.943333	0.200	-0.303668
1.946667	0.200	-0.355393
1.950000	0.200	-0.383740
1.953333	0.200	-0.376481
1.956667	0.200	-0.311452
1.960000	0.200	-0.151603
1.963333	0.200	0.162255
1.966667	0.200	0.721543
1.970000	0.200	1.660912
1.973333	0.200	3.166192
1.976667	0.200	5.476392
1.980000	0.200	8.876938
1.983333	0.200	13.679396
1.986667	0.200	20.184104
1.990000	0.200	28.626473
1.993333	0.200	39.112926
1.996667	0.200	51.558654
2.000000	0.200	65.643297
2.003333	0.200	80.799078
2.006667	0.200	96.240911
2.010000	0.200	111.039806
2.013333	0.200	124.229306
2.016667	0.200	134.925220
2.020000	0.200	142.435146
2.023333	0.200	146.336968
2.026667	0.200	146.514948
2.030000	0.200	143.151689
2.033333	0.200	136.680796
2.036667	0.200	127.712568
2.040000	0.200	116.949703
2.043333	0.200	105.107515
2.046667	0.200	92.848401
2.050000	0.200	80.736303
2.053333	0.200	69.212244
2.056667	0.200	58.587961
2.060000	0.200	49.053030
2.063333	0.200	40.690959
2.066667	0.200	33.500247
2.070000	0.200	27.417306
2.073333	0.200	22.339017
2.076667	0.200	18.142333
2.080000	0.200	14.698885
2.083333	0.200	11.885275
2.086667	0.200	9.590346
2.090000	0.200	7.718520
2.093333	0.200	6.189515
2.096667	0.200	4.937597
2.100000	0.200	3.910786
2.103333	0.200	3.068019
2.106667	0.200	2.375965
2.110000	0.200	1.807969
2.113333	0.200	1.343012
2.116667	0.200	0.963374
2.120000	0.200	0.653508
2.123333	0.200	0.400694
2.126667	0.200	0.195097
2.130000	0.200	0.028700
2.133333	0.200	-0.105548
2.136667	0.200	-0.213695
2.140000	0.200	-0.300765
2.143333	0.200	-0.371315
2.146667	0.200	-0.429403
2.150000	0.200	-0.477965
2.153333	0.200	-0.518894
2.156667	0.200	-0.553413
2.160000	0.200	-0.582345
2.163333	0.200	-0.606627
2.166667	0.200	-0.627336
2.170000	0.200	-0.645014
2.173333	0.200	-0.659858
2.176667	0.200	-0.672727
2.180000	0.200	-0.685018
2.183333	0.200	-0.697569
2.186667	0.200	-0.710243
2.190000	0.200	-0.722309
2.193333	0.200	-0.732773
2.196667	0.200	-0.740624
2.200000	0.200	-0.745610
2.203333	0.200	-0.748820
2.206667	0.200	-0.751702
2.210000	0.200	-0.754949
2.213333	0.200	-0.758369
2.216667	0.200	-0.761059
2.220000	0.200	-0.762030
2.223333	0.200	-0.761180
2.226667	0.200	-0.759358
2.230000	0.200	-0.757404
2.233333	0.200	-0.755381
2.236667	0.200	-0.752638
2.240000	0.200	-0.748111
2.243333	0.200	-0.740502
2.246667	0.200	-0.728220
2.250000	0.200	-0.709023
2.253333	0.200	-0.680382
2.256667	0.200	-0.641182
2.260000	0.200	-0.593744
2.263333	0.200	-0.544995
2.266667	0.200	-0.506095
2.270000	0.200	-0.489759
2.273333	0.200	-0.505186
2.276667	0.200	-0.553203
2.280000	0.200	-0.625228
2.283333	0.200	-0.706709
2.286667	0.200	-0.782733
2.290000	0.200	-0.842818
2.293333	0.200	-0.882613
2.296667	0.200	-0.902893
2.300000	0.200	-0.907818
2.303333	0.200	-0.903040
2.306667	0.200	-0.893752
2.310000	0.200	-0.883336
2.313333	0.200	-0.873306
2.316667	0.200	-0.864284
2.320000	0.200	-0.856531
2.323333	0.200	-0.849983
2.326667	0.200	-0.844497
2.330000	0.200	-0.839781
2.333333	0.200	-0.835190
2.336667	0.200	-0.830093
2.340000	0.200	-0.824314
2.343333	0.200	-0.818116
2.346667	0.200	-0.812067
2.350000	0.200	-0.806817
2.353333	0.200	-0.802615
2.356667	0.200	-0.799301
2.360000	0.200	-0.796799
2.363333	0.200	-0.795032
2.366667	0.200	-0.793399
2.370000	0.200	-0.790979
2.373333	0.200	-0.787441
2.376667	0.200	-0.783565
2.380000	0.200	-0.780681
2.383333	0.200	-0.779634
2.386667	0.200	-0.780499
2.390000	0.200	-0.782978
2.393333	0.200	-0.786421
2.396667	0.200	-0.789596
2.400000	0.200	-0.791322
2.403333	0.200	-0.791713
2.406667	0.200	-0.792152
2.410000	0.200	-0.793679
2.413333	0.200	-0.795994
2.416667	0.200	-0.798396
2.420000	0.200	-0.800981
2.423333	0.200	-0.804192
2.426667	0.200	-0.808040
2.430000	0.200	-0.812369
2.433333	0.200	-0.817052
2.436667	0.200	-0.821865
2.440000	0.200	-0.826526
2.443333	0.200	-0.830649
2.446667	0.200	-0.833977
2.450000	0.200	-0.836795
2.453333	0.200	-0.839356
2.456667	0.200	-0.841332
2.460000	0.200	-0.842435
2.463333	0.200	-0.842677
2.466667	0.200	-0.841924
2.470000	0.200	-0.840249
2.473333	0.200	-0.838406
2.476667	0.200	-0.837083
2.480000	0.200	-0.836157
2.483333	0.200	-0.835375
2.486667	0.200	-0.835088
2.490000	0.200	-0.835734
2.493333	0.200	-0.837188
2.496667	0.200	-0.838848
2.500000	0.200	-0.839883
2.503333	0.200	-0.839505
2.506667	0.200	-0.837320
2.510000	0.200	-0.833474
2.513333	0.200	-0.828758
2.516667	0.200	-0.824503
2.520000	0.200	-0.821836
2.523333	0.200	-0.820979
2.526667	0.200	-0.821350
2.530000	0.200	-0.821906
2.533333	0.200	-0.821450
2.536667	0.200	-0.819037
2.540000	0.200	-0.814263
2.543333	0.200	-0.807391
2.546667	0.200	-0.799070
2.550000	0.200	-0.789443
2.553333	0.200	-0.777646
2.556667	0.200	-0.762640
2.560000	0.200	-0.744136
2.563333	0.200	-0.722401
2.566667	0.200	-0.697947
2.570000	0.200	-0.671904
2.573333	0.200	-0.646161
2.576667	0.200	-0.622586
2.580000	0.200	-0.602177
2.583333	0.200	-0.585410
2.586667	0.200	-0.573041
2.590000	0.200	-0.565871
2.593333	0.200	-0.564161
2.596667	0.200	-0.567719
2.600000	0.200	-0.576127
2.603333	0.200	-0.588756
2.606667	0.200	-0.604694
2.610000	0.200	-0.622792
2.613333	0.200	-0.642088
2.616667	0.200	-0.662103
2.620000	0.200	-0.682241
2.623333	0.200	-0.701184
2.626667	0.200	-0.717640
2.630000	0.200	-0.731279
2.633333	0.200	-0.742270
2.636667	0.200	-0.750730
2.640000	0.200	-0.757050
2.643333	0.200	-0.761989
2.646667	0.200	-0.766452
2.650000	0.200	-0.771251
2.653333	0.200	-0.776663
2.656667	0.200	-0.782408
2.660000	0.200	-0.787946
2.663333	0.200	-0.792503
2.666667	0.200	-0.795371
2.670000	0.200	-0.796558
2.673333	0.200	-0.796815
2.676667	0.200	-0.796884
2.680000	0.200	-0.796826
2.683333	0.200	-0.796210
2.686667	0.200	-0.794774
2.690000	0.200	-0.792756
2.693333	0.200	-0.790662
2.696667	0.200	-0.788855
2.700000	0.200	-0.787521
2.703333	0.200	-0.786764
2.706667	0.200	-0.786452
2.710000	0.200	-0.786175
2.713333	0.200	-0.785665
2.716667	0.200	-0.785281
2.720000	0.200	-0.785898
2.723333	0.200	-0.788190
2.726667	0.200	-0.791815
2.730000	0.200	-0.795291
2.733333	0.200	-0.797198
2.736667	0.200	-0.797401
2.740000	0.200	-0.796602
2.743333	0.200	-0.795259
2.746667	0.200	-0.793561
2.750000	0.200	-0.791946
2.753333	0.200	-0.791046
2.756667	0.200	-0.791275
2.760000	0.200	-0.792456
2.763333	0.200	-0.793735
2.766667	0.200	-0.794085
2.770000	0.200	-0.792994
2.773333	0.200	-0.790669
2.776667	0.200	-0.787733
2.780000	0.200	-0.784688
2.783333	0.200	-0.781740
2.786667	0.200	-0.779117
2.790000	0.200	-0.777201
2.793333	0.200	-0.776311
2.796667	0.200	-0.776481
2.800000	0.200	-0.777444
2.803333	0.200	-0.778734
2.806667	0.200	-0.779869
2.810000	0.200	-0.780724
2.813333	0.200	-0.781556
2.816667	0.200	-0.782597
2.820000	0.200	-0.783744
2.823333	0.200	-0.784563
2.826667	0.200	-0.784695
2.830000	0.200	-0.784313
2.833333	0.200	-0.784025
2.836667	0.200	-0.784419
2.840000	0.200	-0.785604
2.843333	0.200	-0.787138
2.846667	0.200	-0.788623
2.850000	0.200	-0.789840
2.853333	0.200	-0.790202
2.856667	0.200	-0.788981
2.860000	0.200	-0.786164
2.863333	0.200	-0.782612
2.866667	0.200	-0.779445
2.870000	0.200	-0.777296
2.873333	0.200	-0.776073
2.876667	0.200	-0.775404
2.880000	0.200	-0.775103
2.883333	0.200	-0.775101
2.886667	0.200	-0.775201
2.890000	0.200	-0.774958
2.893333	0.200	-0.773810
2.896667	0.200	-0.771571
2.900000	0.200	-0.768671
2.903333	0.200	-0.765672
2.906667	0.200	-0.762912
2.910000	0.200	-0.760735
2.913333	0.200	-0.759451
2.916667	0.200	-0.758816
2.920000	0.200	-0.758102
2.923333	0.200	-0.756924
2.926667	0.200	-0.755549
2.930000	0.200	-0.754351
2.933333	0.200	-0.753440
2.936667	0.200	-0.752915
2.940000	0.200	-0.753022
2.943333	0.200	-0.753655
2.946667	0.200	-0.753951
2.950000	0.200	-0.752768
2.953333	0.200	-0.749337
2.956667	0.200	-0.743050
2.960000	0.200	-0.733101
2.963333	0.200	-0.718866
2.966667	0.200	-0.700130
2.970000	0.200	-0.677140
2.973333	0.200	-0.651319
2.976667	0.200	-0.625359
2.980000	0.200	-0.602225
2.983333	0.200	-0.584491
2.986667	0.200	-0.574136
2.990000	0.200	-0.572149
2.993333	0.200	-0.578159
2.996667	0.200	-0.590796
3.000000	0.200	-0.608445
3.003333	0.200	-0.629469
3.006667	0.200	-0.651959
3.010000	0.200	-0.673877
3.013333	0.200	-0.693567
3.016667	0.200	-0.709779
3.020000	0.200	-0.721557
3.023333	0.200	-0.728757
3.026667	0.200	-0.732306
3.030000	0.200	-0.733688
3.033333	0.200	-0.734268
3.036667	0.200	-0.734854
3.040000	0.200	-0.735857
3.043333	0.200	-0.737492
3.046667	0.200	-0.739517
3.050000	0.200	-0.741318
3.053333	0.200	-0.742531
3.056667	0.200	-0.743441
3.060000	0.200	-0.744645
3.063333	0.200	-0.746335
3.066667	0.200	-0.748149
3.070000	0.200	-0.749615
3.073333	0.200	-0.750524
3.076667	0.200	-0.750937
3.080000	0.200	-0.750891
3.083333	0.200	-0.750404
3.086667	0.200	-0.749852
3.090000	0.200	-0.749659
3.093333	0.200	-0.749609
3.096667	0.200	-0.749119
3.100000	0.200	-0.748171
3.103333	0.200	-0.747501
3.106667	0.200	-0.747659
3.110000	0.200	-0.748150
3.113333	0.200	-0.747879
3.116667	0.200	-0.746171
3.120000	0.200	-0.743030
3.123333	0.200	-0.738956
3.126667	0.200	-0.734906
3.130000	0.200	-0.731827
3.133333	0.200	-0.729823
3.136667	0.200	-0.728142
3.140000	0.200	-0.726039
3.143333	0.200	-0.723465
3.146667	0.200	-0.721052
3.150000	0.200	-0.719651
3.153333	0.200	-0.719791
3.156667	0.200	-0.721278
3.160000	0.200	-0.723161
3.163333	0.200	-0.724290
3.166667	0.200	-0.724272
3.170000	0.200	-0.723835
3.173333	0.200	-0.723936
3.176667	0.200	-0.724621
3.180000	0.200	-0.725196
3.183333	0.200	-0.725213
3.186667	0.200	-0.724793
3.190000	0.200	-0.724263
3.193333	0.200	-0.723703
3.196667	0.200	-0.722821
3.200000	0.200	-0.721449
3.203333	0.200	-0.720072
3.206667	0.200	-0.719625
3.210000	0.200	-0.720832
3.213333	0.200	-0.723555
3.216667	0.200	-0.726595
3.220000	0.200	-0.728436
3.223333	0.200	-0.728275
3.226667	0.200	-0.726203
3.230000	0.200	-0.722710
3.233333	0.200	-0.718344
3.236667	0.200	-0.713620
3.240000	0.200	-0.708907
3.243333	0.200	-0.704575
3.246667	0.200	-0.701343
3.250000	0.200	-0.699818
3.253333	0.200	-0.699620
3.256667	0.200	-0.699487
3.260000	0.200	-0.698350
3.263333	0.200	-0.696248
3.266667	0.200	-0.694119
3.270000	0.200	-0.692726
3.273333	0.200	-0.692228
3.276667	0.200	-0.692467
3.280000	0.200	-0.693080
3.283333	0.200	-0.693638
3.286667	0.200	-0.694073
3.290000	0.200	-0.694802
3.293333	0.200	-0.696104
3.296667	0.200	-0.697575
3.300000	0.200	-0.698605
3.303333	0.200	-0.699022
3.306667	0.200	-0.699017
3.310000	0.200	-0.698788
3.313333	0.200	-0.698336
3.316667	0.200	-0.697620
3.320000	0.200	-0.696859
3.323333	0.200	-0.696447
3.326667	0.200	-0.696521
3.330000	0.200	-0.696834
3.333333	0.200	-0.697150
3.336667	0.200	-0.697471
3.340000	0.200	-0.697719
3.343333	0.200	-0.697412
3.346667	0.200	-0.695973
3.350000	0.200	-0.693358
3.353333	0.200	-0.689737
3.356667	0.200	-0.683584
3.360000	0.200	-0.668923
3.363333	0.200	-0.631081
3.366667	0.200	-0.537103
3.370000	0.200	-0.316571
3.373333	0.200	0.168805
3.376667	0.200	1.164328
3.380000	0.200	3.060014
3.383333	0.200	6.407216
3.386667	0.200	11.889703
3.390000	0.200	20.229445
3.393333	0.200	32.026026
3.396667	0.200	47.558891
3.400000	0.200	66.608833
3.403333	0.200	88.361613
3.406667	0.200	111.438142
3.410000	0.200	134.059934
3.413333	0.200	154.317224
3.416667	0.200	170.476473
3.420000	0.200	181.253059
3.423333	0.200	185.985748
3.426667	0.200	184.681436
3.430000	0.200	177.937766
3.433333	0.200	166.780032
3.436667	0.200	152.460487
3.440000	0.200	136.265168
3.443333	0.200	119.362195
3.446667	0.200	102.708037
3.450000	0.200	87.009194
3.453333	0.200	72.725832
3.456667	0.200	60.102491
3.460000	0.200	49.212609
3.463333	0.200	40.005697
3.466667	0.200	32.350153
3.470000	0.200	26.068774
3.473333	0.200	20.966119
3.476667	0.200	16.848359
3.480000	0.200	13.536741
3.483333	0.200	10.875292
3.486667	0.200	8.733428
3.490000	0.200	7.005104
3.493333	0.200	5.606295
3.496667	0.200	4.471686
3.500000	0.200	3.550776
3.503333	0.200	2.803868
3.506667	0.200	2.198867
3.510000	0.200	1.709309
3.513333	0.200	1.313420
3.516667	0.200	0.993425
3.520000	0.200	0.734779
3.523333	0.200	0.525711
3.526667	0.200	0.356796
3.530000	0.200	0.220296
3.533333	0.200	0.109781
3.536667	0.200	0.019945
3.540000	0.200	-0.053503
3.543333	0.200	-0.113938
3.546667	0.200	-0.163995
3.550000	0.200	-0.205687
3.553333	0.200	-0.240549
3.556667	0.200	-0.269918
3.560000	0.200	-0.295235
3.563333	0.200	-0.318118
3.566667	0.200	-0.339779
3.570000	0.200	-0.360319
3.573333	0.200	-0.378810
3.576667	0.200	-0.394233
3.580000	0.200	-0.406522
3.583333	0.200	-0.416629
3.586667	0.200	-0.425660
3.590000	0.200	-0.434181
3.593333	0.200	-0.442274
3.596667	0.200	-0.449973
3.600000	0.200	-0.457330
3.603333	0.200	-0.464335
3.606667	0.200	-0.471307
3.610000	0.200	-0.479020
3.613333	0.200	-0.487924
3.616667	0.200	-0.497636
3.620000	0.200	-0.507427
3.623333	0.200	-0.516714
3.626667	0.200	-0.524965
3.630000	0.200	-0.531884
3.633333	0.200	-0.537880
3.636667	0.200	-0.543771
3.640000	0.200	-0.550000
3.643333	0.200	-0.556384
3.646667	0.200	-0.562457
3.650000	0.200	-0.567968
3.653333	0.200	-0.572990
3.656667	0.200	-0.577518
3.660000	0.200	-0.581164
3.663333	0.200	-0.583224
3.666667	0.200	-0.583110
3.670000	0.200	-0.581102
3.673333	0.200	-0.578442
3.676667	0.200	-0.576268
3.680000	0.200	-0.574899
3.683333	0.200	-0.574284
3.686667	0.200	-0.574328
3.690000	0.200	-0.574651
3.693333	0.200	-0.574766
3.696667	0.200	-0.574629
3.700000	0.200	-0.574551
3.703333	0.200	-0.574710
3.706667	0.200	-0.575281
3.710000	0.200	-0.576643
3.713333	0.200	-0.579142
3.716667	0.200	-0.582870
3.720000	0.200	-0.587430
3.723333	0.200	-0.591976
3.726667	0.200	-0.595795
3.730000	0.200	-0.598632
3.733333	0.200	-0.600530
3.736667	0.200	-0.601843
3.740000	0.200	-0.603196
3.743333	0.200	-0.604937
3.746667	0.200	-0.606830
3.750000	0.200	-0.608429
3.753333	0.200	-0.609579
3.756667	0.200	-0.610477
3.760000	0.200	-0.611256
3.763333	0.200	-0.611865
3.766667	0.200	-0.612561
3.770000	0.200	-0.613871
3.773333	0.200	-0.616030
3.776667	0.200	-0.618840
3.780000	0.200	-0.621624
3.783333	0.200	-0.623431
3.786667	0.200	-0.624017
3.790000	0.200	-0.624221
3.793333	0.200	-0.624887
3.796667	0.200	-0.625976
3.800000	0.200	-0.627059
3.803333	0.200	-0.627939
3.806667	0.200	-0.628426
3.810000	0.200	-0.628211
3.813333	0.200	-0.627362
3.816667	0.200	-0.626483
3.820000	0.200	-0.626198
3.823333	0.200	-0.626810
3.826667	0.200	-0.628364
3.830000	0.200	-0.630372
3.833333	0.200	-0.631661
3.836667	0.200	-0.631418
3.840000	0.200	-0.629864
3.843333	0.200	-0.627445
3.846667	0.200	-0.624379
3.850000	0.200	-0.621131
3.853333	0.200	-0.618642
3.856667	0.200	-0.617853
3.860000	0.200	-0.618773
3.863333	0.200	-0.620316
3.866667	0.200	-0.621481
3.870000	0.200	-0.622208
3.873333	0.200	-0.622930
3.876667	0.200	-0.623908
3.880000	0.200	-0.625282
3.883333	0.200	-0.627287
3.886667	0.200	-0.629961
3.890000	0.200	-0.632803
3.893333	0.200	-0.635026
3.896667	0.200	-0.636182
3.900000	0.200	-0.636370
3.903333	0.200	-0.635841
3.906667	0.200	-0.634772
3.910000	0.200	-0.633296
3.913333	0.200	-0.631253
3.916667	0.200	-0.628289
3.920000	0.200	-0.624612
3.923333	0.200	-0.621139
3.926667	0.200	-0.618860
3.930000	0.200	-0.618515
3.933333	0.200	-0.620448
3.936667	0.200	-0.624129
3.940000	0.200	-0.628139
3.943333	0.200	-0.631194
3.946667	0.200	-0.633031
3.950000	0.200	-0.634038
3.953333	0.200	-0.634411
3.956667	0.200	-0.634236
3.960000	0.200	-0.634022
3.963333	0.200	-0.634520
3.966667	0.200	-0.636063
3.970000	0.200	-0.638242
3.973333	0.200	-0.640036
3.976667	0.200	-0.640181
3.980000	0.200	-0.637683
3.983333	0.200	-0.632620
3.986667	0.200	-0.626412
3.990000	0.200	-0.620590
3.993333	0.200	-0.615489
3.996667	0.200	-0.610423
4.000000	0.200	-0.604525
4.003333	0.200	-0.597295
4.006667	0.200	-0.588799
4.010000	0.200	-0.579555
4.013333	0.200	-0.570312
4.016667	0.200	-0.561961
4.020000	0.200	-0.555508
4.023333	0.200	-0.551852
4.026667	0.200	-0.551359
4.030000	0.200	-0.553547
4.033333	0.200	-0.557477
4.036667	0.200	-0.562333
4.040000	0.200	-0.567435
4.043333	0.200	-0.572447
4.046667	0.200	-0.577809
4.050000	0.200	-0.584299
4.053333	0.200	-0.592264
4.056667	0.200	-0.601360
4.060000	0.200	-0.610471
4.063333	0.200	-0.618133
4.066667	0.200	-0.623718
4.070000	0.200	-0.627955
4.073333	0.200	-0.631873
4.076667	0.200	-0.635797
4.080000	0.200	-0.639763
4.083333	0.200	-0.644066
4.086667	0.200	-0.648609
4.090000	0.200	-0.652446
4.093333	0.200	-0.654593
4.096667	0.200	-0.654716
4.100000	0.200	-0.653047
4.103333	0.200	-0.650373
4.106667	0.200	-0.647870
4.110000	0.200	-0.646520
4.113333	0.200	-0.646558
4.116667	0.200	-0.647334
4.120000	0.200	-0.648168
4.123333	0.200	-0.649128
4.126667	0.200	-0.650319
4.130000	0.200	-0.651226
4.133333	0.200	-0.651203
4.136667	0.200	-0.650151
4.140000	0.200	-0.648733
4.143333	0.200	-0.647869
4.146667	0.200	-0.648030
4.150000	0.200	-0.649262
4.153333	0.200	-0.651292
4.156667	0.200	-0.653343
4.160000	0.200	-0.654766
4.163333	0.200	-0.655709
4.166667	0.200	-0.656420
4.170000	0.200	-0.656741
4.173333	0.200	-0.656837
4.176667	0.200	-0.657334
4.180000	0.200	-0.658347
4.183333	0.200	-0.659068
4.186667	0.200	-0.658576
4.190000	0.200	-0.656748
4.193333	0.200	-0.654270
4.196667	0.200	-0.651851
4.200000	0.200	-0.649677
4.203333	0.200	-0.647675
4.206667	0.200	-0.645861
4.210000	0.200	-0.644252
4.213333	0.200	-0.643038
4.216667	0.200	-0.642693
4.220000	0.200	-0.643435
4.223333	0.200	-0.644904
4.226667	0.200	-0.646505
4.230000	0.200	-0.647776
4.233333	0.200	-0.648599
4.236667	0.200	-0.649243
4.240000	0.200	-0.649929
4.243333	0.200	-0.650573
4.246667	0.200	-0.651258
4.250000	0.200	-0.652449
4.253333	0.200	-0.654360
4.256667	0.200	-0.656388
4.260000	0.200	-0.657601
4.263333	0.200	-0.657686
4.266667	0.200	-0.657084
4.270000	0.200	-0.656460
4.273333	0.200	-0.656172
4.276667	0.200	-0.656017
4.280000	0.200	-0.655572
4.283333	0.200	-0.654829
4.286667	0.200	-0.654068
4.290000	0.200	-0.653380
4.293333	0.200	-0.652948
4.296667	0.200	-0.653334
4.300000	0.200	-0.654996
4.303333	0.200	-0.657841
4.306667	0.200	-0.661241
4.310000	0.200	-0.664342
4.313333	0.200	-0.666601
4.316667	0.200	-0.668077
4.320000	0.200	-0.668894
4.323333	0.200	-0.668631
4.326667	0.200	-0.666888
4.330000	0.200	-0.664053
4.333333	0.200	-0.661137
4.336667	0.200	-0.659328
4.340000	0.200	-0.659378
4.343333	0.200	-0.660800
4.346667	0.200	-0.661961
4.350000	0.200	-0.661419
4.353333	0.200	-0.659199
4.356667	0.200	-0.656442
4.360000	0.200	-0.653957
4.363333	0.200	-0.651595
4.366667	0.200	-0.648766
4.370000	0.200	-0.645221
4.373333	0.200	-0.641449
4.376667	0.200	-0.638236
4.380000	0.200	-0.636037
4.383333	0.200	-0.634970
4.386667	0.200	-0.634998
4.390000	0.200	-0.635891
4.393333	0.200	-0.637261
4.396667	0.200	-0.638523
4.400000	0.200	-0.638705
4.403333	0.200	-0.637008
4.406667	0.200	-0.633808
4.410000	0.200	-0.630554
4.413333	0.200	-0.628883
4.416667	0.200	-0.629942
4.420000	0.200	-0.633624
4.423333	0.200	-0.638374
4.426667	0.200	-0.642395
4.430000	0.200	-0.644957
4.433333	0.200	-0.646348
4.436667	0.200	-0.647031
4.440000	0.200	-0.647108
4.443333	0.200	-0.646285
4.446667	0.200	-0.644235
4.450000	0.200	-0.641067
4.453333	0.200	-0.637533
4.456667	0.200	-0.634693
4.460000	0.200	-0.633057
4.463333	0.200	-0.632275
4.466667	0.200	-0.631770
4.470000	0.200	-0.631083
4.473333	0.200	-0.629708
4.476667	0.200	-0.627395
4.480000	0.200	-0.624717
4.483333	0.200	-0.622855
4.486667	0.200	-0.622654
4.490000	0.200	-0.623940
4.493333	0.200	-0.625816
4.496667	0.200	-0.627501
4.500000	0.200	-0.628556
4.503333	0.200	-0.628422
4.506667	0.200	-0.626591
4.510000	0.200	-0.623622
4.513333	0.200	-0.621264
4.516667	0.200	-0.620935
4.520000	0.200	-0.622460
4.523333	0.200	-0.624561
4.526667	0.200	-0.625999
4.530000	0.200	-0.626060
4.533333	0.200	-0.624746
4.536667	0.200	-0.622798
4.540000	0.200	-0.621144
4.543333	0.200	-0.620334
4.546667	0.200	-0.620359
4.550000	0.200	-0.620553
4.553333	0.200	-0.620054
4.556667	0.200	-0.618870
4.560000	0.200	-0.617731
4.563333	0.200	-0.616591
4.566667	0.200	-0.614508
4.570000	0.200	-0.611027
4.573333	0.200	-0.606676
4.576667	0.200	-0.602392
4.580000	0.200	-0.598876
4.583333	0.200	-0.596151
4.586667	0.200	-0.593805
4.590000	0.200	-0.591576
4.593333	0.200	-0.589275
4.596667	0.200	-0.586670
4.600000	0.200	-0.583861
4.603333	0.200	-0.581256
4.606667	0.200	-0.579128
4.610000	0.200	-0.577543
4.613333	0.200	-0.576375
4.616667	0.200	-0.575344
4.620000	0.200	-0.574324
4.623333	0.200	-0.573181
4.626667	0.200	-0.571417
4.630000	0.200	-0.568777
4.633333	0.200	-0.565871
4.636667	0.200	-0.563684
4.640000	0.200	-0.562849
4.643333	0.200	-0.563347
4.646667	0.200	-0.564549
4.650000	0.200	-0.565455
4.653333	0.200	-0.565185
4.656667	0.200	-0.563637
4.660000	0.200	-0.561484
4.663333	0.200	-0.559350
4.666667	0.200	-0.557467
4.670000	0.200	-0.555963
4.673333	0.200	-0.554766
4.676667	0.200	-0.553518
4.680000	0.200	-0.552110
4.683333	0.200	-0.550797
4.686667	0.200	-0.549747
4.690000	0.200	-0.548822
4.693333	0.200	-0.547973
4.696667	0.200	-0.547664
4.700000	0.200	-0.548368
4.703333	0.200	-0.550042
4.706667	0.200	-0.552177
4.710000	0.200	-0.553740
4.713333	0.200	-0.553884
4.716667	0.200	-0.552969
4.720000	0.200	-0.551974
4.723333	0.200	-0.551544
4.726667	0.200	-0.552014
4.730000	0.200	-0.552945
4.733333	0.200	-0.552884
4.736667	0.200	-0.550952
4.740000	0.200	-0.548026
4.743333	0.200	-0.545595
4.746667	0.200	-0.544218
4.750000	0.200	-0.543508
4.753333	0.200	-0.542700
4.756667	0.200	-0.540908
4.760000	0.200	-0.537758
4.763333	0.200	-0.533962
4.766667	0.200	-0.530717
4.770000	0.200	-0.528959
4.773333	0.200	-0.529322
4.776667	0.200	-0.532002
4.780000	0.200	-0.536695
4.783333	0.200	-0.542941
4.786667	0.200	-0.550235
4.790000	0.200	-0.557852
4.793333	0.200	-0.564760
4.796667	0.200	-0.569842
4.800000	0.200	-0.572303
4.803333	0.200	-0.571879
4.806667	0.200	-0.568836
4.810000	0.200	-0.563767
4.813333	0.200	-0.557274
4.816667	0.200	-0.550007
4.820000	0.200	-0.542695
4.823333	0.200	-0.535672
4.826667	0.200	-0.528618
4.830000	0.200	-0.521010
4.833333	0.200	-0.512643
4.836667	0.200	-0.503721
4.840000	0.200	-0.494632
4.843333	0.200	-0.485748
4.846667	0.200	-0.477577
4.850000	0.200	-0.470813
4.853333	0.200	-0.466047
4.856667	0.200	-0.463425
4.860000	0.200	-0.462469
4.863333	0.200	-0.462511
4.866667	0.200	-0.463200
4.870000	0.200	-0.464112
4.873333	0.200	-0.464335
4.876667	0.200	-0.462939
4.880000	0.200	-0.459614
4.883333	0.200	-0.454872
4.886667	0.200	-0.449878
4.890000	0.200	-0.445958
4.893333	0.200	-0.444063
4.896667	0.200	-0.444543
4.900000	0.200	-0.447135
4.903333	0.200	-0.451191
4.906667	0.200	-0.456094
4.910000	0.200	-0.461228
4.913333	0.200	-0.465910
4.916667	0.200	-0.469940
4.920000	0.200	-0.473710
4.923333	0.200	-0.477531
4.926667	0.200	-0.481361
4.930000	0.200	-0.485008
4.933333	0.200	-0.488304
4.936667	0.200	-0.491199
4.940000	0.200	-0.493696
4.943333	0.200	-0.495815
4.946667	0.200	-0.497626
4.950000	0.200	-0.499235
4.953333	0.200	-0.500563
4.956667	0.200	-0.500911
4.960000	0.200	-0.498942
4.963333	0.200	-0.493393
4.966667	0.200	-0.483839
4.970000	0.200	-0.470908
4.973333	0.200	-0.455959
4.976667	0.200	-0.440599
4.980000	0.200	-0.426072
4.983333	0.200	-0.412868
4.986667	0.200	-0.400932
4.990000	0.200	-0.389329
4.993333	0.200	-0.374303
4.996667	0.200	-0.346698
5.000000	0.200	-0.289177
5.003333	0.200	-0.171897
5.006667	0.200	0.054110
5.010000	0.200	0.465559
5.013333	0.200	1.177251
5.016667	0.200	2.352097
5.020000	0.200	4.206520
5.023333	0.200	7.007623
5.026667	0.200	11.060128
5.030000	0.200	16.680471
5.033333	0.200	24.155383
5.036667	0.200	33.686607
5.040000	0.200	45.329678
5.043333	0.200	58.939411
5.046667	0.200	74.135793
5.050000	0.200	90.300413
5.053333	0.200	106.608539
5.056667	0.200	122.097125
5.060000	0.200	135.762583
5.063333	0.200	146.675104
5.066667	0.200	154.091366
5.070000	0.200	157.545886
5.073333	0.200	156.903251
5.076667	0.200	152.361975
5.080000	0.200	144.412995
5.083333	0.200	133.763567
5.086667	0.200	121.241073
5.090000	0.200	107.694011
5.093333	0.200	93.905922
5.096667	0.200	80.532160
5.100000	0.200	68.063133
5.103333	0.200	56.814737
5.106667	0.200	46.942675
5.110000	0.200	38.471911
5.113333	0.200	31.332962
5.116667	0.200	25.398869
5.120000	0.200	20.516254
5.123333	0.200	16.526888
5.126667	0.200	13.281326
5.130000	0.200	10.646955
5.133333	0.200	8.511501
5.136667	0.200	6.782731
5.140000	0.200	5.385697
5.143333	0.200	4.259341
5.146667	0.200	3.353705
5.150000	0.200	2.627657
5.153333	0.200	2.047110
5.156667	0.200	1.584029
5.160000	0.200	1.215662
5.163333	0.200	0.923467
5.166667	0.200	0.692283
5.170000	0.200	0.509929
5.173333	0.200	0.366657
5.176667	0.200	0.254326
5.180000	0.200	0.165772
5.183333	0.200	0.095002
5.186667	0.200	0.037744
5.190000	0.200	-0.008658
5.193333	0.200	-0.045601
5.196667	0.200	-0.073420
5.200000	0.200	-0.091983
5.203333	0.200	-0.101344
5.206667	0.200	-0.101912
5.210000	0.200	-0.094539
5.213333	0.200	-0.080943
5.216667	0.200	-0.064135
5.220000	0.200	-0.048401
5.223333	0.200	-0.038499
5.226667	0.200	-0.037934
5.230000	0.200	-0.047683
5.233333	0.200	-0.066701
5.236667	0.200	-0.092693
5.240000	0.200	-0.122385
5.243333	0.200	-0.152326
5.246667	0.200	-0.179609
5.250000	0.200	-0.201947
5.253333	0.200	-0.218041
5.256667	0.200	-0.228227
5.260000	0.200	-0.234220
5.263333	0.200	-0.238016
5.266667	0.200	-0.241286
5.270000	0.200	-0.245154
5.273333	0.200	-0.249866
5.276667	0.200	-0.255021
5.280000	0.200	-0.260006
5.283333	0.200	-0.264178
5.286667	0.200	-0.267156
5.290000	0.200	-0.268854
5.293333	0.200	-0.269281
5.296667	0.200	-0.268671
5.300000	0.200	-0.267625
5.303333	0.200	-0.266731
5.306667	0.200	-0.266375
5.310000	0.200	-0.266992
5.313333	0.200	-0.269006
5.316667	0.200	-0.272697
5.320000	0.200	-0.278109
5.323333	0.200	-0.284707
5.326667	0.200	-0.291588
5.330000	0.200	-0.298066
5.333333	0.200	-0.303683
5.336667	0.200	-0.307978
5.340000	0.200	-0.310606
5.343333	0.200	-0.311496
5.346667	0.200	-0.310734
5.350000	0.200	-0.308629
5.353333	0.200	-0.305776
5.356667	0.200	-0.302314
5.360000	0.200	-0.297651
5.363333	0.200	-0.291672
5.366667	0.200	-0.285554
5.370000	0.200	-0.280890
5.373333	0.200	-0.278280
5.376667	0.200	-0.277047
5.380000	0.200	-0.276030
5.383333	0.200	-0.274285
5.386667	0.200	-0.271756
5.390000	0.200	-0.269489
5.393333	0.200	-0.268437
5.396667	0.200	-0.268480
5.400000	0.200	-0.268933
5.403333	0.200	-0.269245
5.406667	0.200	-0.269300
5.410000	0.200	-0.269370
5.413333	0.200	-0.269781
5.416667	0.200	-0.270950
5.420000	0.200	-0.273135
5.423333	0.200	-0.275733
5.426667	0.200	-0.277834
5.430000	0.200	-0.279344
5.433333	0.200	-0.280865
5.436667	0.200	-0.282923
5.440000	0.200	-0.285634
5.443333	0.200	-0.288721
5.446667	0.200	-0.291540
5.450000	0.200	-0.293320
5.453333	0.200	-0.293740
5.456667	0.200	-0.293188
5.460000	0.200	-0.292364
5.463333	0.200	-0.291787
5.466667	0.200	-0.291585
5.470000	0.200	-0.291484
5.473333	0.200	-0.291131
5.476667	0.200	-0.290625
5.480000	0.200	-0.290518
5.483333	0.200	-0.291141
5.486667	0.200	-0.292127
5.490000	0.200	-0.292617
5.493333	0.200	-0.291958
5.496667	0.200	-0.290497
5.500000	0.200	-0.289338
5.503333	0.200	-0.289111
5.506667	0.200	-0.289662
5.510000	0.200	-0.290674
5.513333	0.200	-0.291587
5.516667	0.200	-0.291248
5.520000	0.200	-0.288661
5.523333	0.200	-0.283829
5.526667	0.200	-0.277380
5.530000	0.200	-0.269789
5.533333	0.200	-0.261106
5.536667	0.200	-0.251285
5.540000	0.200	-0.240773
5.543333	0.200	-0.230602
5.546667	0.200	-0.222099
5.550000	0.200	-0.216601
5.553333	0.200	-0.214795
5.556667	0.200	-0.216246
5.560000	0.200	-0.219927
5.563333	0.200	-0.224737
5.566667	0.200	-0.229429
5.570000	0.200	-0.233017
5.573333	0.200	-0.235418
5.576667	0.200	-0.237281
5.580000	0.200	-0.239196
5.583333	0.200	-0.241361
5.586667	0.200	-0.243954
5.590000	0.200	-0.247278
5.593333	0.200	-0.251407
5.596667	0.200	-0.256017
5.600000	0.200	-0.260500
5.603333	0.200	-0.264237
5.606667	0.200	-0.266864
5.610000	0.200	-0.268201
5.613333	0.200	-0.268120
5.616667	0.200	-0.266708
5.620000	0.200	-0.264596
5.623333	0.200	-0.262701
5.626667	0.200	-0.261569
5.630000	0.200	-0.261347
5.633333	0.200	-0.261960
5.636667	0.200	-0.262896
5.640000	0.200	-0.263399
5.643333	0.200	-0.263159
5.646667	0.200	-0.262579
5.650000	0.200	-0.262200
5.653333	0.200	-0.262091
5.656667	0.200	-0.261921
5.660000	0.200	-0.261297
5.663333	0.200	-0.260075
5.666667	0.200	-0.258536
5.670000	0.200	-0.257192
5.673333	0.200	-0.256607
5.676667	0.200	-0.257098
5.680000	0.200	-0.258342
5.683333	0.200	-0.259840
5.686667	0.200	-0.261431
5.690000	0.200	-0.262737
5.693333	0.200	-0.262912
5.696667	0.200	-0.261481
5.700000	0.200	-0.259020
5.703333	0.200	-0.256626
5.706667	0.200	-0.255011
5.710000	0.200	-0.254278
5.713333	0.200	-0.254107
5.716667	0.200	-0.254112
5.720000	0.200	-0.254174
5.723333	0.200	-0.254187
5.726667	0.200	-0.253753
5.730000	0.200	-0.252421
5.733333	0.200	-0.250134
5.736667	0.200	-0.247363
5.740000	0.200	-0.244837
5.743333	0.200	-0.243028
5.746667	0.200	-0.241788
5.750000	0.200	-0.240433
5.753333	0.200	-0.238042
5.756667	0.200	-0.233845
5.760000	0.200	-0.227837
5.763333	0.200	-0.220984
5.766667	0.200	-0.214674
5.770000	0.200	-0.210316
5.773333	0.200	-0.209067
5.776667	0.200	-0.211123
5.780000	0.200	-0.215625
5.783333	0.200	-0.221408
5.786667	0.200	-0.227225
5.790000	0.200	-0.231656
5.793333	0.200	-0.233601
5.796667	0.200	-0.232724
5.800000	0.200	-0.229349
5.803333	0.200	-0.224262
5.806667	0.200	-0.218360
5.810000	0.200	-0.212069
5.813333	0.200	-0.205061
5.816667	0.200	-0.196715
5.820000	0.200	-0.187150
5.823333	0.200	-0.177865
5.826667	0.200	-0.170899
5.830000	0.200	-0.167383
5.833333	0.200	-0.167224
5.836667	0.200	-0.169982
5.840000	0.200	-0.175448
5.843333	0.200	-0.182954
5.846667	0.200	-0.190881
5.850000	0.200	-0.197758
5.853333	0.200	-0.203431
5.856667	0.200	-0.208621
5.860000	0.200	-0.213779
5.863333	0.200	-0.218690
5.866667	0.200	-0.222855
5.870000	0.200	-0.226035
5.873333	0.200	-0.228465
5.876667	0.200	-0.230549
5.880000	0.200	-0.232547
5.883333	0.200	-0.234476
5.886667	0.200	-0.236025
5.890000	0.200	-0.236553
5.893333	0.200	-0.235387
5.896667	0.200	-0.232377
5.900000	0.200	-0.228217
5.903333	0.200	-0.224062
5.906667	0.200	-0.220621
5.910000	0.200	-0.217546
5.913333	0.200	-0.213770
5.916667	0.200	-0.208681
5.920000	0.200	-0.202847
5.923333	0.200	-0.197262
5.926667	0.200	-0.192233
5.930000	0.200	-0.187476
5.933333	0.200	-0.183090
5.936667	0.200	-0.180032
5.940000	0.200	-0.179446
5.943333	0.200	-0.181723
5.946667	0.200	-0.186244
5.950000	0.200	-0.191646
5.953333	0.200	-0.196338
5.956667	0.200	-0.199255
5.960000	0.200	-0.200368
5.963333	0.200	-0.200247
5.966667	0.200	-0.199063
5.970000	0.200	-0.196341
5.973333	0.200	-0.191546
5.976667	0.200	-0.184610
5.980000	0.200	-0.176226
5.983333	0.200	-0.167813
5.986667	0.200	-0.160927
5.990000	0.200	-0.156563
5.993333	0.200	-0.154977
5.996667	0.200	-0.156012
6.000000	0.200	-0.159358
6.003333	0.200	-0.164224
6.006667	0.200	-0.169024
6.010000	0.200	-0.172225
6.013333	0.200	-0.173614
6.016667	0.200	-0.174370
6.020000	0.200	-0.176163
6.023333	0.200	-0.179950
6.026667	0.200	-0.185106
6.030000	0.200	-0.190190
6.033333	0.200	-0.194385
6.036667	0.200	-0.197579
6.040000	0.200	-0.199911
6.043333	0.200	-0.201776
6.046667	0.200	-0.203591
6.050000	0.200	-0.205330
6.053333	0.200	-0.206646
6.056667	0.200	-0.207324
6.060000	0.200	-0.207311
6.063333	0.200	-0.206291
6.066667	0.200	-0.203472
6.070000	0.200	-0.198316
6.073333	0.200	-0.191665
6.076667	0.200	-0.185681
6.080000	0.200	-0.182207
6.083333	0.200	-0.181304
6.086667	0.200	-0.181805
6.090000	0.200	-0.182597
6.093333	0.200	-0.182915
6.096667	0.200	-0.182117
6.100000	0.200	-0.179511
6.103333	0.200	-0.174418
6.106667	0.200	-0.166385
6.110000	0.200	-0.155346
6.113333	0.200	-0.141575
6.116667	0.200	-0.125554
6.120000	0.200	-0.108245
6.123333	0.200	-0.091318
6.126667	0.200	-0.076545
6.130000	0.200	-0.065026
6.133333	0.200	-0.057309
6.136667	0.200	-0.053893
6.140000	0.200	-0.054928
6.143333	0.200	-0.059821
6.146667	0.200	-0.067949
6.150000	0.200	-0.079123
6.153333	0.200	-0.092743
6.156667	0.200	-0.107409
6.160000	0.200	-0.121609
6.163333	0.200	-0.134009
6.166667	0.200	-0.143434
6.170000	0.200	-0.149476
6.173333	0.200	-0.152807
6.176667	0.200	-0.154624
6.180000	0.200	-0.156089
6.183333	0.200	-0.158162
6.186667	0.200	-0.161489
6.190000	0.200	-0.166082
6.193333	0.200	-0.171094
6.196667	0.200	-0.175401
6.200000	0.200	-0.178505
6.203333	0.200	-0.180620
6.206667	0.200	-0.181990
6.210000	0.200	-0.182484
6.213333	0.200	-0.182168
6.216667	0.200	-0.181822
6.220000	0.200	-0.182207
6.223333	0.200	-0.183052
6.226667	0.200	-0.183248
6.230000	0.200	-0.181932
6.233333	0.200	-0.179234
6.236667	0.200	-0.176143
6.240000	0.200	-0.173799
6.243333	0.200	-0.172805
6.246667	0.200	-0.172971
6.250000	0.200	-0.173662
6.253333	0.200	-0.174490
6.256667	0.200	-0.175561
6.260000	0.200	-0.176831
6.263333	0.200	-0.177545
6.266667	0.200	-0.176503
6.270000	0.200	-0.172767
6.273333	0.200	-0.166233
6.276667	0.200	-0.157550
6.280000	0.200	-0.147338
6.283333	0.200	-0.135717
6.286667	0.200	-0.122841
6.290000	0.200	-0.109544
6.293333	0.200	-0.097076
6.296667	0.200	-0.086462
6.300000	0.200	-0.078465
6.303333	0.200	-0.073833
6.306667	0.200	-0.073076
6.310000	0.200	-0.076036
6.313333	0.200	-0.081996
6.316667	0.200	-0.090334
6.320000	0.200	-0.100936
6.323333	0.200	-0.113683
6.326667	0.200	-0.127595
6.330000	0.200	-0.140871
6.333333	0.200	-0.151820
6.336667	0.200	-0.159580
6.340000	0.200	-0.164098
6.343333	0.200	-0.165711
6.346667	0.200	-0.164772
6.350000	0.200	-0.161587
6.353333	0.200	-0.156650
6.356667	0.200	-0.150677
6.360000	0.200	-0.144484
6.363333	0.200	-0.139253
6.366667	0.200	-0.136543
6.370000	0.200	-0.137345
6.373333	0.200	-0.141327
6.376667	0.200	-0.147290
6.380000	0.200	-0.153943
6.383333	0.200	-0.160131
6.386667	0.200	-0.164994
6.390000	0.200	-0.168236
6.393333	0.200	-0.170025
6.396667	0.200	-0.170756
6.400000	0.200	-0.170941
6.403333	0.200	-0.170901
6.406667	0.200	-0.170761
6.410000	0.200	-0.170866
6.413333	0.200	-0.171504
6.416667	0.200	-0.172201
6.420000	0.200	-0.171965
6.423333	0.200	-0.170309
6.426667	0.200	-0.167599
6.430000	0.200	-0.164561
6.433333	0.200	-0.162036
6.436667	0.200	-0.160826
6.440000	0.200	-0.160971
6.443333	0.200	-0.161350
6.446667	0.200	-0.160577
6.450000	0.200	-0.158351
6.453333	0.200	-0.155641
6.456667	0.200	-0.153583
6.460000	0.200	-0.152499
6.463333	0.200	-0.152070
6.466667	0.200	-0.152009
6.470000	0.200	-0.152219
6.473333	0.200	-0.152712
6.476667	0.200	-0.153562
6.480000	0.200	-0.154758
6.483333	0.200	-0.156123
6.486667	0.200	-0.157290
6.490000	0.200	-0.157713
6.493333	0.200	-0.157071
6.496667	0.200	-0.155836
6.500000	0.200	-0.155058
6.503333	0.200	-0.155411
6.506667	0.200	-0.156682
6.510000	0.200	-0.158212
6.513333	0.200	-0.159518
6.516667	0.200	-0.160496
6.520000	0.200	-0.161234
6.523333	0.200	-0.161838
6.526667	0.200	-0.162446
6.530000	0.200	-0.163020
6.533333	0.200	-0.163137
6.536667	0.200	-0.162489
6.540000	0.200	-0.161463
6.543333	0.200	-0.160851
6.546667	0.200	-0.160993
6.550000	0.200	-0.161292
6.553333	0.200	-0.160709
6.556667	0.200	-0.158750
6.560000	0.200	-0.155876
6.563333	0.200	-0.152985
6.566667	0.200	-0.150608
6.570000	0.200	-0.148609
6.573333	0.200	-0.146650
6.576667	0.200	-0.144795
6.580000	0.200	-0.143595
6.583333	0.200	-0.143729
6.586667	0.200	-0.145263
6.590000	0.200	-0.147313
6.593333	0.200	-0.148836
6.596667	0.200	-0.149457
6.600000	0.200	-0.149435
6.603333	0.200	-0.149229
6.606667	0.200	-0.149018
6.610000	0.200	-0.148643
6.613333	0.200	-0.148079
6.616667	0.200	-0.147806
6.620000	0.200	-0.148531
6.623333	0.200	-0.150328
6.626667	0.200	-0.152351
6.630000	0.200	-0.153631
6.633333	0.200	-0.153820
6.636667	0.200	-0.153201
6.640000	0.200	-0.152297
6.643333	0.200	-0.151444
6.646667	0.200	-0.150573
6.650000	0.200	-0.149331
6.653333	0.200	-0.147428
6.656667	0.200	-0.144766
6.660000	0.200	-0.141416
6.663333	0.200	-0.137855
6.666667	0.200	-0.135031
6.670000	0.200	-0.133884
6.673333	0.200	-0.134735
6.676667	0.200	-0.136990
6.680000	0.200	-0.139532
6.683333	0.200	-0.141687
6.686667	0.200	-0.143706
6.690000	0.200	-0.146220
6.693333	0.200	-0.149484
6.696667	0.200	-0.153112
6.700000	0.200	-0.156122
6.703333	0.200	-0.157362
6.706667	0.200	-0.156382
6.710000	0.200	-0.153797
6.713333	0.200	-0.150832
6.716667	0.200	-0.148727
6.720000	0.200	-0.148108
6.723333	0.200	-0.148720
6.726667	0.200	-0.149846
6.730000	0.200	-0.150635
6.733333	0.200	-0.150394
6.736667	0.200	-0.149322
6.740000	0.200	-0.148426
6.743333	0.200	-0.148424
6.746667	0.200	-0.149245
6.750000	0.200	-0.150346
6.753333	0.200	-0.151227
6.756667	0.200	-0.151801
6.760000	0.200	-0.152286
6.763333	0.200	-0.152798
6.766667	0.200	-0.153051
6.770000	0.200	-0.152652
6.773333	0.200	-0.151644
6.776667	0.200	-0.150443
6.780000	0.200	-0.149279
6.783333	0.200	-0.147827
6.786667	0.200	-0.145645
6.790000	0.200	-0.142978
6.793333	0.200	-0.140641
6.796667	0.200	-0.139273
6.800000	0.200	-0.138953
6.803333	0.200	-0.138985
6.806667	0.200	-0.138189
6.810000	0.200	-0.135824
6.813333	0.200	-0.131805
6.816667	0.200	-0.126099
6.820000	0.200	-0.118597
6.823333	0.200	-0.109405
6.826667	0.200	-0.099066
6.830000	0.200	-0.088562
6.833333	0.200	-0.078940
6.836667	0.200	-0.071039
6.840000	0.200	-0.065359
6.843333	0.200	-0.061701
6.846667	0.200	-0.059401
6.850000	0.200	-0.058278
6.853333	0.200	-0.058905
6.856667	0.200	-0.061892
6.860000	0.200	-0.067214
6.863333	0.200	-0.074006
6.866667	0.200	-0.080844
6.870000	0.200	-0.086405
6.873333	0.200	-0.089745
6.876667	0.200	-0.089576
6.880000	0.200	-0.082866
6.883333	0.200	-0.063305
6.886667	0.200	-0.019324
6.890000	0.200	0.068702
6.893333	0.200	0.231977
6.896667	0.200	0.517667
6.900000	0.200	0.994509
6.903333	0.200	1.759517
6.906667	0.200	2.944134
6.910000	0.200	4.716087
6.913333	0.200	7.274702
6.916667	0.200	10.840729
6.920000	0.200	15.640361
6.923333	0.200	21.880438
6.926667	0.200	29.714579
6.930000	0.200	39.205533
6.933333	0.200	50.290564
6.936667	0.200	62.755183
6.940000	0.200	76.220682
6.943333	0.200	90.151708
6.946667	0.200	103.887846
6.950000	0.200	116.697179
6.953333	0.200	127.844086
6.956667	0.200	136.662127
6.960000	0.200	142.623469
6.963333	0.200	145.395138
6.966667	0.200	144.872848
6.970000	0.200	141.186997
6.973333	0.200	134.679740
6.976667	0.200	125.857874
6.980000	0.200	115.331639
6.983333	0.200	103.749578
6.986667	0.200	91.737272
6.990000	0.200	79.846813
6.993333	0.200	68.522364
6.996667	0.200	58.083801
7.000000	0.200	48.727209
7.003333	0.200	40.538129
7.006667	0.200	33.512376
7.010000	0.200	27.581005
7.013333	0.200	22.635673
7.016667	0.200	18.549690
7.020000	0.200	15.193296
7.023333	0.200	12.444346
7.026667	0.200	10.194643
7.030000	0.200	8.352081
7.033333	0.200	6.840451
7.036667	0.200	5.598501
7.040000	0.200	4.577931
7.043333	0.200	3.740268
7.046667	0.200	3.053837
7.050000	0.200	2.491946
7.053333	0.200	2.032462
7.056667	0.200	1.657513
7.060000	0.200	1.352195
7.063333	0.200	1.103649
7.066667	0.200	0.901423
7.070000	0.200	0.737444
7.073333	0.200	0.604885
7.076667	0.200	0.497418
7.080000	0.200	0.409775
7.083333	0.200	0.338371
7.086667	0.200	0.280931
7.090000	0.200	0.235518
7.093333	0.200	0.199658
7.096667	0.200	0.170403
7.100000	0.200	0.145307
7.103333	0.200	0.122952
7.106667	0.200	0.102741
7.110000	0.200	0.084899
7.113333	0.200	0.070288
7.116667	0.200	0.059478
7.120000	0.200	0.051914
7.123333	0.200	0.046259
7.126667	0.200	0.041502
7.130000	0.200	0.037119
7.133333	0.200	0.032260
7.136667	0.200	0.026027
7.140000	0.200	0.018467
7.143333	0.200	0.010402
7.146667	0.200	0.002662
7.150000	0.200	-0.004351
7.153333	0.200	-0.010891
7.156667	0.200	-0.017380
7.160000	0.200	-0.023616
7.163333	0.200	-0.029052
7.166667	0.200	-0.033696
7.170000	0.200	-0.038303
7.173333	0.200	-0.043482
7.176667	0.200	-0.048853
7.180000	0.200	-0.053555
7.183333	0.200	-0.057303
7.186667	0.200	-0.060393
7.190000	0.200	-0.063016
7.193333	0.200	-0.065075
7.196667	0.200	-0.066488
7.200000	0.200	-0.067544
7.203333	0.200	-0.069137
7.206667	0.200	-0.072305
7.210000	0.200	-0.077203
7.213333	0.200	-0.082922
7.216667	0.200	-0.088410
7.220000	0.200	-0.093055
7.223333	0.200	-0.096446
7.226667	0.200	-0.098471
7.230000	0.200	-0.099630
7.233333	0.200	-0.100460
7.236667	0.200	-0.100939
7.240000	0.200	-0.101075
7.243333	0.200	-0.101506
7.246667	0.200	-0.102888
7.250000	0.200	-0.105163
7.253333	0.200	-0.107781
7.256667	0.200	-0.110234
7.260000	0.200	-0.112108
7.263333	0.200	-0.113019
7.266667	0.200	-0.113062
7.270000	0.200	-0.113049
7.273333	0.200	-0.113835
7.276667	0.200	-0.115552
7.280000	0.200	-0.117725
7.283333	0.200	-0.120060
7.286667	0.200	-0.122565
7.290000	0.200	-0.124746
7.293333	0.200	-0.125706
7.296667	0.200	-0.125238
7.300000	0.200	-0.124016
7.303333	0.200	-0.123011
7.306667	0.200	-0.123242
7.310000	0.200	-0.125380
7.313333	0.200	-0.129148
7.316667	0.200	-0.133450
7.320000	0.200	-0.137107
7.323333	0.200	-0.139386
7.326667	0.200	-0.140305
7.330000	0.200	-0.140497
7.333333	0.200	-0.140613
7.336667	0.200	-0.141024
7.340000	0.200	-0.141833
7.343333	0.200	-0.142942
7.346667	0.200	-0.144321
7.350000	0.200	-0.146108
7.353333	0.200	-0.148071
7.356667	0.200	-0.149328
7.360000	0.200	-0.149170
7.363333	0.200	-0.147776
7.366667	0.200	-0.145835
7.370000	0.200	-0.143960
7.373333	0.200	-0.142594
7.376667	0.200	-0.142093
7.380000	0.200	-0.142499
7.383333	0.200	-0.143515
7.386667	0.200	-0.144813
7.390000	0.200	-0.146086
7.393333	0.200	-0.147152
7.396667	0.200	-0.148046
7.400000	0.200	-0.148610
7.403333	0.200	-0.148260
7.406667	0.200	-0.146448
7.410000	0.200	-0.143095
7.413333	0.200	-0.138618
7.416667	0.200	-0.133936
7.420000	0.200	-0.130272
7.423333	0.200	-0.128414
7.426667	0.200	-0.128151
7.430000	0.200	-0.128848
7.433333	0.200	-0.130403
7.436667	0.200	-0.132926
7.440000	0.200	-0.135810
7.443333	0.200	-0.138035
7.446667	0.200	-0.139340
7.450000	0.200	-0.140563
7.453333	0.200	-0.142683
7.456667	0.200	-0.145695
7.460000	0.200	-0.148702
7.463333	0.200	-0.150961
7.466667	0.200	-0.152479
7.470000	0.200	-0.153739
7.473333	0.200	-0.155090
7.476667	0.200	-0.156296
7.480000	0.200	-0.156953
7.483333	0.200	-0.157384
7.486667	0.200	-0.158364
7.490000	0.200	-0.159985
7.493333	0.200	-0.161599
7.496667	0.200	-0.162638
7.500000	0.200	-0.162855
7.503333	0.200	-0.162067
7.506667	0.200	-0.160193
7.510000	0.200	-0.157525
7.513333	0.200	-0.154974
7.516667	0.200	-0.153764
7.520000	0.200	-0.154524
7.523333	0.200	-0.156669
7.526667	0.200	-0.158578
7.530000	0.200	-0.158580
7.533333	0.200	-0.156129
7.536667	0.200	-0.152131
7.540000	0.200	-0.148211
7.543333	0.200	-0.145700
7.546667	0.200	-0.145146
7.550000	0.200	-0.146473
7.553333	0.200	-0.149218
7.556667	0.200	-0.152418
7.560000	0.200	-0.154732
7.563333	0.200	-0.155506
7.566667	0.200	-0.155512
7.570000	0.200	-0.156095
7.573333	0.200	-0.158107
7.576667	0.200	-0.161629
7.580000	0.200	-0.165816
7.583333	0.200	-0.169206
7.586667	0.200	-0.170890
7.590000	0.200	-0.171166
7.593333	0.200	-0.170810
7.596667	0.200	-0.170160
7.600000	0.200	-0.169194
7.603333	0.200	-0.168072
7.606667	0.200	-0.167276
7.610000	0.200	-0.167315
7.613333	0.200	-0.168366
7.616667	0.200	-0.170158
7.620000	0.200	-0.172313
7.623333	0.200	-0.174501
7.626667	0.200	-0.176094
7.630000	0.200	-0.176388
7.633333	0.200	-0.175426
7.636667	0.200	-0.173843
7.640000	0.200	-0.172088
7.643333	0.200	-0.170454
7.646667	0.200	-0.169301
7.650000	0.200	-0.168803
7.653333	0.200	-0.168949
7.656667	0.200	-0.169938
7.660000	0.200	-0.171859
7.663333	0.200	-0.173866
7.666667	0.200	-0.174633
7.670000	0.200	-0.173842
7.673333	0.200	-0.172421
7.676667	0.200	-0.171471
7.680000	0.200	-0.171701
7.683333	0.200	-0.173504
7.686667	0.200	-0.176658
7.690000	0.200	-0.180203
7.693333	0.200	-0.183060
7.696667	0.200	-0.184677
7.700000	0.200	-0.185287
7.703333	0.200	-0.185547
7.706667	0.200	-0.185762
7.710000	0.200	-0.185727
7.713333	0.200	-0.185162
7.716667	0.200	-0.184067
7.720000	0.200	-0.182590
7.723333	0.200	-0.180609
7.726667	0.200	-0.178048
7.730000	0.200	-0.175587
7.733333	0.200	-0.174413
7.736667	0.200	-0.175258
7.740000	0.200	-0.177652
7.743333	0.200	-0.179966
7.746667	0.200	-0.180651
7.750000	0.200	-0.179490
7.753333	0.200	-0.177176
7.756667	0.200	-0.174252
7.760000	0.200	-0.171085
7.763333	0.200	-0.168048
7.766667	0.200	-0.165183
7.770000	0.200	-0.162566
7.773333	0.200	-0.160852
7.776667	0.200	-0.160707
7.780000	0.200	-0.162013
7.783333	0.200	-0.163940
7.786667	0.200	-0.165889
7.790000	0.200	-0.168220
7.793333	0.200	-0.171466
7.796667	0.200	-0.175187
7.800000	0.200	-0.178324
7.803333	0.200	-0.180478
7.806667	0.200	-0.182205
7.810000	0.200	-0.184076
7.813333	0.200	-0.186112
7.816667	0.200	-0.188016
7.820000	0.200	-0.189209
7.823333	0.200	-0.189008
7.826667	0.200	-0.187299
7.830000	0.200	-0.184502
7.833333	0.200	-0.180711
7.836667	0.200	-0.175524
7.840000	0.200	-0.168778
7.843333	0.200	-0.160879
7.846667	0.200	-0.152332
7.850000	0.200	-0.143590
7.853333	0.200	-0.135365
7.856667	0.200	-0.128503
7.860000	0.200	-0.123657
7.863333	0.200	-0.121131
7.866667	0.200	-0.120717
7.870000	0.200	-0.121925
7.873333	0.200	-0.124641
7.876667	0.200	-0.129019
7.880000	0.200	-0.134790
7.883333	0.200	-0.141457
7.886667	0.200	-0.148969
7.890000	0.200	-0.157352
7.893333	0.200	-0.165732
7.896667	0.200	-0.172576
7.900000	0.200	-0.177071
7.903333	0.200	-0.179753
7.906667	0.200	-0.181759
7.910000	0.200	-0.183888
7.913333	0.200	-0.186437
7.916667	0.200	-0.189328
7.920000	0.200	-0.192005
7.923333	0.200	-0.193822
7.926667	0.200	-0.194599
7.930000	0.200	-0.194567
7.933333	0.200	-0.194407
7.936667	0.200	-0.195293
7.940000	0.200	-0.197754
7.943333	0.200	-0.200876
7.946667	0.200	-0.203619
7.950000	0.200	-0.205846
7.953333	0.200	-0.207499
7.956667	0.200	-0.208357
7.960000	0.200	-0.208777
7.963333	0.200	-0.209459
7.966667	0.200	-0.210414
7.970000	0.200	-0.210920
7.973333	0.200	-0.210668
7.976667	0.200	-0.210233
7.980000	0.200	-0.210397
7.983333	0.200	-0.211498
7.986667	0.200	-0.213159
7.990000	0.200	-0.214660
7.993333	0.200	-0.215791
7.996667	0.200	-0.216921
8.000000	0.200	-0.218262
8.003333	0.200	-0.219342
8.006667	0.200	-0.219255
8.010000	0.200	-0.217404
8.013333	0.200	-0.213862
8.016667	0.200	-0.209327
8.020000	0.200	-0.205058
8.023333	0.200	-0.202364
8.026667	0.200	-0.201850
8.030000	0.200	-0.203356
8.033333	0.200	-0.206334
8.036667	0.200	-0.210008
8.040000	0.200	-0.213582
8.043333	0.200	-0.216530
8.046667	0.200	-0.218694
8.050000	0.200	-0.220414
8.053333	0.200	-0.222170
8.056667	0.200	-0.223722
8.060000	0.200	-0.224180
8.063333	0.200	-0.222739
8.066667	0.200	-0.218830
8.070000	0.200	-0.211974
8.073333	0.200	-0.201707
8.076667	0.200	-0.187637
8.080000	0.200	-0.169942
8.083333	0.200	-0.149906
8.086667	0.200	-0.129771
8.090000	0.200	-0.111991
8.093333	0.200	-0.098809
8.096667	0.200	-0.092015
8.100000	0.200	-0.092269
8.103333	0.200	-0.098829
8.106667	0.200	-0.110269
8.110000	0.200	-0.125250
8.113333	0.200	-0.142533
8.116667	0.200	-0.160637
8.120000	0.200	-0.177900
8.123333	0.200	-0.192857
8.126667	0.200	-0.204622
8.130000	0.200	-0.213111
8.133333	0.200	-0.218923
8.136667	0.200	-0.222911
8.140000	0.200	-0.225637
8.143333	0.200	-0.227159
8.146667	0.200	-0.227450
8.150000	0.200	-0.226896
8.153333	0.200	-0.226176
8.156667	0.200	-0.225643
8.160000	0.200	-0.225101
8.163333	0.200	-0.224205
8.166667	0.200	-0.222659
8.170000	0.200	-0.220133
8.173333	0.200	-0.216146
8.176667	0.200	-0.209956
8.180000	0.200	-0.200800
8.183333	0.200	-0.188517
8.186667	0.200	-0.174060
8.190000	0.200	-0.159418
8.193333	0.200	-0.146600
8.196667	0.200	-0.136555
8.200000	0.200	-0.129510
8.203333	0.200	-0.125886
8.206667	0.200	-0.126230
8.210000	0.200	-0.130806
8.213333	0.200	-0.139630
8.216667	0.200	-0.152415
8.220000	0.200	-0.168016
8.223333	0.200	-0.184270
8.226667	0.200	-0.198920
8.230000	0.200	-0.210663
8.233333	0.200	-0.219303
8.236667	0.200	-0.225276
8.240000	0.200	-0.229176
8.243333	0.200	-0.231396
8.246667	0.200	-0.231784
8.250000	0.200	-0.229953
8.253333	0.200	-0.226308
8.256667	0.200	-0.222468
8.260000	0.200	-0.220294
8.263333	0.200	-0.220665
8.266667	0.200	-0.223244
8.270000	0.200	-0.226927
8.273333	0.200	-0.230372
8.276667	0.200	-0.232519
8.280000	0.200	-0.232987
8.283333	0.200	-0.232343
8.286667	0.200	-0.231926
8.290000	0.200	-0.232794
8.293333	0.200	-0.234879
8.296667	0.200	-0.237568
8.300000	0.200	-0.240515
8.303333	0.200	-0.243500
8.306667	0.200	-0.246114
8.310000	0.200	-0.247770
8.313333	0.200	-0.247796
8.316667	0.200	-0.245873
8.320000	0.200	-0.242613
8.323333	0.200	-0.239213
8.326667	0.200	-0.236402
8.330000	0.200	-0.234169
8.333333	0.200	-0.232394
8.336667	0.200	-0.231215
8.340000	0.200	-0.230910
8.343333	0.200	-0.231930
8.346667	0.200	-0.234799
8.350000	0.200	-0.239543
8.353333	0.200	-0.245298
8.356667	0.200	-0.250611
8.360000	0.200	-0.254357
8.363333	0.200	-0.256477
8.366667	0.200	-0.257573
8.370000	0.200	-0.258272
8.373333	0.200	-0.259235
8.376667	0.200	-0.260868
8.380000	0.200	-0.262999
8.383333	0.200	-0.265361
8.386667	0.200	-0.267736
8.390000	0.200	-0.269560
8.393333	0.200	-0.270219
8.396667	0.200	-0.269657
8.400000	0.200	-0.268298
8.403333	0.200	-0.266654
8.406667	0.200	-0.265091
8.410000	0.200	-0.263846
8.413333	0.200	-0.263238
8.416667	0.200	-0.263489
8.420000	0.200	-0.264314
8.423333	0.200	-0.265374
8.426667	0.200	-0.267118
8.430000	0.200	-0.270275
8.433333	0.200	-0.274441
8.436667	0.200	-0.278254
8.440000	0.200	-0.280903
8.443333	0.200	-0.282436
8.446667	0.200	-0.283107
8.450000	0.200	-0.283019
8.453333	0.200	-0.282227
8.456667	0.200	-0.281237
8.460000	0.200	-0.280840
8.463333	0.200	-0.281120
8.466667	0.200	-0.281398
8.470000	0.200	-0.281088
8.473333	0.200	-0.280008
8.476667	0.200	-0.278195
8.480000	0.200	-0.275787
8.483333	0.200	-0.273201
8.486667	0.200	-0.271165
8.490000	0.200	-0.270118
8.493333	0.200	-0.269903
8.496667	0.200	-0.270203
8.500000	0.200	-0.270851
8.503333	0.200	-0.271861
8.506667	0.200	-0.273392
8.510000	0.200	-0.275511
8.513333	0.200	-0.278001
8.516667	0.200	-0.280374
8.520000	0.200	-0.282132
8.523333	0.200	-0.283266
8.526667	0.200	-0.284354
8.530000	0.200	-0.285826
8.533333	0.200	-0.287381
8.536667	0.200	-0.288512
8.540000	0.200	-0.289155
8.543333	0.200	-0.289566
8.546667	0.200	-0.290173
8.550000	0.200	-0.291270
8.553333	0.200	-0.292267
8.556667	0.200	-0.292080
8.560000	0.200	-0.290548
8.563333	0.200	-0.288732
8.566667	0.200	-0.287766
8.570000	0.200	-0.287884
8.573333	0.200	-0.288597
8.576667	0.200	-0.289384
8.580000	0.200	-0.290047
8.583333	0.200	-0.290705
8.586667	0.200	-0.291367
8.590000	0.200	-0.291483
8.593333	0.200	-0.290396
8.596667	0.200	-0.288143
8.600000	0.200	-0.285319
8.603333	0.200	-0.282588
8.606667	0.200	-0.280572
8.610000	0.200	-0.279739
8.613333	0.200	-0.280208
8.616667	0.200	-0.281691
8.620000	0.200	-0.283602
8.623333	0.200	-0.285384
8.626667	0.200	-0.286784
8.630000	0.200	-0.287995
8.633333	0.200	-0.289466
8.636667	0.200	-0.291177
8.640000	0.200	-0.292442
8.643333	0.200	-0.292572
8.646667	0.200	-0.291317
8.650000	0.200	-0.288962
8.653333	0.200	-0.286375
8.656667	0.200	-0.284751
8.660000	0.200	-0.284821
8.663333	0.200	-0.286124
8.666667	0.200	-0.287324
8.670000	0.200	-0.287137
8.673333	0.200	-0.285029
8.676667	0.200	-0.281502
8.680000	0.200	-0.277840
8.683333	0.200	-0.275457
8.686667	0.200	-0.275301
8.690000	0.200	-0.277444
8.693333	0.200	-0.280841
8.696667	0.200	-0.283790
8.700000	0.200	-0.285178
8.703333	0.200	-0.285124
8.706667	0.200	-0.284367
8.710000	0.200	-0.283753
8.713333	0.200	-0.284174
8.716667	0.200	-0.286173
8.720000	0.200	-0.289522
8.723333	0.200	-0.293299
8.726667	0.200	-0.296324
8.730000	0.200	-0.297784
8.733333	0.200	-0.297636
8.736667	0.200	-0.296627
8.740000	0.200	-0.295959
8.743333	0.200	-0.296422
8.746667	0.200	-0.297827
8.750000	0.200	-0.299475
8.753333	0.200	-0.300910
8.756667	0.200	-0.302088
8.760000	0.200	-0.303241
8.763333	0.200	-0.304761
8.766667	0.200	-0.306712
8.770000	0.200	-0.308312
8.773333	0.200	-0.308441
8.776667	0.200	-0.306572
8.780000	0.200	-0.303169
8.783333	0.200	-0.299629
8.786667	0.200	-0.297470
8.790000	0.200	-0.297151
8.793333	0.200	-0.298032
8.796667	0.200	-0.299269
8.800000	0.200	-0.300428
8.803333	0.200	-0.301562
8.806667	0.200	-0.302922
8.810000	0.200	-0.304720
8.813333	0.200	-0.307162
8.816667	0.200	-0.310331
8.820000	0.200	-0.313904
8.823333	0.200	-0.317116
8.826667	0.200	-0.319242
8.830000	0.200	-0.320155
8.833333	0.200	-0.320287
8.836667	0.200	-0.320305
8.840000	0.200	-0.321013
8.843333	0.200	-0.323186
8.846667	0.200	-0.327240
8.850000	0.200	-0.332845
8.853333	0.200	-0.338606
8.856667	0.200	-0.342693
8.860000	0.200	-0.344101
8.863333	0.200	-0.342944
8.866667	0.200	-0.339829
8.870000	0.200	-0.335156
8.873333	0.200	-0.328575
8.876667	0.200	-0.318883
8.880000	0.200	-0.304433
8.883333	0.200	-0.283899
8.886667	0.200	-0.257326
8.890000	0.200	-0.226946
8.893333	0.200	-0.196860
8.896667	0.200	-0.171570
8.900000	0.200	-0.154534
8.903333	0.200	-0.147600
8.906667	0.200	-0.151150
8.910000	0.200	-0.164551
8.913333	0.200	-0.186746
8.916667	0.200	-0.216243
8.920000	0.200	-0.250397
8.923333	0.200	-0.285314
8.926667	0.200	-0.317345
8.930000	0.200	-0.344763
8.933333	0.200	-0.367571
8.936667	0.200	-0.386103
8.940000	0.200	-0.400465
8.943333	0.200	-0.411142
8.946667	0.200	-0.419166
8.950000	0.200	-0.425279
8.953333	0.200	-0.429538
8.956667	0.200	-0.432103
8.960000	0.200	-0.434055
8.963333	0.200	-0.437008
8.966667	0.200	-0.441789
8.970000	0.200	-0.447754
8.973333	0.200	-0.453524
8.976667	0.200	-0.457859
8.980000	0.200	-0.459769
8.983333	0.200	-0.458804
8.986667	0.200	-0.455668
8.990000	0.200	-0.451859
8.993333	0.200	-0.448586
8.996667	0.200	-0.446194
9.000000	0.200	-0.444239
9.003333	0.200	-0.441817
9.006667	0.200	-0.437495
9.010000	0.200	-0.429117
9.013333	0.200	-0.414702
9.016667	0.200	-0.393892
9.020000	0.200	-0.368428
9.023333	0.200	-0.341611
9.026667	0.200	-0.317167
9.030000	0.200	-0.298032
9.033333	0.200	-0.285975
9.036667	0.200	-0.282183
9.040000	0.200	-0.287510
9.043333	0.200	-0.301798
9.046667	0.200	-0.323188
9.050000	0.200	-0.348144
9.053333	0.200	-0.372510
9.056667	0.200	-0.393149
9.060000	0.200	-0.408734
9.063333	0.200	-0.419394
9.066667	0.200	-0.426210
9.070000	0.200	-0.430812
9.073333	0.200	-0.434710
9.076667	0.200	-0.438650
9.080000	0.200	-0.442617
9.083333	0.200	-0.446183
9.086667	0.200	-0.448606
9.090000	0.200	-0.449206
9.093333	0.200	-0.448188
9.096667	0.200	-0.446670
9.100000	0.200	-0.445684
9.103333	0.200	-0.445544
9.106667	0.200	-0.446063
9.110000	0.200	-0.446861
9.113333	0.200	-0.447692
9.116667	0.200	-0.448852
9.120000	0.200	-0.451058
9.123333	0.200	-0.454679
9.126667	0.200	-0.459237
9.130000	0.200	-0.463697
9.133333	0.200	-0.467055
9.136667	0.200	-0.468849
9.140000	0.200	-0.469191
9.143333	0.200	-0.468250
9.146667	0.200	-0.466145
9.150000	0.200	-0.463421
9.153333	0.200	-0.461029
9.156667	0.200	-0.459654
9.160000	0.200	-0.459309
9.163333	0.200	-0.459556
9.166667	0.200	-0.460267
9.170000	0.200	-0.461959
9.173333	0.200	-0.464879
9.176667	0.200	-0.468300
9.180000	0.200	-0.470928
9.183333	0.200	-0.471636
9.186667	0.200	-0.470185
9.190000	0.200	-0.467290
9.193333	0.200	-0.464016
9.196667	0.200	-0.461405
9.200000	0.200	-0.460021
9.203333	0.200	-0.459401
9.206667	0.200	-0.458569
9.210000	0.200	-0.457100
9.213333	0.200	-0.455287
9.216667	0.200	-0.453462
9.220000	0.200	-0.451605
9.223333	0.200	-0.449784
9.226667	0.200	-0.448563
9.230000	0.200	-0.448624
9.233333	0.200	-0.450091
9.236667	0.200	-0.452331
9.240000	0.200	-0.454267
9.243333	0.200	-0.454950
9.246667	0.200	-0.454279
9.250000	0.200	-0.453037
9.253333	0.200	-0.451774
9.256667	0.200	-0.450093
9.260000	0.200	-0.447489
9.263333	0.200	-0.444444
9.266667	0.200	-0.442349
9.270000	0.200	-0.442604
9.273333	0.200	-0.445756
9.276667	0.200	-0.451166
9.280000	0.200	-0.457482
9.283333	0.200	-0.463412
9.286667	0.200	-0.468146
9.290000	0.200	-0.471228
9.293333	0.200	-0.472285
9.296667	0.200	-0.471233
9.300000	0.200	-0.468694
9.303333	0.200	-0.466007
9.306667	0.200	-0.464613
9.310000	0.200	-0.465274
9.313333	0.200	-0.467861
9.316667	0.200	-0.471298
9.320000	0.200	-0.473394
9.323333	0.200	-0.471862
9.326667	0.200	-0.466203
9.330000	0.200	-0.458309
9.333333	0.200	-0.451320
9.336667	0.200	-0.447871
9.340000	0.200	-0.448701
9.343333	0.200	-0.452441
9.346667	0.200	-0.456901
9.350000	0.200	-0.460648
9.353333	0.200	-0.463486
9.356667	0.200	-0.465997
9.360000	0.200	-0.468866
9.363333	0.200	-0.472275
9.366667	0.200	-0.475463
9.370000	0.200	-0.476923
9.373333	0.200	-0.475704
9.376667	0.200	-0.472436
9.380000	0.200	-0.468694
9.383333	0.200	-0.465815
9.386667	0.200	-0.464621
9.390000	0.200	-0.465494
9.393333	0.200	-0.467869
9.396667	0.200	-0.469670
9.400000	0.200	-0.468014
9.403333	0.200	-0.461363
9.406667	0.200	-0.450851
9.410000	0.200	-0.439348
9.413333	0.200	-0.429838
9.416667	0.200	-0.424565
9.420000	0.200	-0.424462
9.423333	0.200	-0.428640
9.426667	0.200	-0.434982
9.430000	0.200	-0.441534
9.433333	0.200	-0.447157
9.436667	0.200	-0.451790
9.440000	0.200	-0.456234
9.443333	0.200	-0.460624
9.446667	0.200	-0.463703
9.450000	0.200	-0.464203
9.453333	0.200	-0.462055
9.456667	0.200	-0.458191
9.460000	0.200	-0.454106
9.463333	0.200	-0.451562
9.466667	0.200	-0.451706
9.470000	0.200	-0.454165
9.473333	0.200	-0.456910
9.476667	0.200	-0.456817
9.480000	0.200	-0.451347
9.483333	0.200	-0.440705
9.486667	0.200	-0.428011
9.490000	0.200	-0.417202
9.493333	0.200	-0.410956
9.496667	0.200	-0.409825
9.500000	0.200	-0.412517
9.503333	0.200	-0.416994
9.506667	0.200	-0.421610
9.510000	0.200	-0.425700
9.513333	0.200	-0.429465
9.516667	0.200	-0.433237
9.520000	0.200	-0.436862
9.523333	0.200	-0.440011
9.526667	0.200	-0.442615
9.530000	0.200	-0.444622
9.533333	0.200	-0.446009
9.536667	0.200	-0.447196
9.540000	0.200	-0.448967
9.543333	0.200	-0.451742
9.546667	0.200	-0.454794
9.550000	0.200	-0.456244
9.553333	0.200	-0.453726
9.556667	0.200	-0.445402
9.560000	0.200	-0.431477
9.563333	0.200	-0.414948
9.566667	0.200	-0.400459
9.570000	0.200	-0.392074
9.573333	0.200	-0.391420
9.576667	0.200	-0.397438
9.580000	0.200	-0.407538
9.583333	0.200	-0.418786
9.586667	0.200	-0.428883
9.590000	0.200	-0.436999
9.593333	0.200	-0.443726
9.596667	0.200	-0.449914
9.600000	0.200	-0.455533
9.603333	0.200	-0.459803
9.606667	0.200	-0.462264
9.610000	0.200	-0.463307
9.613333	0.200	-0.463788
9.616667	0.200	-0.464608
9.620000	0.200	-0.466353
9.623333	0.200	-0.468830
9.626667	0.200	-0.470997
9.630000	0.200	-0.471101
9.633333	0.200	-0.466881
9.636667	0.200	-0.456853
9.640000	0.200	-0.442038
9.643333	0.200	-0.425824
9.646667	0.200	-0.412186
9.650000	0.200	-0.404154
9.653333	0.200	-0.403098
9.656667	0.200	-0.408547
9.660000	0.200	-0.418623
9.663333	0.200	-0.431118
9.666667	0.200	-0.444319
9.670000	0.200	-0.456955
9.673333	0.200	-0.467905
9.676667	0.200	-0.476194
9.680000	0.200	-0.481052
9.683333	0.200	-0.482402
9.686667	0.200	-0.481487
9.690000	0.200	-0.480220
9.693333	0.200	-0.479999
9.696667	0.200	-0.481482
9.700000	0.200	-0.484575
9.703333	0.200	-0.488232
9.706667	0.200	-0.490671
9.710000	0.200	-0.489579
9.713333	0.200	-0.482667
9.716667	0.200	-0.469507
9.720000	0.200	-0.452736
9.723333	0.200	-0.436682
9.726667	0.200	-0.425069
9.730000	0.200	-0.419812
9.733333	0.200	-0.421021
9.736667	0.200	-0.427560
9.740000	0.200	-0.437594
9.743333	0.200	-0.449150
9.746667	0.200	-0.460647
9.750000	0.200	-0.471019
9.753333	0.200	-0.479662
9.756667	0.200	-0.486371
9.760000	0.200	-0.491022
9.763333	0.200	-0.493533
9.766667	0.200	-0.494346
9.770000	0.200	-0.494501
9.773333	0.200	-0.495092
9.776667	0.200	-0.496611
9.780000	0.200	-0.498485
9.783333	0.200	-0.499613
9.786667	0.200	-0.499122
9.790000	0.200	-0.496290
9.793333	0.200	-0.490848
9.796667	0.200	-0.483649
9.800000	0.200	-0.476296
9.803333	0.200	-0.470255
9.806667	0.200	-0.466329
9.810000	0.200	-0.464539
9.813333	0.200	-0.464558
9.816667	0.200	-0.466344
9.820000	0.200	-0.469983
9.823333	0.200	-0.475157
9.826667	0.200	-0.481197
9.830000	0.200	-0.487147
9.833333	0.200	-0.491651
9.836667	0.200	-0.493576
9.840000	0.200	-0.492848
9.843333	0.200	-0.490534
9.846667	0.200	-0.488334
9.850000	0.200	-0.487614
9.853333	0.200	-0.488508
9.856667	0.200	-0.490396
9.860000	0.200	-0.493108
9.863333	0.200	-0.496671
9.866667	0.200	-0.500200
9.870000	0.200	-0.502286
9.873333	0.200	-0.502350
9.876667	0.200	-0.500699
9.880000	0.200	-0.497530
9.883333	0.200	-0.492818
9.886667	0.200	-0.487163
9.890000	0.200	-0.481942
9.893333	0.200	-0.478628
9.896667	0.200	-0.478224
9.900000	0.200	-0.480815
9.903333	0.200	-0.485537
9.906667	0.200	-0.491129
9.910000	0.200	-0.496357
9.913333	0.200	-0.500026
9.916667	0.200	-0.501097
9.920000	0.200	-0.499283
9.923333	0.200	-0.495538
9.926667	0.200	-0.491673
9.930000	0.200	-0.489483
9.933333	0.200	-0.489904
9.936667	0.200	-0.492525
9.940000	0.200	-0.496062
9.943333	0.200	-0.499711
9.946667	0.200	-0.503814
9.950000	0.200	-0.508848
9.953333	0.200	-0.514220
9.956667	0.200	-0.518574
9.960000	0.200	-0.520856
9.963333	0.200	-0.520648
9.966667	0.200	-0.517885
9.970000	0.200	-0.512800
9.973333	0.200	-0.506281
9.976667	0.200	-0.499914
9.980000	0.200	-0.495061
9.983333	0.200	-0.492077
9.986667	0.200	-0.490548
9.990000	0.200	-0.489695
9.993333	0.200	-0.488574
9.996667	0.200	-0.486420
10.000000	0.200	-0.483035
10.003333	0.200	-0.479142
10.006667	0.200	-0.476144
10.010000	0.200	-0.475178
10.013333	0.200	-0.476642
10.016667	0.200	-0.480206
10.020000	0.200	-0.484744
10.023333	0.200	-0.488960
10.026667	0.200	-0.492553
10.030000	0.200	-0.496056
10.033333	0.200	-0.499484
10.036667	0.200	-0.501811
10.040000	0.200	-0.501810
10.043333	0.200	-0.499041
10.046667	0.200	-0.493990
10.050000	0.200	-0.487547
10.053333	0.200	-0.480805
10.056667	0.200	-0.475280
10.060000	0.200	-0.472526
10.063333	0.200	-0.473151
10.066667	0.200	-0.476143
10.070000	0.200	-0.479211
10.073333	0.200	-0.480171
10.076667	0.200	-0.478350
10.080000	0.200	-0.474736
10.083333	0.200	-0.470884
10.086667	0.200	-0.467838
10.090000	0.200	-0.465899
10.093333	0.200	-0.465020
10.096667	0.200	-0.465237
10.100000	0.200	-0.466657
10.103333	0.200	-0.469185
10.106667	0.200	-0.472524
10.110000	0.200	-0.476330
10.113333	0.200	-0.479962
10.116667	0.200	-0.482233
10.120000	0.200	-0.481967
10.123333	0.200	-0.478711
10.126667	0.200	-0.472849
10.130000	0.200	-0.465599
10.133333	0.200	-0.458991
10.136667	0.200	-0.455200
10.140000	0.200	-0.455190
10.143333	0.200	-0.457870
10.146667	0.200	-0.460768
10.150000	0.200	-0.461532
10.153333	0.200	-0.459277
10.156667	0.200	-0.455073
10.160000	0.200	-0.451022
10.163333	0.200	-0.448750
10.166667	0.200	-0.448645
10.170000	0.200	-0.450021
10.173333	0.200	-0.451869
10.176667	0.200	-0.453757
10.180000	0.200	-0.456149
10.183333	0.200	-0.459684
10.186667	0.200	-0.464052
10.190000	0.200	-0.467781
10.193333	0.200	-0.469309
10.196667	0.200	-0.468280
10.200000	0.200	-0.465700
10.203333	0.200	-0.462771
10.206667	0.200	-0.459777
10.210000	0.200	-0.456243
10.213333	0.200	-0.451929
10.216667	0.200	-0.447418
10.220000	0.200	-0.443607
10.223333	0.200	-0.440740
10.226667	0.200	-0.438227
10.230000	0.200	-0.435312
10.233333	0.200	-0.431776
10.236667	0.200	-0.428213
10.240000	0.200	-0.425757
10.243333	0.200	-0.425328
10.246667	0.200	-0.427089
10.250000	0.200	-0.430370
10.253333	0.200	-0.434013
10.256667	0.200	-0.437204
10.260000	0.200	-0.439800
10.263333	0.200	-0.441783
10.266667	0.200	-0.443158
10.270000	0.200	-0.444197
10.273333	0.200	-0.445116
10.276667	0.200	-0.445859
10.280000	0.200	-0.446268
10.283333	0.200	-0.446045
10.286667	0.200	-0.445050
10.290000	0.200	-0.443955
10.293333	0.200	-0.444027
10.296667	0.200	-0.446149
10.300000	0.200	-0.450133
10.303333	0.200	-0.454592
10.306667	0.200	-0.457406
10.310000	0.200	-0.457183
10.313333	0.200	-0.454453
10.316667	0.200	-0.451051
10.320000	0.200	-0.448844
10.323333	0.200	-0.449054
10.326667	0.200	-0.451758
10.330000	0.200	-0.455913
10.333333	0.200	-0.460408
10.336667	0.200	-0.464756
10.340000	0.200	-0.468330
10.343333	0.200	-0.470099
10.346667	0.200	-0.469763
10.350000	0.200	-0.468032
10.353333	0.200	-0.465796
10.356667	0.200	-0.463871
10.360000	0.200	-0.463044
10.363333	0.200	-0.463790
10.366667	0.200	-0.466168
10.370000	0.200	-0.469816
10.373333	0.200	-0.474096
10.376667	0.200	-0.478428
10.380000	0.200	-0.482234
10.383333	0.200	-0.484684
10.386667	0.200	-0.485076
10.390000	0.200	-0.483583
10.393333	0.200	-0.481294
10.396667	0.200	-0.479487
10.400000	0.200	-0.479077
10.403333	0.200	-0.480585
10.406667	0.200	-0.484120
10.410000	0.200	-0.489096
10.413333	0.200	-0.494288
10.416667	0.200	-0.498256
10.420000	0.200	-0.499812
10.423333	0.200	-0.498623
10.426667	0.200	-0.495504
10.430000	0.200	-0.492047
10.433333	0.200	-0.489920
10.436667	0.200	-0.489963
10.440000	0.200	-0.491832
10.443333	0.200	-0.494774
10.446667	0.200	-0.498348
10.450000	0.200	-0.502287
10.453333	0.200	-0.506317
10.456667	0.200	-0.510041
10.460000	0.200	-0.512616
10.463333	0.200	-0.513073
10.466667	0.200	-0.511163
10.470000	0.200	-0.507543
10.473333	0.200	-0.503521
10.476667	0.200	-0.500868
10.480000	0.200	-0.501025
10.483333	0.200	-0.504084
10.486667	0.200	-0.508867
10.490000	0.200	-0.513625
10.493333	0.200	-0.516830
10.496667	0.200	-0.518036
10.500000	0.200	-0.517684
10.503333	0.200	-0.516176
10.506667	0.200	-0.513968
10.510000	0.200	-0.512101
10.513333	0.200	-0.511589
10.516667	0.200	-0.512384
10.520000	0.200	-0.513508
10.523333	0.200	-0.514051
10.526667	0.200	-0.513751
10.530000	0.200	-0.513066
10.533333	0.200	-0.512902
10.536667	0.200	-0.513755
10.540000	0.200	-0.515084
10.543333	0.200	-0.515830
10.546667	0.200	-0.515305
10.550000	0.200	-0.513618
10.553333	0.200	-0.511704
10.556667	0.200	-0.510605
10.560000	0.200	-0.510532
10.563333	0.200	-0.511069
10.566667	0.200	-0.512137
10.570000	0.200	-0.514189
10.573333	0.200	-0.517385
10.576667	0.200	-0.520858
10.580000	0.200	-0.522910
10.583333	0.200	-0.521890
10.586667	0.200	-0.517111
10.590000	0.200	-0.509405
10.593333	0.200	-0.500894
10.596667	0.200	-0.493814
10.600000	0.200	-0.489375
10.603333	0.200	-0.487461
10.606667	0.200	-0.486804
10.610000	0.200	-0.485450
10.613333	0.200	-0.481743
10.616667	0.200	-0.475084
10.620000	0.200	-0.465949
10.623333	0.200	-0.455713
10.626667	0.200	-0.446331
10.630000	0.200	-0.439384
10.633333	0.200	-0.434950
10.636667	0.200	-0.431833
10.640000	0.200	-0.429035
10.643333	0.200	-0.426116
10.646667	0.200	-0.422272
10.650000	0.200	-0.416491
10.653333	0.200	-0.408601
10.656667	0.200	-0.399236
10.660000	0.200	-0.389024
10.663333	0.200	-0.378372
10.666667	0.200	-0.367572
10.670000	0.200	-0.356530
10.673333	0.200	-0.344729
10.676667	0.200	-0.331483
10.680000	0.200	-0.315896
10.683333	0.200	-0.297346
10.686667	0.200	-0.276597
10.690000	0.200	-0.255612
10.693333	0.200	-0.235734
10.696667	0.200	-0.216708
10.700000	0.200	-0.197892
10.703333	0.200	-0.179745
10.706667	0.200	-0.163713
10.710000	0.200	-0.150961
10.713333	0.200	-0.141435
10.716667	0.200	-0.134110
10.720000	0.200	-0.128013
10.723333	0.200	-0.122900
10.726667	0.200	-0.118936
10.730000	0.200	-0.116043
10.733333	0.200	-0.113791
10.736667	0.200	-0.111723
10.740000	0.200	-0.109398
10.743333	0.200	-0.106240
10.746667	0.200	-0.101774
10.750000	0.200	-0.096172
10.753333	0.200	-0.090577
10.756667	0.200	-0.086592
10.760000	0.200	-0.085073
10.763333	0.200	-0.085417
10.766667	0.200	-0.086139
10.770000	0.200	-0.085959
10.773333	0.200	-0.084224
10.776667	0.200	-0.080807
10.780000	0.200	-0.076236
10.783333	0.200	-0.071683
10.786667	0.200	-0.068254
10.790000	0.200	-0.066434
10.793333	0.200	-0.066365
10.796667	0.200	-0.067877
10.800000	0.200	-0.069729
10.803333	0.200	-0.069792
10.806667	0.200	-0.066719
10.810000	0.200	-0.061094
10.813333	0.200	-0.054820
10.816667	0.200	-0.049471
10.820000	0.200	-0.045495
10.823333	0.200	-0.042817
10.826667	0.200	-0.041224
10.830000	0.200	-0.040282
10.833333	0.200	-0.039694
10.836667	0.200	-0.039325
10.840000	0.200	-0.038780
10.843333	0.200	-0.037713
10.846667	0.200	-0.036367
10.850000	0.200	-0.035155
10.853333	0.200	-0.034159
10.856667	0.200	-0.033229
10.860000	0.200	-0.031960
10.863333	0.200	-0.029628
10.866667	0.200	-0.025819
10.870000	0.200	-0.021170
10.873333	0.200	-0.017067
10.876667	0.200	-0.014546
10.880000	0.200	-0.013875
10.883333	0.200	-0.014773
10.886667	0.200	-0.016360
10.890000	0.200	-0.017381
10.893333	0.200	-0.016807
10.896667	0.200	-0.014109
10.900000	0.200	-0.009384
10.903333	0.200	-0.003276
10.906667	0.200	0.003327
10.910000	0.200	0.009479
10.913333	0.200	0.014620
10.916667	0.200	0.018888
10.920000	0.200	0.022560
10.923333	0.200	0.025674
10.926667	0.200	0.028514
10.930000	0.200	0.031805
10.933333	0.200	0.036010
10.936667	0.200	0.040611
10.940000	0.200	0.044568
10.943333	0.200	0.047542
10.946667	0.200	0.050276
10.950000	0.200	0.053527
10.953333	0.200	0.056890
10.956667	0.200	0.059333
10.960000	0.200	0.060543
10.963333	0.200	0.061171
10.966667	0.200	0.062292
10.970000	0.200	0.064724
10.973333	0.200	0.068464
10.976667	0.200	0.072937
10.980000	0.200	0.077678
10.983333	0.200	0.082687
10.986667	0.200	0.088096
10.990000	0.200	0.093550
10.993333	0.200	0.098425
10.996667	0.200	0.102528
11.000000	0.200	0.105905
