File Path	chrom://nnfcb-l0286/ChromeleonLocal/metk/20171013_HMP_C61_metk.seq/151.smp/UV_VIS_2.channel/UV_VIS_2.chm
Channel	UV_VIS_2

Injection Information:
Data Vault	ChromeleonLocal
Injection	50 ug/ml ISO
Injection Number	89
Position	RC8
Comment	
Processing Method	HMP New ProcMethod
Instrument Method	HM_metode_ZorBax_0,02%_Acetic_acid_ver6
Type	Calibration Standard
Status	Finished
Injection Date	10/14/2017
Injection Time	7:30:13 AM
Injection Volume (µl)	1.000
Dilution Factor	1.0000
Weight	1.0000

Raw Data Information:
Time Min. (min)	0.000000
Time Max. (min)	11.000000
Data Points	3301
Detector	UV
Exporting Data System	Chromeleon 7.1.3.2425
Operator	
Signal Quantity	Absorbance
Signal Unit	mAU
Signal Min.	-1.190596
Signal Max.	37.073029
Channel	UV_VIS_2
Driver Name	DAD3000.dll
Channel Type	Evaluation
Min. Step (s)	0.200
Max. Step (s)	0.200
Average Step (s)	0.200

Signal Parameter Information:
Signal Info	WVL:280 nm

Raw Data:
Time (min)	Step (s)	Value (mAU)
0.000000	0.000	0.000000
0.003333	0.200	-0.002071
0.006667	0.200	-0.015344
0.010000	0.200	-0.052561
0.013333	0.200	-0.112567
0.016667	0.200	-0.173105
0.020000	0.200	-0.208604
0.023333	0.200	-0.208929
0.026667	0.200	-0.180664
0.030000	0.200	-0.138667
0.033333	0.200	-0.097346
0.036667	0.200	-0.065257
0.040000	0.200	-0.044785
0.043333	0.200	-0.035083
0.046667	0.200	-0.034521
0.050000	0.200	-0.041282
0.053333	0.200	-0.053319
0.056667	0.200	-0.068559
0.060000	0.200	-0.085088
0.063333	0.200	-0.101415
0.066667	0.200	-0.116815
0.070000	0.200	-0.131155
0.073333	0.200	-0.144391
0.076667	0.200	-0.156468
0.080000	0.200	-0.167685
0.083333	0.200	-0.178637
0.086667	0.200	-0.189648
0.090000	0.200	-0.200632
0.093333	0.200	-0.211371
0.096667	0.200	-0.221647
0.100000	0.200	-0.231139
0.103333	0.200	-0.239230
0.106667	0.200	-0.245526
0.110000	0.200	-0.250884
0.113333	0.200	-0.257079
0.116667	0.200	-0.265144
0.120000	0.200	-0.274850
0.123333	0.200	-0.285461
0.126667	0.200	-0.295908
0.130000	0.200	-0.305017
0.133333	0.200	-0.312473
0.136667	0.200	-0.318963
0.140000	0.200	-0.325229
0.143333	0.200	-0.331615
0.146667	0.200	-0.338648
0.150000	0.200	-0.347174
0.153333	0.200	-0.357343
0.156667	0.200	-0.368379
0.160000	0.200	-0.379651
0.163333	0.200	-0.390909
0.166667	0.200	-0.401604
0.170000	0.200	-0.411237
0.173333	0.200	-0.420098
0.176667	0.200	-0.428718
0.180000	0.200	-0.437112
0.183333	0.200	-0.444996
0.186667	0.200	-0.452236
0.190000	0.200	-0.459100
0.193333	0.200	-0.466345
0.196667	0.200	-0.474646
0.200000	0.200	-0.483932
0.203333	0.200	-0.493741
0.206667	0.200	-0.503747
0.210000	0.200	-0.513622
0.213333	0.200	-0.522898
0.216667	0.200	-0.530927
0.220000	0.200	-0.537021
0.223333	0.200	-0.541249
0.226667	0.200	-0.544962
0.230000	0.200	-0.549784
0.233333	0.200	-0.556332
0.236667	0.200	-0.564269
0.240000	0.200	-0.572835
0.243333	0.200	-0.581147
0.246667	0.200	-0.588767
0.250000	0.200	-0.596089
0.253333	0.200	-0.603673
0.256667	0.200	-0.611507
0.260000	0.200	-0.619247
0.263333	0.200	-0.626555
0.266667	0.200	-0.632933
0.270000	0.200	-0.637938
0.273333	0.200	-0.642071
0.276667	0.200	-0.646574
0.280000	0.200	-0.651921
0.283333	0.200	-0.657588
0.286667	0.200	-0.663250
0.290000	0.200	-0.668942
0.293333	0.200	-0.674566
0.296667	0.200	-0.680082
0.300000	0.200	-0.685513
0.303333	0.200	-0.690697
0.306667	0.200	-0.695644
0.310000	0.200	-0.700755
0.313333	0.200	-0.706294
0.316667	0.200	-0.711810
0.320000	0.200	-0.716425
0.323333	0.200	-0.719935
0.326667	0.200	-0.723288
0.330000	0.200	-0.727577
0.333333	0.200	-0.732972
0.336667	0.200	-0.738887
0.340000	0.200	-0.744690
0.343333	0.200	-0.749936
0.346667	0.200	-0.754387
0.350000	0.200	-0.758102
0.353333	0.200	-0.761329
0.356667	0.200	-0.764157
0.360000	0.200	-0.766473
0.363333	0.200	-0.768452
0.366667	0.200	-0.770722
0.370000	0.200	-0.773848
0.373333	0.200	-0.777915
0.376667	0.200	-0.782517
0.380000	0.200	-0.787044
0.383333	0.200	-0.791247
0.386667	0.200	-0.795456
0.390000	0.200	-0.800057
0.393333	0.200	-0.805158
0.396667	0.200	-0.810725
0.400000	0.200	-0.816308
0.403333	0.200	-0.821073
0.406667	0.200	-0.824732
0.410000	0.200	-0.827760
0.413333	0.200	-0.830462
0.416667	0.200	-0.832605
0.420000	0.200	-0.834205
0.423333	0.200	-0.836027
0.426667	0.200	-0.838914
0.430000	0.200	-0.842986
0.433333	0.200	-0.847548
0.436667	0.200	-0.851642
0.440000	0.200	-0.854833
0.443333	0.200	-0.857388
0.446667	0.200	-0.859808
0.450000	0.200	-0.862623
0.453333	0.200	-0.866224
0.456667	0.200	-0.870525
0.460000	0.200	-0.875136
0.463333	0.200	-0.879779
0.466667	0.200	-0.884220
0.470000	0.200	-0.888042
0.473333	0.200	-0.890758
0.476667	0.200	-0.892110
0.480000	0.200	-0.892188
0.483333	0.200	-0.891434
0.486667	0.200	-0.890750
0.490000	0.200	-0.891025
0.493333	0.200	-0.892240
0.496667	0.200	-0.893687
0.500000	0.200	-0.894974
0.503333	0.200	-0.896339
0.506667	0.200	-0.898346
0.510000	0.200	-0.901461
0.513333	0.200	-0.905709
0.516667	0.200	-0.910620
0.520000	0.200	-0.915386
0.523333	0.200	-0.919225
0.526667	0.200	-0.921914
0.530000	0.200	-0.923974
0.533333	0.200	-0.926246
0.536667	0.200	-0.929307
0.540000	0.200	-0.933210
0.543333	0.200	-0.937669
0.546667	0.200	-0.942316
0.550000	0.200	-0.946681
0.553333	0.200	-0.950101
0.556667	0.200	-0.952034
0.560000	0.200	-0.952616
0.563333	0.200	-0.952603
0.566667	0.200	-0.952716
0.570000	0.200	-0.953193
0.573333	0.200	-0.953825
0.576667	0.200	-0.954399
0.580000	0.200	-0.955094
0.583333	0.200	-0.956123
0.586667	0.200	-0.957305
0.590000	0.200	-0.958460
0.593333	0.200	-0.959732
0.596667	0.200	-0.961387
0.600000	0.200	-0.963584
0.603333	0.200	-0.966164
0.606667	0.200	-0.968653
0.610000	0.200	-0.970622
0.613333	0.200	-0.971920
0.616667	0.200	-0.972721
0.620000	0.200	-0.973416
0.623333	0.200	-0.974163
0.626667	0.200	-0.974718
0.630000	0.200	-0.974846
0.633333	0.200	-0.974618
0.636667	0.200	-0.974522
0.640000	0.200	-0.975290
0.643333	0.200	-0.977204
0.646667	0.200	-0.979679
0.650000	0.200	-0.981794
0.653333	0.200	-0.983227
0.656667	0.200	-0.984589
0.660000	0.200	-0.986714
0.663333	0.200	-0.989792
0.666667	0.200	-0.993191
0.670000	0.200	-0.996099
0.673333	0.200	-0.998413
0.676667	0.200	-1.000603
0.680000	0.200	-1.002777
0.683333	0.200	-1.004688
0.686667	0.200	-1.006403
0.690000	0.200	-1.008138
0.693333	0.200	-1.009712
0.696667	0.200	-1.010867
0.700000	0.200	-1.011810
0.703333	0.200	-1.012700
0.706667	0.200	-1.013235
0.710000	0.200	-1.013311
0.713333	0.200	-1.013428
0.716667	0.200	-1.014234
0.720000	0.200	-1.015923
0.723333	0.200	-1.018146
0.726667	0.200	-1.020296
0.730000	0.200	-1.021882
0.733333	0.200	-1.022843
0.736667	0.200	-1.023524
0.740000	0.200	-1.024483
0.743333	0.200	-1.026181
0.746667	0.200	-1.028430
0.750000	0.200	-1.030297
0.753333	0.200	-1.030643
0.756667	0.200	-1.028904
0.760000	0.200	-1.025831
0.763333	0.200	-1.023160
0.766667	0.200	-1.022411
0.770000	0.200	-1.024314
0.773333	0.200	-1.028646
0.776667	0.200	-1.034093
0.780000	0.200	-1.038898
0.783333	0.200	-1.041969
0.786667	0.200	-1.043056
0.790000	0.200	-1.042312
0.793333	0.200	-1.040450
0.796667	0.200	-1.039018
0.800000	0.200	-1.039706
0.803333	0.200	-1.043214
0.806667	0.200	-1.048769
0.810000	0.200	-1.054649
0.813333	0.200	-1.059409
0.816667	0.200	-1.062795
0.820000	0.200	-1.065563
0.823333	0.200	-1.068774
0.826667	0.200	-1.073119
0.830000	0.200	-1.078486
0.833333	0.200	-1.084017
0.836667	0.200	-1.088773
0.840000	0.200	-1.092611
0.843333	0.200	-1.096437
0.846667	0.200	-1.101128
0.850000	0.200	-1.106360
0.853333	0.200	-1.111155
0.856667	0.200	-1.114937
0.860000	0.200	-1.117577
0.863333	0.200	-1.118966
0.866667	0.200	-1.118903
0.870000	0.200	-1.117144
0.873333	0.200	-1.112624
0.876667	0.200	-1.102182
0.880000	0.200	-1.080037
0.883333	0.200	-1.038676
0.886667	0.200	-0.971801
0.890000	0.200	-0.878218
0.893333	0.200	-0.763598
0.896667	0.200	-0.638401
0.900000	0.200	-0.513326
0.903333	0.200	-0.395786
0.906667	0.200	-0.289456
0.910000	0.200	-0.196088
0.913333	0.200	-0.117910
0.916667	0.200	-0.059190
0.920000	0.200	-0.025929
0.923333	0.200	-0.023372
0.926667	0.200	-0.052190
0.930000	0.200	-0.105951
0.933333	0.200	-0.172948
0.936667	0.200	-0.241432
0.940000	0.200	-0.303051
0.943333	0.200	-0.352306
0.946667	0.200	-0.384707
0.950000	0.200	-0.395895
0.953333	0.200	-0.382001
0.956667	0.200	-0.341234
0.960000	0.200	-0.276410
0.963333	0.200	-0.196740
0.966667	0.200	-0.116987
0.970000	0.200	-0.053706
0.973333	0.200	-0.019781
0.976667	0.200	-0.019549
0.980000	0.200	-0.047523
0.983333	0.200	-0.091875
0.986667	0.200	-0.140293
0.990000	0.200	-0.185112
0.993333	0.200	-0.225569
0.996667	0.200	-0.266119
1.000000	0.200	-0.312431
1.003333	0.200	-0.367989
1.006667	0.200	-0.432417
1.010000	0.200	-0.501546
1.013333	0.200	-0.569171
1.016667	0.200	-0.629681
1.020000	0.200	-0.679939
1.023333	0.200	-0.719532
1.026667	0.200	-0.750271
1.030000	0.200	-0.775318
1.033333	0.200	-0.797394
1.036667	0.200	-0.817272
1.040000	0.200	-0.834122
1.043333	0.200	-0.846983
1.046667	0.200	-0.855745
1.050000	0.200	-0.861043
1.053333	0.200	-0.863466
1.056667	0.200	-0.862833
1.060000	0.200	-0.857321
1.063333	0.200	-0.842493
1.066667	0.200	-0.810835
1.070000	0.200	-0.750631
1.073333	0.200	-0.642399
1.076667	0.200	-0.452628
1.080000	0.200	-0.124987
1.083333	0.200	0.429801
1.086667	0.200	1.340076
1.090000	0.200	2.766247
1.093333	0.200	4.872150
1.096667	0.200	7.772086
1.100000	0.200	11.464273
1.103333	0.200	15.776953
1.106667	0.200	20.358495
1.110000	0.200	24.729501
1.113333	0.200	28.386702
1.116667	0.200	30.922286
1.120000	0.200	32.114352
1.123333	0.200	31.958439
1.126667	0.200	30.637197
1.130000	0.200	28.449229
1.133333	0.200	25.727783
1.136667	0.200	22.775035
1.140000	0.200	19.824434
1.143333	0.200	17.030117
1.146667	0.200	14.475470
1.150000	0.200	12.191538
1.153333	0.200	10.176588
1.156667	0.200	8.411926
1.160000	0.200	6.873233
1.163333	0.200	5.537353
1.166667	0.200	4.384768
1.170000	0.200	3.399079
1.173333	0.200	2.565190
1.176667	0.200	1.867798
1.180000	0.200	1.291167
1.183333	0.200	0.819660
1.186667	0.200	0.438062
1.190000	0.200	0.132341
1.193333	0.200	-0.108270
1.196667	0.200	-0.289584
1.200000	0.200	-0.412897
1.203333	0.200	-0.476755
1.206667	0.200	-0.479153
1.210000	0.200	-0.420496
1.213333	0.200	-0.307408
1.216667	0.200	-0.156061
1.220000	0.200	0.007440
1.223333	0.200	0.151022
1.226667	0.200	0.244230
1.230000	0.200	0.266547
1.233333	0.200	0.212806
1.236667	0.200	0.093726
1.240000	0.200	-0.068371
1.243333	0.200	-0.247342
1.246667	0.200	-0.420848
1.250000	0.200	-0.573828
1.253333	0.200	-0.698044
1.256667	0.200	-0.790841
1.260000	0.200	-0.853657
1.263333	0.200	-0.887026
1.266667	0.200	-0.876133
1.270000	0.200	-0.762916
1.273333	0.200	-0.423370
1.276667	0.200	0.302059
1.280000	0.200	1.504868
1.283333	0.200	3.097818
1.286667	0.200	4.800029
1.290000	0.200	6.246547
1.293333	0.200	7.147609
1.296667	0.200	7.395380
1.300000	0.200	7.070702
1.303333	0.200	6.372492
1.306667	0.200	5.524301
1.310000	0.200	4.702765
1.313333	0.200	4.006212
1.316667	0.200	3.459531
1.320000	0.200	3.039558
1.323333	0.200	2.703842
1.326667	0.200	2.411680
1.330000	0.200	2.134514
1.333333	0.200	1.858208
1.336667	0.200	1.580421
1.340000	0.200	1.305724
1.343333	0.200	1.041020
1.346667	0.200	0.792331
1.350000	0.200	0.563071
1.353333	0.200	0.354348
1.356667	0.200	0.166416
1.360000	0.200	-0.000816
1.363333	0.200	-0.148398
1.366667	0.200	-0.278512
1.370000	0.200	-0.393570
1.373333	0.200	-0.495208
1.376667	0.200	-0.584177
1.380000	0.200	-0.660949
1.383333	0.200	-0.726302
1.386667	0.200	-0.781458
1.390000	0.200	-0.827834
1.393333	0.200	-0.866966
1.396667	0.200	-0.900613
1.400000	0.200	-0.930386
1.403333	0.200	-0.957026
1.406667	0.200	-0.980194
1.410000	0.200	-0.999288
1.413333	0.200	-1.014534
1.416667	0.200	-1.027094
1.420000	0.200	-1.038191
1.423333	0.200	-1.048378
1.426667	0.200	-1.057755
1.430000	0.200	-1.066562
1.433333	0.200	-1.075102
1.436667	0.200	-1.083607
1.440000	0.200	-1.092487
1.443333	0.200	-1.102087
1.446667	0.200	-1.112196
1.450000	0.200	-1.122262
1.453333	0.200	-1.131718
1.456667	0.200	-1.139853
1.460000	0.200	-1.145943
1.463333	0.200	-1.149659
1.466667	0.200	-1.151161
1.470000	0.200	-1.150912
1.473333	0.200	-1.149549
1.476667	0.200	-1.147774
1.480000	0.200	-1.145934
1.483333	0.200	-1.143725
1.486667	0.200	-1.140613
1.490000	0.200	-1.136502
1.493333	0.200	-1.131859
1.496667	0.200	-1.127283
1.500000	0.200	-1.123065
1.503333	0.200	-1.119069
1.506667	0.200	-1.114994
1.510000	0.200	-1.110788
1.513333	0.200	-1.106607
1.516667	0.200	-1.102542
1.520000	0.200	-1.098655
1.523333	0.200	-1.095102
1.526667	0.200	-1.092058
1.530000	0.200	-1.089573
1.533333	0.200	-1.087564
1.536667	0.200	-1.085943
1.540000	0.200	-1.084876
1.543333	0.200	-1.084786
1.546667	0.200	-1.085912
1.550000	0.200	-1.088131
1.553333	0.200	-1.091130
1.556667	0.200	-1.094517
1.560000	0.200	-1.097865
1.563333	0.200	-1.100910
1.566667	0.200	-1.103903
1.570000	0.200	-1.107447
1.573333	0.200	-1.111913
1.576667	0.200	-1.117111
1.580000	0.200	-1.122168
1.583333	0.200	-1.125944
1.586667	0.200	-1.127980
1.590000	0.200	-1.129100
1.593333	0.200	-1.130919
1.596667	0.200	-1.134264
1.600000	0.200	-1.138319
1.603333	0.200	-1.141914
1.606667	0.200	-1.144808
1.610000	0.200	-1.147267
1.613333	0.200	-1.149465
1.616667	0.200	-1.151540
1.620000	0.200	-1.153455
1.623333	0.200	-1.154967
1.626667	0.200	-1.155890
1.630000	0.200	-1.156026
1.633333	0.200	-1.155170
1.636667	0.200	-1.153664
1.640000	0.200	-1.152298
1.643333	0.200	-1.151493
1.646667	0.200	-1.151211
1.650000	0.200	-1.151270
1.653333	0.200	-1.151165
1.656667	0.200	-1.150375
1.660000	0.200	-1.149046
1.663333	0.200	-1.147744
1.666667	0.200	-1.146685
1.670000	0.200	-1.145687
1.673333	0.200	-1.144780
1.676667	0.200	-1.144354
1.680000	0.200	-1.144616
1.683333	0.200	-1.145282
1.686667	0.200	-1.145943
1.690000	0.200	-1.146509
1.693333	0.200	-1.147186
1.696667	0.200	-1.148290
1.700000	0.200	-1.150137
1.703333	0.200	-1.152549
1.706667	0.200	-1.154546
1.710000	0.200	-1.155141
1.713333	0.200	-1.154283
1.716667	0.200	-1.152824
1.720000	0.200	-1.151832
1.723333	0.200	-1.151911
1.726667	0.200	-1.152843
1.730000	0.200	-1.153893
1.733333	0.200	-1.154383
1.736667	0.200	-1.153859
1.740000	0.200	-1.152112
1.743333	0.200	-1.149376
1.746667	0.200	-1.146126
1.750000	0.200	-1.142474
1.753333	0.200	-1.137404
1.756667	0.200	-1.126848
1.760000	0.200	-1.098790
1.763333	0.200	-1.024781
1.766667	0.200	-0.850294
1.770000	0.200	-0.491699
1.773333	0.200	0.148378
1.776667	0.200	1.143860
1.780000	0.200	2.501842
1.783333	0.200	4.139018
1.786667	0.200	5.894397
1.790000	0.200	7.573401
1.793333	0.200	9.001447
1.796667	0.200	10.063917
1.800000	0.200	10.720671
1.803333	0.200	10.996607
1.806667	0.200	10.958470
1.810000	0.200	10.689358
1.813333	0.200	10.268636
1.816667	0.200	9.760272
1.820000	0.200	9.208968
1.823333	0.200	8.641971
1.826667	0.200	8.074049
1.830000	0.200	7.512799
1.833333	0.200	6.962292
1.836667	0.200	6.424848
1.840000	0.200	5.901987
1.843333	0.200	5.395230
1.846667	0.200	4.906205
1.850000	0.200	4.436061
1.853333	0.200	3.985513
1.856667	0.200	3.555309
1.860000	0.200	3.146098
1.863333	0.200	2.758055
1.866667	0.200	2.391050
1.870000	0.200	2.045153
1.873333	0.200	1.720623
1.876667	0.200	1.417490
1.880000	0.200	1.135399
1.883333	0.200	0.873659
1.886667	0.200	0.631442
1.890000	0.200	0.408148
1.893333	0.200	0.203618
1.896667	0.200	0.017948
1.900000	0.200	-0.148979
1.903333	0.200	-0.297850
1.906667	0.200	-0.429842
1.910000	0.200	-0.546207
1.913333	0.200	-0.647986
1.916667	0.200	-0.735877
1.920000	0.200	-0.810325
1.923333	0.200	-0.872083
1.926667	0.200	-0.922767
1.930000	0.200	-0.964584
1.933333	0.200	-0.999587
1.936667	0.200	-1.029245
1.940000	0.200	-1.054262
1.943333	0.200	-1.074719
1.946667	0.200	-1.090602
1.950000	0.200	-1.101710
1.953333	0.200	-1.107072
1.956667	0.200	-1.104831
1.960000	0.200	-1.091808
1.963333	0.200	-1.062463
1.966667	0.200	-1.008248
1.970000	0.200	-0.917228
1.973333	0.200	-0.773375
1.976667	0.200	-0.556334
1.980000	0.200	-0.242645
1.983333	0.200	0.192242
1.986667	0.200	0.771885
1.990000	0.200	1.515625
1.993333	0.200	2.433360
1.996667	0.200	3.520024
2.000000	0.200	4.751990
2.003333	0.200	6.085801
2.006667	0.200	7.459176
2.010000	0.200	8.795001
2.013333	0.200	10.008655
2.016667	0.200	11.017342
2.020000	0.200	11.749639
2.023333	0.200	12.154461
2.026667	0.200	12.207988
2.030000	0.200	11.916264
2.033333	0.200	11.313016
2.036667	0.200	10.453689
2.040000	0.200	9.407437
2.043333	0.200	8.248900
2.046667	0.200	7.050396
2.050000	0.200	5.875133
2.053333	0.200	4.772429
2.056667	0.200	3.775372
2.060000	0.200	2.901125
2.063333	0.200	2.153700
2.066667	0.200	1.528018
2.070000	0.200	1.013413
2.073333	0.200	0.595632
2.076667	0.200	0.258530
2.080000	0.200	-0.013375
2.083333	0.200	-0.232988
2.086667	0.200	-0.410955
2.090000	0.200	-0.556425
2.093333	0.200	-0.676199
2.096667	0.200	-0.774129
2.100000	0.200	-0.852643
2.103333	0.200	-0.914684
2.106667	0.200	-0.964054
2.110000	0.200	-1.004500
2.113333	0.200	-1.038802
2.116667	0.200	-1.068636
2.120000	0.200	-1.095036
2.123333	0.200	-1.118416
2.126667	0.200	-1.138145
2.130000	0.200	-1.153058
2.133333	0.200	-1.162734
2.136667	0.200	-1.167905
2.140000	0.200	-1.170139
2.143333	0.200	-1.171456
2.146667	0.200	-1.173473
2.150000	0.200	-1.176608
2.153333	0.200	-1.180279
2.156667	0.200	-1.183577
2.160000	0.200	-1.185921
2.163333	0.200	-1.187512
2.166667	0.200	-1.188905
2.170000	0.200	-1.190078
2.173333	0.200	-1.190596
2.176667	0.200	-1.190410
2.180000	0.200	-1.189741
2.183333	0.200	-1.188584
2.186667	0.200	-1.186747
2.190000	0.200	-1.184096
2.193333	0.200	-1.180597
2.196667	0.200	-1.176006
2.200000	0.200	-1.169844
2.203333	0.200	-1.161964
2.206667	0.200	-1.152917
2.210000	0.200	-1.143711
2.213333	0.200	-1.135013
2.216667	0.200	-1.126613
2.220000	0.200	-1.117943
2.223333	0.200	-1.108810
2.226667	0.200	-1.099426
2.230000	0.200	-1.090079
2.233333	0.200	-1.080927
2.236667	0.200	-1.071867
2.240000	0.200	-1.062014
2.243333	0.200	-1.048779
2.246667	0.200	-1.027319
2.250000	0.200	-0.990758
2.253333	0.200	-0.932249
2.256667	0.200	-0.849766
2.260000	0.200	-0.751040
2.263333	0.200	-0.654478
2.266667	0.200	-0.584102
2.270000	0.200	-0.560228
2.273333	0.200	-0.590948
2.276667	0.200	-0.669362
2.280000	0.200	-0.777448
2.283333	0.200	-0.893326
2.286667	0.200	-0.998123
2.290000	0.200	-1.080254
2.293333	0.200	-1.136197
2.296667	0.200	-1.168518
2.300000	0.200	-1.182851
2.303333	0.200	-1.185386
2.306667	0.200	-1.181568
2.310000	0.200	-1.175486
2.313333	0.200	-1.169702
2.316667	0.200	-1.165347
2.320000	0.200	-1.162196
2.323333	0.200	-1.159415
2.326667	0.200	-1.156653
2.330000	0.200	-1.154004
2.333333	0.200	-1.151381
2.336667	0.200	-1.148788
2.340000	0.200	-1.146755
2.343333	0.200	-1.145821
2.346667	0.200	-1.146036
2.350000	0.200	-1.147103
2.353333	0.200	-1.148539
2.356667	0.200	-1.149769
2.360000	0.200	-1.150363
2.363333	0.200	-1.150197
2.366667	0.200	-1.149431
2.370000	0.200	-1.148390
2.373333	0.200	-1.147447
2.376667	0.200	-1.146814
2.380000	0.200	-1.146262
2.383333	0.200	-1.145469
2.386667	0.200	-1.144660
2.390000	0.200	-1.144128
2.393333	0.200	-1.143509
2.396667	0.200	-1.142208
2.400000	0.200	-1.140275
2.403333	0.200	-1.138606
2.406667	0.200	-1.138166
2.410000	0.200	-1.139004
2.413333	0.200	-1.140185
2.416667	0.200	-1.140745
2.420000	0.200	-1.140723
2.423333	0.200	-1.141132
2.426667	0.200	-1.142901
2.430000	0.200	-1.146124
2.433333	0.200	-1.150175
2.436667	0.200	-1.154121
2.440000	0.200	-1.156955
2.443333	0.200	-1.157961
2.446667	0.200	-1.157138
2.450000	0.200	-1.155178
2.453333	0.200	-1.153190
2.456667	0.200	-1.152135
2.460000	0.200	-1.151959
2.463333	0.200	-1.151766
2.466667	0.200	-1.151099
2.470000	0.200	-1.150382
2.473333	0.200	-1.149865
2.476667	0.200	-1.148595
2.480000	0.200	-1.144989
2.483333	0.200	-1.138471
2.486667	0.200	-1.130248
2.490000	0.200	-1.122241
2.493333	0.200	-1.115202
2.496667	0.200	-1.107967
2.500000	0.200	-1.098643
2.503333	0.200	-1.086403
2.506667	0.200	-1.072097
2.510000	0.200	-1.057407
2.513333	0.200	-1.043515
2.516667	0.200	-1.030593
2.520000	0.200	-1.018589
2.523333	0.200	-1.007916
2.526667	0.200	-0.999225
2.530000	0.200	-0.993074
2.533333	0.200	-0.989630
2.536667	0.200	-0.988597
2.540000	0.200	-0.989716
2.543333	0.200	-0.992776
2.546667	0.200	-0.997102
2.550000	0.200	-1.001679
2.553333	0.200	-1.005620
2.556667	0.200	-1.008459
2.560000	0.200	-1.010342
2.563333	0.200	-1.011808
2.566667	0.200	-1.013278
2.570000	0.200	-1.014875
2.573333	0.200	-1.016757
2.576667	0.200	-1.019304
2.580000	0.200	-1.022728
2.583333	0.200	-1.026771
2.586667	0.200	-1.030958
2.590000	0.200	-1.034931
2.593333	0.200	-1.038588
2.596667	0.200	-1.042001
2.600000	0.200	-1.045217
2.603333	0.200	-1.048027
2.606667	0.200	-1.050006
2.610000	0.200	-1.051148
2.613333	0.200	-1.052356
2.616667	0.200	-1.054845
2.620000	0.200	-1.058941
2.623333	0.200	-1.063723
2.626667	0.200	-1.067724
2.630000	0.200	-1.069844
2.633333	0.200	-1.069857
2.636667	0.200	-1.068302
2.640000	0.200	-1.066100
2.643333	0.200	-1.064237
2.646667	0.200	-1.063490
2.650000	0.200	-1.064162
2.653333	0.200	-1.066081
2.656667	0.200	-1.068769
2.660000	0.200	-1.071351
2.663333	0.200	-1.072856
2.666667	0.200	-1.072965
2.670000	0.200	-1.071905
2.673333	0.200	-1.069783
2.676667	0.200	-1.066572
2.680000	0.200	-1.062443
2.683333	0.200	-1.057790
2.686667	0.200	-1.053070
2.690000	0.200	-1.048622
2.693333	0.200	-1.044660
2.696667	0.200	-1.041414
2.700000	0.200	-1.039075
2.703333	0.200	-1.037586
2.706667	0.200	-1.036566
2.710000	0.200	-1.035511
2.713333	0.200	-1.034449
2.716667	0.200	-1.034159
2.720000	0.200	-1.035328
2.723333	0.200	-1.037924
2.726667	0.200	-1.041428
2.730000	0.200	-1.045282
2.733333	0.200	-1.049048
2.736667	0.200	-1.052272
2.740000	0.200	-1.054563
2.743333	0.200	-1.055916
2.746667	0.200	-1.056661
2.750000	0.200	-1.057068
2.753333	0.200	-1.057221
2.756667	0.200	-1.057101
2.760000	0.200	-1.056500
2.763333	0.200	-1.055120
2.766667	0.200	-1.052986
2.770000	0.200	-1.050504
2.773333	0.200	-1.048126
2.776667	0.200	-1.045960
2.780000	0.200	-1.043693
2.783333	0.200	-1.041320
2.786667	0.200	-1.039686
2.790000	0.200	-1.039754
2.793333	0.200	-1.041632
2.796667	0.200	-1.044539
2.800000	0.200	-1.047496
2.803333	0.200	-1.050086
2.806667	0.200	-1.052596
2.810000	0.200	-1.055581
2.813333	0.200	-1.059411
2.816667	0.200	-1.063969
2.820000	0.200	-1.068590
2.823333	0.200	-1.072507
2.826667	0.200	-1.075467
2.830000	0.200	-1.077715
2.833333	0.200	-1.079425
2.836667	0.200	-1.080750
2.840000	0.200	-1.082064
2.843333	0.200	-1.083408
2.846667	0.200	-1.084276
2.850000	0.200	-1.084269
2.853333	0.200	-1.083459
2.856667	0.200	-1.082402
2.860000	0.200	-1.081864
2.863333	0.200	-1.082038
2.866667	0.200	-1.082390
2.870000	0.200	-1.082331
2.873333	0.200	-1.081337
2.876667	0.200	-1.078875
2.880000	0.200	-1.075046
2.883333	0.200	-1.070728
2.886667	0.200	-1.066696
2.890000	0.200	-1.063235
2.893333	0.200	-1.060449
2.896667	0.200	-1.058440
2.900000	0.200	-1.057462
2.903333	0.200	-1.057820
2.906667	0.200	-1.059260
2.910000	0.200	-1.060967
2.913333	0.200	-1.062406
2.916667	0.200	-1.063495
2.920000	0.200	-1.064101
2.923333	0.200	-1.064029
2.926667	0.200	-1.063426
2.930000	0.200	-1.062819
2.933333	0.200	-1.062728
2.936667	0.200	-1.063314
2.940000	0.200	-1.064346
2.943333	0.200	-1.065445
2.946667	0.200	-1.066229
2.950000	0.200	-1.066197
2.953333	0.200	-1.064866
2.956667	0.200	-1.062470
2.960000	0.200	-1.060108
2.963333	0.200	-1.058634
2.966667	0.200	-1.057770
2.970000	0.200	-1.056839
2.973333	0.200	-1.055793
2.976667	0.200	-1.054911
2.980000	0.200	-1.054238
2.983333	0.200	-1.053796
2.986667	0.200	-1.053638
2.990000	0.200	-1.053707
2.993333	0.200	-1.053903
2.996667	0.200	-1.054202
3.000000	0.200	-1.054637
3.003333	0.200	-1.054980
3.006667	0.200	-1.054817
3.010000	0.200	-1.054342
3.013333	0.200	-1.054316
3.016667	0.200	-1.054866
3.020000	0.200	-1.055270
3.023333	0.200	-1.054885
3.026667	0.200	-1.053422
3.030000	0.200	-1.051015
3.033333	0.200	-1.048512
3.036667	0.200	-1.047018
3.040000	0.200	-1.047034
3.043333	0.200	-1.048247
3.046667	0.200	-1.049856
3.050000	0.200	-1.050932
3.053333	0.200	-1.050787
3.056667	0.200	-1.049392
3.060000	0.200	-1.047378
3.063333	0.200	-1.045384
3.066667	0.200	-1.043645
3.070000	0.200	-1.042240
3.073333	0.200	-1.041329
3.076667	0.200	-1.041188
3.080000	0.200	-1.041862
3.083333	0.200	-1.042852
3.086667	0.200	-1.043584
3.090000	0.200	-1.043854
3.093333	0.200	-1.043562
3.096667	0.200	-1.042482
3.100000	0.200	-1.040681
3.103333	0.200	-1.038792
3.106667	0.200	-1.037551
3.110000	0.200	-1.037296
3.113333	0.200	-1.037740
3.116667	0.200	-1.038044
3.120000	0.200	-1.037692
3.123333	0.200	-1.037032
3.126667	0.200	-1.036285
3.130000	0.200	-1.034625
3.133333	0.200	-1.030942
3.136667	0.200	-1.025037
3.140000	0.200	-1.017370
3.143333	0.200	-1.008126
3.146667	0.200	-0.997279
3.150000	0.200	-0.984885
3.153333	0.200	-0.970928
3.156667	0.200	-0.955481
3.160000	0.200	-0.938901
3.163333	0.200	-0.921871
3.166667	0.200	-0.905880
3.170000	0.200	-0.893247
3.173333	0.200	-0.885816
3.176667	0.200	-0.883643
3.180000	0.200	-0.885379
3.183333	0.200	-0.889732
3.186667	0.200	-0.896186
3.190000	0.200	-0.904612
3.193333	0.200	-0.914644
3.196667	0.200	-0.925541
3.200000	0.200	-0.936613
3.203333	0.200	-0.947655
3.206667	0.200	-0.958777
3.210000	0.200	-0.969737
3.213333	0.200	-0.979661
3.216667	0.200	-0.987598
3.220000	0.200	-0.993099
3.223333	0.200	-0.996340
3.226667	0.200	-0.997889
3.230000	0.200	-0.998216
3.233333	0.200	-0.997633
3.236667	0.200	-0.996769
3.240000	0.200	-0.996540
3.243333	0.200	-0.997181
3.246667	0.200	-0.997687
3.250000	0.200	-0.996465
3.253333	0.200	-0.992272
3.256667	0.200	-0.985103
3.260000	0.200	-0.976762
3.263333	0.200	-0.969738
3.266667	0.200	-0.965191
3.270000	0.200	-0.962619
3.273333	0.200	-0.961209
3.276667	0.200	-0.960776
3.280000	0.200	-0.961376
3.283333	0.200	-0.962769
3.286667	0.200	-0.964745
3.290000	0.200	-0.967574
3.293333	0.200	-0.971622
3.296667	0.200	-0.976489
3.300000	0.200	-0.980984
3.303333	0.200	-0.983950
3.306667	0.200	-0.984827
3.310000	0.200	-0.983849
3.313333	0.200	-0.981970
3.316667	0.200	-0.980135
3.320000	0.200	-0.978417
3.323333	0.200	-0.975792
3.326667	0.200	-0.970233
3.330000	0.200	-0.958792
3.333333	0.200	-0.937847
3.336667	0.200	-0.903510
3.340000	0.200	-0.852514
3.343333	0.200	-0.783756
3.346667	0.200	-0.699472
3.350000	0.200	-0.605233
3.353333	0.200	-0.509721
3.356667	0.200	-0.424116
3.360000	0.200	-0.359657
3.363333	0.200	-0.324423
3.366667	0.200	-0.320953
3.370000	0.200	-0.344636
3.373333	0.200	-0.382821
3.376667	0.200	-0.414802
3.380000	0.200	-0.412430
3.383333	0.200	-0.340408
3.386667	0.200	-0.155317
3.390000	0.200	0.195507
3.393333	0.200	0.772075
3.396667	0.200	1.634518
3.400000	0.200	2.830720
3.403333	0.200	4.381161
3.406667	0.200	6.265046
3.410000	0.200	8.411549
3.413333	0.200	10.698381
3.416667	0.200	12.960278
3.420000	0.200	15.008643
3.423333	0.200	16.659011
3.426667	0.200	17.760272
3.430000	0.200	18.218781
3.433333	0.200	18.011518
3.436667	0.200	17.186649
3.440000	0.200	15.852608
3.443333	0.200	14.157384
3.446667	0.200	12.262763
3.450000	0.200	10.320809
3.453333	0.200	8.457081
3.456667	0.200	6.761471
3.460000	0.200	5.286108
3.463333	0.200	4.048884
3.466667	0.200	3.041147
3.470000	0.200	2.237465
3.473333	0.200	1.604590
3.476667	0.200	1.108385
3.480000	0.200	0.718373
3.483333	0.200	0.409439
3.486667	0.200	0.161810
3.490000	0.200	-0.039358
3.493333	0.200	-0.204605
3.496667	0.200	-0.341180
3.500000	0.200	-0.454235
3.503333	0.200	-0.547550
3.506667	0.200	-0.623793
3.510000	0.200	-0.685169
3.513333	0.200	-0.734328
3.516667	0.200	-0.774362
3.520000	0.200	-0.807798
3.523333	0.200	-0.835952
3.526667	0.200	-0.859395
3.530000	0.200	-0.878441
3.533333	0.200	-0.893108
3.536667	0.200	-0.903482
3.540000	0.200	-0.910520
3.543333	0.200	-0.915841
3.546667	0.200	-0.920627
3.550000	0.200	-0.925217
3.553333	0.200	-0.929290
3.556667	0.200	-0.932231
3.560000	0.200	-0.933896
3.563333	0.200	-0.934894
3.566667	0.200	-0.936000
3.570000	0.200	-0.937698
3.573333	0.200	-0.939996
3.576667	0.200	-0.942396
3.580000	0.200	-0.944277
3.583333	0.200	-0.945232
3.586667	0.200	-0.945118
3.590000	0.200	-0.944330
3.593333	0.200	-0.943728
3.596667	0.200	-0.943828
3.600000	0.200	-0.944377
3.603333	0.200	-0.944701
3.606667	0.200	-0.944289
3.610000	0.200	-0.943373
3.613333	0.200	-0.942577
3.616667	0.200	-0.941963
3.620000	0.200	-0.941362
3.623333	0.200	-0.941273
3.626667	0.200	-0.942337
3.630000	0.200	-0.944393
3.633333	0.200	-0.946788
3.636667	0.200	-0.949117
3.640000	0.200	-0.951333
3.643333	0.200	-0.953490
3.646667	0.200	-0.955503
3.650000	0.200	-0.957038
3.653333	0.200	-0.957674
3.656667	0.200	-0.957224
3.660000	0.200	-0.955942
3.663333	0.200	-0.954329
3.666667	0.200	-0.952662
3.670000	0.200	-0.951059
3.673333	0.200	-0.949521
3.676667	0.200	-0.945655
3.680000	0.200	-0.927041
3.683333	0.200	-0.856014
3.686667	0.200	-0.653327
3.690000	0.200	-0.200316
3.693333	0.200	0.624494
3.696667	0.200	1.885832
3.700000	0.200	3.545482
3.703333	0.200	5.460262
3.706667	0.200	7.424124
3.710000	0.200	9.228450
3.713333	0.200	10.713059
3.716667	0.200	11.793496
3.720000	0.200	12.462174
3.723333	0.200	12.769516
3.726667	0.200	12.796224
3.730000	0.200	12.627668
3.733333	0.200	12.337106
3.736667	0.200	11.978313
3.740000	0.200	11.584992
3.743333	0.200	11.174763
3.746667	0.200	10.755074
3.750000	0.200	10.328159
3.753333	0.200	9.894113
3.756667	0.200	9.452519
3.760000	0.200	9.003252
3.763333	0.200	8.546930
3.766667	0.200	8.084927
3.770000	0.200	7.618721
3.773333	0.200	7.149192
3.776667	0.200	6.676833
3.780000	0.200	6.202557
3.783333	0.200	5.727930
3.786667	0.200	5.255157
3.790000	0.200	4.787118
3.793333	0.200	4.326917
3.796667	0.200	3.877537
3.800000	0.200	3.441997
3.803333	0.200	3.022979
3.806667	0.200	2.622194
3.810000	0.200	2.240784
3.813333	0.200	1.880290
3.816667	0.200	1.542950
3.820000	0.200	1.231297
3.823333	0.200	0.947567
3.826667	0.200	0.692997
3.830000	0.200	0.467552
3.833333	0.200	0.270188
3.836667	0.200	0.099193
3.840000	0.200	-0.047150
3.843333	0.200	-0.169965
3.846667	0.200	-0.270382
3.850000	0.200	-0.350715
3.853333	0.200	-0.414598
3.856667	0.200	-0.465891
3.860000	0.200	-0.507680
3.863333	0.200	-0.542165
3.866667	0.200	-0.570993
3.870000	0.200	-0.595463
3.873333	0.200	-0.616758
3.876667	0.200	-0.636242
3.880000	0.200	-0.655357
3.883333	0.200	-0.674820
3.886667	0.200	-0.694341
3.890000	0.200	-0.713498
3.893333	0.200	-0.732418
3.896667	0.200	-0.751335
3.900000	0.200	-0.770071
3.903333	0.200	-0.788147
3.906667	0.200	-0.805068
3.910000	0.200	-0.820436
3.913333	0.200	-0.833885
3.916667	0.200	-0.845264
3.920000	0.200	-0.855148
3.923333	0.200	-0.864510
3.926667	0.200	-0.873672
3.930000	0.200	-0.882249
3.933333	0.200	-0.889953
3.936667	0.200	-0.896916
3.940000	0.200	-0.903322
3.943333	0.200	-0.909023
3.946667	0.200	-0.913703
3.950000	0.200	-0.917181
3.953333	0.200	-0.919478
3.956667	0.200	-0.920879
3.960000	0.200	-0.922045
3.963333	0.200	-0.923582
3.966667	0.200	-0.925354
3.970000	0.200	-0.926727
3.973333	0.200	-0.927361
3.976667	0.200	-0.927468
3.980000	0.200	-0.927540
3.983333	0.200	-0.927949
3.986667	0.200	-0.928764
3.990000	0.200	-0.929780
3.993333	0.200	-0.930757
3.996667	0.200	-0.931716
4.000000	0.200	-0.932720
4.003333	0.200	-0.933413
4.006667	0.200	-0.933257
4.010000	0.200	-0.932240
4.013333	0.200	-0.930952
4.016667	0.200	-0.929935
4.020000	0.200	-0.929333
4.023333	0.200	-0.929252
4.026667	0.200	-0.929941
4.030000	0.200	-0.931346
4.033333	0.200	-0.932853
4.036667	0.200	-0.933797
4.040000	0.200	-0.933939
4.043333	0.200	-0.933396
4.046667	0.200	-0.932588
4.050000	0.200	-0.932047
4.053333	0.200	-0.932112
4.056667	0.200	-0.933094
4.060000	0.200	-0.935254
4.063333	0.200	-0.938244
4.066667	0.200	-0.941055
4.070000	0.200	-0.942917
4.073333	0.200	-0.943904
4.076667	0.200	-0.944516
4.080000	0.200	-0.945055
4.083333	0.200	-0.945265
4.086667	0.200	-0.944583
4.090000	0.200	-0.943134
4.093333	0.200	-0.941852
4.096667	0.200	-0.941319
4.100000	0.200	-0.941233
4.103333	0.200	-0.941077
4.106667	0.200	-0.940716
4.110000	0.200	-0.940410
4.113333	0.200	-0.940601
4.116667	0.200	-0.941645
4.120000	0.200	-0.943681
4.123333	0.200	-0.946495
4.126667	0.200	-0.949214
4.130000	0.200	-0.950643
4.133333	0.200	-0.950310
4.136667	0.200	-0.948924
4.140000	0.200	-0.947701
4.143333	0.200	-0.947260
4.146667	0.200	-0.947374
4.150000	0.200	-0.947738
4.153333	0.200	-0.948283
4.156667	0.200	-0.948634
4.160000	0.200	-0.948091
4.163333	0.200	-0.946511
4.166667	0.200	-0.944697
4.170000	0.200	-0.943535
4.173333	0.200	-0.943153
4.176667	0.200	-0.943177
4.180000	0.200	-0.943368
4.183333	0.200	-0.943741
4.186667	0.200	-0.944304
4.190000	0.200	-0.945085
4.193333	0.200	-0.946135
4.196667	0.200	-0.947151
4.200000	0.200	-0.947508
4.203333	0.200	-0.947064
4.206667	0.200	-0.946747
4.210000	0.200	-0.947802
4.213333	0.200	-0.950378
4.216667	0.200	-0.953309
4.220000	0.200	-0.955188
4.223333	0.200	-0.955316
4.226667	0.200	-0.954075
4.230000	0.200	-0.952551
4.233333	0.200	-0.951466
4.236667	0.200	-0.950596
4.240000	0.200	-0.949257
4.243333	0.200	-0.947157
4.246667	0.200	-0.944786
4.250000	0.200	-0.943166
4.253333	0.200	-0.943164
4.256667	0.200	-0.944766
4.260000	0.200	-0.947067
4.263333	0.200	-0.949089
4.266667	0.200	-0.950354
4.270000	0.200	-0.950642
4.273333	0.200	-0.949890
4.276667	0.200	-0.948420
4.280000	0.200	-0.946799
4.283333	0.200	-0.945409
4.286667	0.200	-0.944423
4.290000	0.200	-0.943988
4.293333	0.200	-0.944034
4.296667	0.200	-0.944118
4.300000	0.200	-0.943787
4.303333	0.200	-0.943086
4.306667	0.200	-0.942466
4.310000	0.200	-0.941984
4.313333	0.200	-0.941213
4.316667	0.200	-0.940086
4.320000	0.200	-0.939140
4.323333	0.200	-0.938985
4.326667	0.200	-0.939828
4.330000	0.200	-0.941046
4.333333	0.200	-0.941406
4.336667	0.200	-0.940201
4.340000	0.200	-0.937891
4.343333	0.200	-0.935554
4.346667	0.200	-0.934147
4.350000	0.200	-0.934011
4.353333	0.200	-0.934671
4.356667	0.200	-0.934959
4.360000	0.200	-0.933737
4.363333	0.200	-0.931011
4.366667	0.200	-0.927727
4.370000	0.200	-0.924421
4.373333	0.200	-0.921100
4.376667	0.200	-0.917964
4.380000	0.200	-0.915375
4.383333	0.200	-0.913611
4.386667	0.200	-0.912613
4.390000	0.200	-0.911858
4.393333	0.200	-0.911050
4.396667	0.200	-0.910699
4.400000	0.200	-0.911509
4.403333	0.200	-0.913454
4.406667	0.200	-0.915721
4.410000	0.200	-0.917311
4.413333	0.200	-0.917836
4.416667	0.200	-0.917943
4.420000	0.200	-0.918623
4.423333	0.200	-0.920195
4.426667	0.200	-0.922290
4.430000	0.200	-0.924481
4.433333	0.200	-0.926523
4.436667	0.200	-0.928173
4.440000	0.200	-0.929277
4.443333	0.200	-0.929922
4.446667	0.200	-0.930181
4.450000	0.200	-0.929942
4.453333	0.200	-0.929099
4.456667	0.200	-0.927667
4.460000	0.200	-0.925862
4.463333	0.200	-0.924214
4.466667	0.200	-0.923441
4.470000	0.200	-0.923962
4.473333	0.200	-0.925203
4.476667	0.200	-0.925857
4.480000	0.200	-0.925293
4.483333	0.200	-0.923888
4.486667	0.200	-0.922093
4.490000	0.200	-0.920253
4.493333	0.200	-0.918871
4.496667	0.200	-0.918296
4.500000	0.200	-0.918519
4.503333	0.200	-0.919311
4.506667	0.200	-0.920300
4.510000	0.200	-0.921076
4.513333	0.200	-0.921378
4.516667	0.200	-0.921073
4.520000	0.200	-0.920066
4.523333	0.200	-0.918465
4.526667	0.200	-0.916759
4.530000	0.200	-0.915505
4.533333	0.200	-0.914995
4.536667	0.200	-0.915343
4.540000	0.200	-0.916344
4.543333	0.200	-0.917179
4.546667	0.200	-0.917088
4.550000	0.200	-0.916200
4.553333	0.200	-0.915114
4.556667	0.200	-0.914022
4.560000	0.200	-0.912460
4.563333	0.200	-0.909920
4.566667	0.200	-0.906568
4.570000	0.200	-0.903139
4.573333	0.200	-0.900442
4.576667	0.200	-0.898908
4.580000	0.200	-0.898089
4.583333	0.200	-0.896870
4.586667	0.200	-0.894540
4.590000	0.200	-0.891249
4.593333	0.200	-0.887555
4.596667	0.200	-0.884173
4.600000	0.200	-0.881977
4.603333	0.200	-0.881493
4.606667	0.200	-0.882078
4.610000	0.200	-0.882231
4.613333	0.200	-0.881056
4.616667	0.200	-0.878775
4.620000	0.200	-0.875911
4.623333	0.200	-0.872843
4.626667	0.200	-0.869881
4.630000	0.200	-0.867107
4.633333	0.200	-0.864465
4.636667	0.200	-0.862144
4.640000	0.200	-0.860364
4.643333	0.200	-0.858913
4.646667	0.200	-0.857301
4.650000	0.200	-0.855217
4.653333	0.200	-0.852622
4.656667	0.200	-0.849581
4.660000	0.200	-0.846214
4.663333	0.200	-0.842719
4.666667	0.200	-0.839203
4.670000	0.200	-0.835321
4.673333	0.200	-0.830446
4.676667	0.200	-0.824443
4.680000	0.200	-0.818011
4.683333	0.200	-0.812179
4.686667	0.200	-0.807643
4.690000	0.200	-0.804558
4.693333	0.200	-0.802978
4.696667	0.200	-0.803318
4.700000	0.200	-0.805954
4.703333	0.200	-0.810479
4.706667	0.200	-0.815650
4.710000	0.200	-0.819867
4.713333	0.200	-0.821821
4.716667	0.200	-0.821061
4.720000	0.200	-0.817966
4.723333	0.200	-0.813286
4.726667	0.200	-0.807690
4.730000	0.200	-0.801166
4.733333	0.200	-0.792769
4.736667	0.200	-0.781230
4.740000	0.200	-0.765797
4.743333	0.200	-0.746848
4.746667	0.200	-0.725751
4.750000	0.200	-0.703873
4.753333	0.200	-0.682466
4.756667	0.200	-0.663662
4.760000	0.200	-0.650235
4.763333	0.200	-0.644066
4.766667	0.200	-0.645332
4.770000	0.200	-0.652989
4.773333	0.200	-0.665784
4.776667	0.200	-0.682659
4.780000	0.200	-0.701944
4.783333	0.200	-0.720942
4.786667	0.200	-0.737089
4.790000	0.200	-0.749072
4.793333	0.200	-0.756722
4.796667	0.200	-0.760670
4.800000	0.200	-0.761931
4.803333	0.200	-0.760989
4.806667	0.200	-0.757391
4.810000	0.200	-0.750383
4.813333	0.200	-0.739119
4.816667	0.200	-0.722459
4.820000	0.200	-0.700052
4.823333	0.200	-0.673806
4.826667	0.200	-0.647465
4.830000	0.200	-0.624952
4.833333	0.200	-0.609234
4.836667	0.200	-0.601779
4.840000	0.200	-0.602245
4.843333	0.200	-0.608602
4.846667	0.200	-0.618082
4.850000	0.200	-0.628362
4.853333	0.200	-0.637813
4.856667	0.200	-0.645080
4.860000	0.200	-0.648886
4.863333	0.200	-0.648132
4.866667	0.200	-0.642318
4.870000	0.200	-0.631732
4.873333	0.200	-0.616974
4.876667	0.200	-0.598864
4.880000	0.200	-0.578555
4.883333	0.200	-0.557266
4.886667	0.200	-0.536558
4.890000	0.200	-0.518734
4.893333	0.200	-0.506152
4.896667	0.200	-0.500332
4.900000	0.200	-0.501952
4.903333	0.200	-0.510964
4.906667	0.200	-0.526257
4.910000	0.200	-0.545951
4.913333	0.200	-0.568385
4.916667	0.200	-0.592285
4.920000	0.200	-0.616285
4.923333	0.200	-0.638900
4.926667	0.200	-0.659079
4.930000	0.200	-0.676671
4.933333	0.200	-0.692049
4.936667	0.200	-0.705490
4.940000	0.200	-0.717106
4.943333	0.200	-0.726880
4.946667	0.200	-0.734523
4.950000	0.200	-0.739682
4.953333	0.200	-0.742451
4.956667	0.200	-0.743372
4.960000	0.200	-0.742829
4.963333	0.200	-0.740394
4.966667	0.200	-0.734948
4.970000	0.200	-0.725997
4.973333	0.200	-0.714659
4.976667	0.200	-0.702843
4.980000	0.200	-0.691749
4.983333	0.200	-0.681366
4.986667	0.200	-0.671056
4.990000	0.200	-0.660443
4.993333	0.200	-0.649634
4.996667	0.200	-0.638661
5.000000	0.200	-0.626972
5.003333	0.200	-0.612974
5.006667	0.200	-0.592961
5.010000	0.200	-0.560041
5.013333	0.200	-0.503815
5.016667	0.200	-0.410166
5.020000	0.200	-0.260665
5.023333	0.200	-0.032571
5.026667	0.200	0.299982
5.030000	0.200	0.763948
5.033333	0.200	1.384075
5.036667	0.200	2.178211
5.040000	0.200	3.152293
5.043333	0.200	4.295455
5.046667	0.200	5.576075
5.050000	0.200	6.941056
5.053333	0.200	8.319285
5.056667	0.200	9.628327
5.060000	0.200	10.782875
5.063333	0.200	11.703763
5.066667	0.200	12.327348
5.070000	0.200	12.613901
5.073333	0.200	12.552178
5.076667	0.200	12.159215
5.080000	0.200	11.476539
5.083333	0.200	10.564204
5.086667	0.200	9.493589
5.090000	0.200	8.339137
5.093333	0.200	7.169703
5.096667	0.200	6.041707
5.100000	0.200	4.996005
5.103333	0.200	4.058013
5.106667	0.200	3.239825
5.110000	0.200	2.543483
5.113333	0.200	1.964226
5.116667	0.200	1.493290
5.120000	0.200	1.120344
5.123333	0.200	0.835292
5.126667	0.200	0.629313
5.130000	0.200	0.494343
5.133333	0.200	0.420402
5.136667	0.200	0.392841
5.140000	0.200	0.392030
5.143333	0.200	0.395659
5.146667	0.200	0.383077
5.150000	0.200	0.340434
5.153333	0.200	0.263667
5.156667	0.200	0.158011
5.160000	0.200	0.035102
5.163333	0.200	-0.091283
5.166667	0.200	-0.209260
5.170000	0.200	-0.310972
5.173333	0.200	-0.392662
5.176667	0.200	-0.453793
5.180000	0.200	-0.496397
5.183333	0.200	-0.524588
5.186667	0.200	-0.543441
5.190000	0.200	-0.557248
5.193333	0.200	-0.568233
5.196667	0.200	-0.576691
5.200000	0.200	-0.582106
5.203333	0.200	-0.584069
5.206667	0.200	-0.582679
5.210000	0.200	-0.578292
5.213333	0.200	-0.570980
5.216667	0.200	-0.560430
5.220000	0.200	-0.546116
5.223333	0.200	-0.527857
5.226667	0.200	-0.506457
5.230000	0.200	-0.482759
5.233333	0.200	-0.454802
5.236667	0.200	-0.413340
5.240000	0.200	-0.333901
5.243333	0.200	-0.164345
5.246667	0.200	0.189846
5.250000	0.200	0.876063
5.253333	0.200	2.090711
5.256667	0.200	4.052081
5.260000	0.200	6.947044
5.263333	0.200	10.857651
5.266667	0.200	15.686868
5.270000	0.200	21.114189
5.273333	0.200	26.609231
5.276667	0.200	31.512565
5.280000	0.200	35.168348
5.283333	0.200	37.073029
5.286667	0.200	36.994348
5.290000	0.200	35.020662
5.293333	0.200	31.525517
5.296667	0.200	27.064026
5.300000	0.200	22.238234
5.303333	0.200	17.573450
5.306667	0.200	13.438334
5.310000	0.200	10.021105
5.313333	0.200	7.352887
5.316667	0.200	5.357499
5.320000	0.200	3.905835
5.323333	0.200	2.859544
5.326667	0.200	2.098075
5.330000	0.200	1.530157
5.333333	0.200	1.094016
5.336667	0.200	0.751149
5.340000	0.200	0.478460
5.343333	0.200	0.261945
5.346667	0.200	0.092376
5.350000	0.200	-0.037306
5.353333	0.200	-0.133417
5.356667	0.200	-0.202246
5.360000	0.200	-0.250117
5.363333	0.200	-0.282941
5.366667	0.200	-0.305672
5.370000	0.200	-0.322418
5.373333	0.200	-0.336701
5.376667	0.200	-0.350835
5.380000	0.200	-0.365336
5.383333	0.200	-0.379151
5.386667	0.200	-0.390520
5.390000	0.200	-0.398280
5.393333	0.200	-0.402621
5.396667	0.200	-0.404674
5.400000	0.200	-0.405813
5.403333	0.200	-0.407160
5.406667	0.200	-0.409273
5.410000	0.200	-0.412469
5.413333	0.200	-0.417377
5.416667	0.200	-0.424450
5.420000	0.200	-0.433076
5.423333	0.200	-0.442016
5.426667	0.200	-0.450591
5.430000	0.200	-0.458786
5.433333	0.200	-0.466581
5.436667	0.200	-0.473661
5.440000	0.200	-0.479462
5.443333	0.200	-0.483489
5.446667	0.200	-0.485633
5.450000	0.200	-0.485983
5.453333	0.200	-0.484572
5.456667	0.200	-0.481485
5.460000	0.200	-0.476914
5.463333	0.200	-0.471009
5.466667	0.200	-0.463874
5.470000	0.200	-0.455798
5.473333	0.200	-0.447528
5.476667	0.200	-0.440084
5.480000	0.200	-0.434016
5.483333	0.200	-0.428968
5.486667	0.200	-0.424052
5.490000	0.200	-0.418291
5.493333	0.200	-0.410270
5.496667	0.200	-0.397588
5.500000	0.200	-0.377148
5.503333	0.200	-0.345771
5.506667	0.200	-0.300484
5.510000	0.200	-0.239094
5.513333	0.200	-0.161826
5.516667	0.200	-0.073096
5.520000	0.200	0.018456
5.523333	0.200	0.101934
5.526667	0.200	0.166650
5.530000	0.200	0.204253
5.533333	0.200	0.210571
5.536667	0.200	0.186440
5.540000	0.200	0.136737
5.543333	0.200	0.068558
5.546667	0.200	-0.010104
5.550000	0.200	-0.091320
5.553333	0.200	-0.168222
5.556667	0.200	-0.235725
5.560000	0.200	-0.290677
5.563333	0.200	-0.331444
5.566667	0.200	-0.357143
5.570000	0.200	-0.366974
5.573333	0.200	-0.360105
5.576667	0.200	-0.335621
5.580000	0.200	-0.291740
5.583333	0.200	-0.224725
5.586667	0.200	-0.128090
5.590000	0.200	0.007441
5.593333	0.200	0.193230
5.596667	0.200	0.442362
5.600000	0.200	0.770278
5.603333	0.200	1.195654
5.606667	0.200	1.740065
5.610000	0.200	2.425359
5.613333	0.200	3.269563
5.616667	0.200	4.283202
5.620000	0.200	5.465989
5.623333	0.200	6.803225
5.626667	0.200	8.263363
5.630000	0.200	9.798421
5.633333	0.200	11.347061
5.636667	0.200	12.839368
5.640000	0.200	14.202378
5.643333	0.200	15.365783
5.646667	0.200	16.267806
5.650000	0.200	16.860874
5.653333	0.200	17.116040
5.656667	0.200	17.025596
5.660000	0.200	16.603831
5.663333	0.200	15.884995
5.666667	0.200	14.918326
5.670000	0.200	13.762227
5.673333	0.200	12.479160
5.676667	0.200	11.131063
5.680000	0.200	9.774702
5.683333	0.200	8.457769
5.686667	0.200	7.217004
5.690000	0.200	6.078015
5.693333	0.200	5.055674
5.696667	0.200	4.155245
5.700000	0.200	3.374621
5.703333	0.200	2.706919
5.706667	0.200	2.142519
5.710000	0.200	1.670346
5.713333	0.200	1.278792
5.716667	0.200	0.956498
5.720000	0.200	0.692747
5.723333	0.200	0.477730
5.726667	0.200	0.303180
5.730000	0.200	0.162639
5.733333	0.200	0.050726
5.736667	0.200	-0.037549
5.740000	0.200	-0.106692
5.743333	0.200	-0.160497
5.746667	0.200	-0.202155
5.750000	0.200	-0.234478
5.753333	0.200	-0.260171
5.756667	0.200	-0.281750
5.760000	0.200	-0.301040
5.763333	0.200	-0.318955
5.766667	0.200	-0.335623
5.770000	0.200	-0.350786
5.773333	0.200	-0.364593
5.776667	0.200	-0.377661
5.780000	0.200	-0.390238
5.783333	0.200	-0.401978
5.786667	0.200	-0.412438
5.790000	0.200	-0.421286
5.793333	0.200	-0.428233
5.796667	0.200	-0.432792
5.800000	0.200	-0.434307
5.803333	0.200	-0.432621
5.806667	0.200	-0.428288
5.810000	0.200	-0.422103
5.813333	0.200	-0.414838
5.816667	0.200	-0.406835
5.820000	0.200	-0.397461
5.823333	0.200	-0.385555
5.826667	0.200	-0.370568
5.830000	0.200	-0.353011
5.833333	0.200	-0.334079
5.836667	0.200	-0.315240
5.840000	0.200	-0.297862
5.843333	0.200	-0.282814
5.846667	0.200	-0.270633
5.850000	0.200	-0.261924
5.853333	0.200	-0.256922
5.856667	0.200	-0.254967
5.860000	0.200	-0.255069
5.863333	0.200	-0.256504
5.866667	0.200	-0.258767
5.870000	0.200	-0.261742
5.873333	0.200	-0.266119
5.876667	0.200	-0.273242
5.880000	0.200	-0.284079
5.883333	0.200	-0.298088
5.886667	0.200	-0.313313
5.890000	0.200	-0.327888
5.893333	0.200	-0.341176
5.896667	0.200	-0.353246
5.900000	0.200	-0.363595
5.903333	0.200	-0.370919
5.906667	0.200	-0.373768
5.910000	0.200	-0.370284
5.913333	0.200	-0.357472
5.916667	0.200	-0.331579
5.920000	0.200	-0.288804
5.923333	0.200	-0.225535
5.926667	0.200	-0.139053
5.930000	0.200	-0.029334
5.933333	0.200	0.099567
5.936667	0.200	0.240267
5.940000	0.200	0.383646
5.943333	0.200	0.519310
5.946667	0.200	0.635918
5.950000	0.200	0.722655
5.953333	0.200	0.771044
5.956667	0.200	0.776411
5.960000	0.200	0.739011
5.963333	0.200	0.664196
5.966667	0.200	0.560914
5.970000	0.200	0.439506
5.973333	0.200	0.310421
5.976667	0.200	0.183783
5.980000	0.200	0.068238
5.983333	0.200	-0.030970
5.986667	0.200	-0.112675
5.990000	0.200	-0.178288
5.993333	0.200	-0.229721
5.996667	0.200	-0.268490
6.000000	0.200	-0.296080
6.003333	0.200	-0.314419
6.006667	0.200	-0.325792
6.010000	0.200	-0.332431
6.013333	0.200	-0.335997
6.016667	0.200	-0.337299
6.020000	0.200	-0.336857
6.023333	0.200	-0.335608
6.026667	0.200	-0.334656
6.030000	0.200	-0.334842
6.033333	0.200	-0.336772
6.036667	0.200	-0.340798
6.040000	0.200	-0.346979
6.043333	0.200	-0.355023
6.046667	0.200	-0.364140
6.050000	0.200	-0.373402
6.053333	0.200	-0.382266
6.056667	0.200	-0.390509
6.060000	0.200	-0.397939
6.063333	0.200	-0.404290
6.066667	0.200	-0.409207
6.070000	0.200	-0.412396
6.073333	0.200	-0.413919
6.076667	0.200	-0.413907
6.080000	0.200	-0.411855
6.083333	0.200	-0.406830
6.086667	0.200	-0.398378
6.090000	0.200	-0.386431
6.093333	0.200	-0.370573
6.096667	0.200	-0.349960
6.100000	0.200	-0.323589
6.103333	0.200	-0.290697
6.106667	0.200	-0.251522
6.110000	0.200	-0.207714
6.113333	0.200	-0.162030
6.116667	0.200	-0.117840
6.120000	0.200	-0.078575
6.123333	0.200	-0.047061
6.126667	0.200	-0.025224
6.130000	0.200	-0.014242
6.133333	0.200	-0.014774
6.136667	0.200	-0.027049
6.140000	0.200	-0.050470
6.143333	0.200	-0.082843
6.146667	0.200	-0.120487
6.150000	0.200	-0.159530
6.153333	0.200	-0.197028
6.156667	0.200	-0.231324
6.160000	0.200	-0.261918
6.163333	0.200	-0.288895
6.166667	0.200	-0.312323
6.170000	0.200	-0.332096
6.173333	0.200	-0.347983
6.176667	0.200	-0.359801
6.180000	0.200	-0.367747
6.183333	0.200	-0.372589
6.186667	0.200	-0.375377
6.190000	0.200	-0.376950
6.193333	0.200	-0.377782
6.196667	0.200	-0.378009
6.200000	0.200	-0.377472
6.203333	0.200	-0.376073
6.206667	0.200	-0.373918
6.210000	0.200	-0.371000
6.213333	0.200	-0.367347
6.216667	0.200	-0.363545
6.220000	0.200	-0.360524
6.223333	0.200	-0.358759
6.226667	0.200	-0.358257
6.230000	0.200	-0.359061
6.233333	0.200	-0.361115
6.236667	0.200	-0.363916
6.240000	0.200	-0.366560
6.243333	0.200	-0.367670
6.246667	0.200	-0.365285
6.250000	0.200	-0.357436
6.253333	0.200	-0.342812
6.256667	0.200	-0.320607
6.260000	0.200	-0.289879
6.263333	0.200	-0.249080
6.266667	0.200	-0.196407
6.270000	0.200	-0.130872
6.273333	0.200	-0.052653
6.276667	0.200	0.037433
6.280000	0.200	0.138019
6.283333	0.200	0.246863
6.286667	0.200	0.360718
6.290000	0.200	0.475293
6.293333	0.200	0.585736
6.296667	0.200	0.687405
6.300000	0.200	0.775942
6.303333	0.200	0.847071
6.306667	0.200	0.896901
6.310000	0.200	0.922672
6.313333	0.200	0.923539
6.316667	0.200	0.900599
6.320000	0.200	0.856213
6.323333	0.200	0.793384
6.326667	0.200	0.715209
6.330000	0.200	0.624802
6.333333	0.200	0.525972
6.336667	0.200	0.423187
6.340000	0.200	0.320469
6.343333	0.200	0.221127
6.346667	0.200	0.128238
6.350000	0.200	0.044166
6.353333	0.200	-0.030205
6.356667	0.200	-0.095151
6.360000	0.200	-0.151317
6.363333	0.200	-0.199235
6.366667	0.200	-0.239229
6.370000	0.200	-0.271794
6.373333	0.200	-0.298134
6.376667	0.200	-0.319825
6.380000	0.200	-0.337827
6.383333	0.200	-0.352336
6.386667	0.200	-0.363310
6.390000	0.200	-0.370857
6.393333	0.200	-0.375500
6.396667	0.200	-0.378085
6.400000	0.200	-0.379249
6.403333	0.200	-0.378965
6.406667	0.200	-0.376826
6.410000	0.200	-0.372638
6.413333	0.200	-0.366477
6.416667	0.200	-0.358570
6.420000	0.200	-0.349540
6.423333	0.200	-0.340329
6.426667	0.200	-0.331615
6.430000	0.200	-0.324073
6.433333	0.200	-0.319000
6.436667	0.200	-0.317549
6.440000	0.200	-0.319687
6.443333	0.200	-0.324446
6.446667	0.200	-0.330703
6.450000	0.200	-0.337542
6.453333	0.200	-0.344057
6.456667	0.200	-0.349305
6.460000	0.200	-0.353012
6.463333	0.200	-0.355719
6.466667	0.200	-0.357504
6.470000	0.200	-0.357426
6.473333	0.200	-0.354312
6.476667	0.200	-0.347199
6.480000	0.200	-0.335478
6.483333	0.200	-0.319096
6.486667	0.200	-0.298194
6.490000	0.200	-0.272819
6.493333	0.200	-0.243465
6.496667	0.200	-0.211453
6.500000	0.200	-0.178600
6.503333	0.200	-0.147041
6.506667	0.200	-0.119172
6.510000	0.200	-0.097188
6.513333	0.200	-0.082717
6.516667	0.200	-0.076730
6.520000	0.200	-0.079368
6.523333	0.200	-0.089916
6.526667	0.200	-0.107299
6.530000	0.200	-0.130474
6.533333	0.200	-0.158313
6.536667	0.200	-0.189391
6.540000	0.200	-0.221890
6.543333	0.200	-0.253704
6.546667	0.200	-0.282924
6.550000	0.200	-0.308220
6.553333	0.200	-0.328840
6.556667	0.200	-0.344492
6.560000	0.200	-0.355669
6.563333	0.200	-0.364028
6.566667	0.200	-0.371474
6.570000	0.200	-0.378623
6.573333	0.200	-0.384749
6.576667	0.200	-0.389085
6.580000	0.200	-0.391771
6.583333	0.200	-0.393670
6.586667	0.200	-0.395552
6.590000	0.200	-0.397683
6.593333	0.200	-0.399990
6.596667	0.200	-0.402228
6.600000	0.200	-0.404040
6.603333	0.200	-0.405198
6.606667	0.200	-0.405845
6.610000	0.200	-0.406220
6.613333	0.200	-0.406411
6.616667	0.200	-0.406502
6.620000	0.200	-0.406503
6.623333	0.200	-0.406310
6.626667	0.200	-0.406031
6.630000	0.200	-0.406286
6.633333	0.200	-0.408021
6.636667	0.200	-0.411429
6.640000	0.200	-0.415411
6.643333	0.200	-0.418608
6.646667	0.200	-0.420341
6.650000	0.200	-0.420564
6.653333	0.200	-0.419609
6.656667	0.200	-0.418162
6.660000	0.200	-0.417177
6.663333	0.200	-0.417071
6.666667	0.200	-0.417104
6.670000	0.200	-0.416412
6.673333	0.200	-0.415314
6.676667	0.200	-0.414884
6.680000	0.200	-0.415633
6.683333	0.200	-0.417134
6.686667	0.200	-0.418747
6.690000	0.200	-0.420081
6.693333	0.200	-0.420791
6.696667	0.200	-0.420655
6.700000	0.200	-0.419798
6.703333	0.200	-0.418352
6.706667	0.200	-0.416229
6.710000	0.200	-0.413562
6.713333	0.200	-0.411035
6.716667	0.200	-0.409212
6.720000	0.200	-0.407659
6.723333	0.200	-0.405112
6.726667	0.200	-0.400474
6.730000	0.200	-0.393612
6.733333	0.200	-0.385068
6.736667	0.200	-0.375026
6.740000	0.200	-0.363066
6.743333	0.200	-0.348874
6.746667	0.200	-0.332508
6.750000	0.200	-0.313755
6.753333	0.200	-0.292042
6.756667	0.200	-0.267381
6.760000	0.200	-0.240785
6.763333	0.200	-0.213906
6.766667	0.200	-0.188815
6.770000	0.200	-0.167809
6.773333	0.200	-0.152752
6.776667	0.200	-0.144590
6.780000	0.200	-0.143609
6.783333	0.200	-0.149629
6.786667	0.200	-0.161711
6.790000	0.200	-0.178392
6.793333	0.200	-0.198304
6.796667	0.200	-0.220040
6.800000	0.200	-0.242132
6.803333	0.200	-0.263822
6.806667	0.200	-0.285032
6.810000	0.200	-0.305380
6.813333	0.200	-0.323622
6.816667	0.200	-0.338189
6.820000	0.200	-0.348582
6.823333	0.200	-0.355907
6.826667	0.200	-0.361419
6.830000	0.200	-0.365444
6.833333	0.200	-0.368267
6.836667	0.200	-0.370543
6.840000	0.200	-0.372538
6.843333	0.200	-0.374172
6.846667	0.200	-0.375731
6.850000	0.200	-0.377671
6.853333	0.200	-0.379768
6.856667	0.200	-0.381246
6.860000	0.200	-0.381817
6.863333	0.200	-0.381936
6.866667	0.200	-0.382064
6.870000	0.200	-0.382234
6.873333	0.200	-0.382443
6.876667	0.200	-0.382795
6.880000	0.200	-0.382859
6.883333	0.200	-0.381460
6.886667	0.200	-0.377288
6.890000	0.200	-0.368934
6.893333	0.200	-0.353789
6.896667	0.200	-0.326711
6.900000	0.200	-0.279493
6.903333	0.200	-0.201541
6.906667	0.200	-0.080679
6.910000	0.200	0.097498
6.913333	0.200	0.351087
6.916667	0.200	0.701741
6.920000	0.200	1.172197
6.923333	0.200	1.782963
6.926667	0.200	2.548848
6.930000	0.200	3.474735
6.933333	0.200	4.551401
6.936667	0.200	5.753766
6.940000	0.200	7.041922
6.943333	0.200	8.363023
6.946667	0.200	9.653462
6.950000	0.200	10.843125
6.953333	0.200	11.862352
6.956667	0.200	12.649697
6.960000	0.200	13.158254
6.963333	0.200	13.360211
6.966667	0.200	13.249781
6.970000	0.200	12.843416
6.973333	0.200	12.177055
6.976667	0.200	11.301522
6.980000	0.200	10.276443
6.983333	0.200	9.163664
6.986667	0.200	8.021637
6.990000	0.200	6.901136
6.993333	0.200	5.842256
6.996667	0.200	4.873089
7.000000	0.200	4.010038
7.003333	0.200	3.259298
7.006667	0.200	2.619204
7.010000	0.200	2.082799
7.013333	0.200	1.639635
7.016667	0.200	1.276941
7.020000	0.200	0.981139
7.023333	0.200	0.739572
7.026667	0.200	0.541274
7.030000	0.200	0.377078
7.033333	0.200	0.240062
7.036667	0.200	0.125769
7.040000	0.200	0.031462
7.043333	0.200	-0.045167
7.046667	0.200	-0.106771
7.050000	0.200	-0.156071
7.053333	0.200	-0.195469
7.056667	0.200	-0.227002
7.060000	0.200	-0.252050
7.063333	0.200	-0.271455
7.066667	0.200	-0.286294
7.070000	0.200	-0.297993
7.073333	0.200	-0.307628
7.076667	0.200	-0.315404
7.080000	0.200	-0.320900
7.083333	0.200	-0.323962
7.086667	0.200	-0.325067
7.090000	0.200	-0.324721
7.093333	0.200	-0.323089
7.096667	0.200	-0.320353
7.100000	0.200	-0.317244
7.103333	0.200	-0.315087
7.106667	0.200	-0.314953
7.110000	0.200	-0.316714
7.113333	0.200	-0.319348
7.116667	0.200	-0.322216
7.120000	0.200	-0.325588
7.123333	0.200	-0.329996
7.126667	0.200	-0.335537
7.130000	0.200	-0.341605
7.133333	0.200	-0.347126
7.136667	0.200	-0.351472
7.140000	0.200	-0.354972
7.143333	0.200	-0.358134
7.146667	0.200	-0.360994
7.150000	0.200	-0.363458
7.153333	0.200	-0.365707
7.156667	0.200	-0.368163
7.160000	0.200	-0.371100
7.163333	0.200	-0.374322
7.166667	0.200	-0.377244
7.170000	0.200	-0.379203
7.173333	0.200	-0.379900
7.176667	0.200	-0.379650
7.180000	0.200	-0.379247
7.183333	0.200	-0.379420
7.186667	0.200	-0.380176
7.190000	0.200	-0.380892
7.193333	0.200	-0.381071
7.196667	0.200	-0.380679
7.200000	0.200	-0.379979
7.203333	0.200	-0.379296
7.206667	0.200	-0.378722
7.210000	0.200	-0.377784
7.213333	0.200	-0.375288
7.216667	0.200	-0.369437
7.220000	0.200	-0.358100
7.223333	0.200	-0.338716
7.226667	0.200	-0.307568
7.230000	0.200	-0.259026
7.233333	0.200	-0.185105
7.236667	0.200	-0.075317
7.240000	0.200	0.083158
7.243333	0.200	0.305110
7.246667	0.200	0.606763
7.250000	0.200	1.004781
7.253333	0.200	1.514734
7.256667	0.200	2.149105
7.260000	0.200	2.915228
7.263333	0.200	3.813406
7.266667	0.200	4.834867
7.270000	0.200	5.960086
7.273333	0.200	7.158242
7.276667	0.200	8.387837
7.280000	0.200	9.598852
7.283333	0.200	10.736350
7.286667	0.200	11.744630
7.290000	0.200	12.571818
7.293333	0.200	13.175051
7.296667	0.200	13.524818
7.300000	0.200	13.606933
7.303333	0.200	13.422995
7.306667	0.200	12.989974
7.310000	0.200	12.338376
7.313333	0.200	11.509098
7.316667	0.200	10.549410
7.320000	0.200	9.508739
7.323333	0.200	8.434747
7.326667	0.200	7.369677
7.330000	0.200	6.347801
7.333333	0.200	5.394560
7.336667	0.200	4.526778
7.340000	0.200	3.753445
7.343333	0.200	3.077010
7.346667	0.200	2.494931
7.350000	0.200	2.000965
7.353333	0.200	1.586435
7.356667	0.200	1.241682
7.360000	0.200	0.956852
7.363333	0.200	0.722116
7.366667	0.200	0.528221
7.370000	0.200	0.367208
7.373333	0.200	0.232911
7.376667	0.200	0.120884
7.380000	0.200	0.027781
7.383333	0.200	-0.048862
7.386667	0.200	-0.110685
7.390000	0.200	-0.159124
7.393333	0.200	-0.195812
7.396667	0.200	-0.222221
7.400000	0.200	-0.239121
7.403333	0.200	-0.246569
7.406667	0.200	-0.244493
7.410000	0.200	-0.233200
7.413333	0.200	-0.213571
7.416667	0.200	-0.187199
7.420000	0.200	-0.156197
7.423333	0.200	-0.122465
7.426667	0.200	-0.087402
7.430000	0.200	-0.052578
7.433333	0.200	-0.020231
7.436667	0.200	0.007204
7.440000	0.200	0.027782
7.443333	0.200	0.040080
7.446667	0.200	0.043180
7.450000	0.200	0.037168
7.453333	0.200	0.023222
7.456667	0.200	0.002888
7.460000	0.200	-0.022720
7.463333	0.200	-0.053007
7.466667	0.200	-0.087231
7.470000	0.200	-0.124135
7.473333	0.200	-0.162280
7.476667	0.200	-0.200338
7.480000	0.200	-0.237063
7.483333	0.200	-0.271025
7.486667	0.200	-0.300880
7.490000	0.200	-0.326301
7.493333	0.200	-0.347960
7.496667	0.200	-0.366411
7.500000	0.200	-0.381697
7.503333	0.200	-0.393929
7.506667	0.200	-0.403567
7.510000	0.200	-0.411222
7.513333	0.200	-0.417445
7.516667	0.200	-0.422525
7.520000	0.200	-0.426552
7.523333	0.200	-0.429769
7.526667	0.200	-0.432605
7.530000	0.200	-0.435072
7.533333	0.200	-0.436446
7.536667	0.200	-0.435871
7.540000	0.200	-0.432877
7.543333	0.200	-0.427513
7.546667	0.200	-0.420575
7.550000	0.200	-0.413089
7.553333	0.200	-0.405328
7.556667	0.200	-0.396840
7.560000	0.200	-0.387299
7.563333	0.200	-0.377209
7.566667	0.200	-0.367769
7.570000	0.200	-0.360000
7.573333	0.200	-0.354502
7.576667	0.200	-0.351750
7.580000	0.200	-0.351811
7.583333	0.200	-0.354091
7.586667	0.200	-0.357854
7.590000	0.200	-0.362731
7.593333	0.200	-0.368489
7.596667	0.200	-0.374747
7.600000	0.200	-0.381255
7.603333	0.200	-0.388225
7.606667	0.200	-0.395957
7.610000	0.200	-0.404319
7.613333	0.200	-0.412780
7.616667	0.200	-0.420665
7.620000	0.200	-0.427272
7.623333	0.200	-0.431915
7.626667	0.200	-0.434301
7.630000	0.200	-0.434869
7.633333	0.200	-0.434379
7.636667	0.200	-0.433398
7.640000	0.200	-0.432082
7.643333	0.200	-0.430370
7.646667	0.200	-0.428578
7.650000	0.200	-0.427231
7.653333	0.200	-0.426476
7.656667	0.200	-0.426239
7.660000	0.200	-0.426294
7.663333	0.200	-0.426039
7.666667	0.200	-0.425000
7.670000	0.200	-0.423378
7.673333	0.200	-0.421737
7.676667	0.200	-0.420655
7.680000	0.200	-0.420808
7.683333	0.200	-0.422699
7.686667	0.200	-0.426173
7.690000	0.200	-0.430607
7.693333	0.200	-0.435411
7.696667	0.200	-0.440010
7.700000	0.200	-0.443642
7.703333	0.200	-0.445688
7.706667	0.200	-0.446095
7.710000	0.200	-0.445203
7.713333	0.200	-0.443467
7.716667	0.200	-0.441337
7.720000	0.200	-0.439067
7.723333	0.200	-0.436690
7.726667	0.200	-0.434232
7.730000	0.200	-0.431609
7.733333	0.200	-0.428428
7.736667	0.200	-0.424287
7.740000	0.200	-0.419228
7.743333	0.200	-0.413754
7.746667	0.200	-0.408450
7.750000	0.200	-0.403581
7.753333	0.200	-0.399112
7.756667	0.200	-0.395171
7.760000	0.200	-0.392401
7.763333	0.200	-0.391718
7.766667	0.200	-0.393600
7.770000	0.200	-0.397542
7.773333	0.200	-0.402222
7.776667	0.200	-0.406222
7.780000	0.200	-0.408794
7.783333	0.200	-0.410167
7.786667	0.200	-0.411060
7.790000	0.200	-0.412122
7.793333	0.200	-0.413999
7.796667	0.200	-0.417289
7.800000	0.200	-0.422100
7.803333	0.200	-0.428117
7.806667	0.200	-0.434806
7.810000	0.200	-0.441178
7.813333	0.200	-0.445972
7.816667	0.200	-0.448348
7.820000	0.200	-0.448360
7.823333	0.200	-0.446931
7.826667	0.200	-0.445463
7.830000	0.200	-0.445286
7.833333	0.200	-0.446887
7.836667	0.200	-0.449500
7.840000	0.200	-0.451716
7.843333	0.200	-0.452547
7.846667	0.200	-0.451992
7.850000	0.200	-0.450940
7.853333	0.200	-0.450446
7.856667	0.200	-0.450954
7.860000	0.200	-0.452262
7.863333	0.200	-0.453817
7.866667	0.200	-0.455016
7.870000	0.200	-0.455825
7.873333	0.200	-0.456857
7.876667	0.200	-0.458725
7.880000	0.200	-0.461504
7.883333	0.200	-0.464429
7.886667	0.200	-0.466360
7.890000	0.200	-0.466967
7.893333	0.200	-0.467172
7.896667	0.200	-0.468083
7.900000	0.200	-0.469748
7.903333	0.200	-0.471259
7.906667	0.200	-0.471721
7.910000	0.200	-0.470848
7.913333	0.200	-0.469172
7.916667	0.200	-0.467810
7.920000	0.200	-0.467811
7.923333	0.200	-0.469670
7.926667	0.200	-0.473061
7.930000	0.200	-0.476661
7.933333	0.200	-0.478816
7.936667	0.200	-0.478834
7.940000	0.200	-0.477276
7.943333	0.200	-0.475035
7.946667	0.200	-0.472416
7.950000	0.200	-0.469232
7.953333	0.200	-0.465688
7.956667	0.200	-0.462751
7.960000	0.200	-0.461342
7.963333	0.200	-0.461276
7.966667	0.200	-0.461380
7.970000	0.200	-0.460966
7.973333	0.200	-0.460633
7.976667	0.200	-0.461439
7.980000	0.200	-0.464016
7.983333	0.200	-0.468063
7.986667	0.200	-0.472233
7.990000	0.200	-0.475335
7.993333	0.200	-0.477348
7.996667	0.200	-0.478684
8.000000	0.200	-0.479414
8.003333	0.200	-0.479524
8.006667	0.200	-0.479011
8.010000	0.200	-0.477719
8.013333	0.200	-0.475657
8.016667	0.200	-0.473314
8.020000	0.200	-0.471310
8.023333	0.200	-0.470001
8.026667	0.200	-0.469397
8.030000	0.200	-0.469365
8.033333	0.200	-0.470141
8.036667	0.200	-0.472147
8.040000	0.200	-0.475003
8.043333	0.200	-0.477501
8.046667	0.200	-0.478636
8.050000	0.200	-0.478331
8.053333	0.200	-0.477725
8.056667	0.200	-0.478416
8.060000	0.200	-0.480877
8.063333	0.200	-0.484208
8.066667	0.200	-0.487139
8.070000	0.200	-0.488533
8.073333	0.200	-0.487620
8.076667	0.200	-0.484660
8.080000	0.200	-0.481098
8.083333	0.200	-0.478540
8.086667	0.200	-0.477674
8.090000	0.200	-0.478060
8.093333	0.200	-0.478923
8.096667	0.200	-0.480224
8.100000	0.200	-0.482485
8.103333	0.200	-0.485974
8.106667	0.200	-0.490659
8.110000	0.200	-0.496126
8.113333	0.200	-0.501184
8.116667	0.200	-0.504100
8.120000	0.200	-0.503659
8.123333	0.200	-0.500106
8.126667	0.200	-0.494971
8.130000	0.200	-0.490049
8.133333	0.200	-0.486484
8.136667	0.200	-0.484451
8.140000	0.200	-0.483609
8.143333	0.200	-0.483615
8.146667	0.200	-0.483974
8.150000	0.200	-0.483735
8.153333	0.200	-0.481871
8.156667	0.200	-0.478136
8.160000	0.200	-0.473474
8.163333	0.200	-0.469562
8.166667	0.200	-0.467787
8.170000	0.200	-0.468484
8.173333	0.200	-0.471027
8.176667	0.200	-0.474396
8.180000	0.200	-0.477629
8.183333	0.200	-0.480295
8.186667	0.200	-0.482756
8.190000	0.200	-0.485625
8.193333	0.200	-0.489090
8.196667	0.200	-0.492751
8.200000	0.200	-0.495859
8.203333	0.200	-0.497940
8.206667	0.200	-0.499205
8.210000	0.200	-0.500283
8.213333	0.200	-0.501745
8.216667	0.200	-0.503801
8.220000	0.200	-0.506306
8.223333	0.200	-0.508994
8.226667	0.200	-0.511683
8.230000	0.200	-0.514452
8.233333	0.200	-0.517625
8.236667	0.200	-0.521085
8.240000	0.200	-0.523755
8.243333	0.200	-0.524517
8.246667	0.200	-0.523371
8.250000	0.200	-0.521246
8.253333	0.200	-0.519086
8.256667	0.200	-0.517340
8.260000	0.200	-0.516108
8.263333	0.200	-0.515543
8.266667	0.200	-0.515662
8.270000	0.200	-0.515936
8.273333	0.200	-0.515855
8.276667	0.200	-0.515473
8.280000	0.200	-0.514972
8.283333	0.200	-0.514098
8.286667	0.200	-0.512224
8.290000	0.200	-0.509145
8.293333	0.200	-0.505870
8.296667	0.200	-0.504050
8.300000	0.200	-0.504457
8.303333	0.200	-0.506465
8.306667	0.200	-0.508923
8.310000	0.200	-0.511014
8.313333	0.200	-0.512421
8.316667	0.200	-0.513182
8.320000	0.200	-0.513414
8.323333	0.200	-0.513293
8.326667	0.200	-0.513341
8.330000	0.200	-0.514148
8.333333	0.200	-0.515582
8.336667	0.200	-0.516791
8.340000	0.200	-0.517134
8.343333	0.200	-0.516612
8.346667	0.200	-0.515409
8.350000	0.200	-0.513699
8.353333	0.200	-0.511796
8.356667	0.200	-0.509718
8.360000	0.200	-0.507025
8.363333	0.200	-0.503584
8.366667	0.200	-0.499719
8.370000	0.200	-0.495602
8.373333	0.200	-0.491164
8.376667	0.200	-0.486329
8.380000	0.200	-0.481069
8.383333	0.200	-0.475399
8.386667	0.200	-0.469135
8.390000	0.200	-0.461829
8.393333	0.200	-0.453410
8.396667	0.200	-0.444520
8.400000	0.200	-0.435887
8.403333	0.200	-0.427626
8.406667	0.200	-0.418873
8.410000	0.200	-0.408122
8.413333	0.200	-0.394232
8.416667	0.200	-0.377092
8.420000	0.200	-0.357410
8.423333	0.200	-0.336150
8.426667	0.200	-0.314503
8.430000	0.200	-0.294310
8.433333	0.200	-0.277975
8.436667	0.200	-0.267799
8.440000	0.200	-0.265229
8.443333	0.200	-0.270556
8.446667	0.200	-0.283393
8.450000	0.200	-0.303012
8.453333	0.200	-0.328040
8.456667	0.200	-0.356218
8.460000	0.200	-0.384903
8.463333	0.200	-0.412067
8.466667	0.200	-0.436774
8.470000	0.200	-0.458903
8.473333	0.200	-0.478655
8.476667	0.200	-0.496111
8.480000	0.200	-0.511108
8.483333	0.200	-0.523373
8.486667	0.200	-0.532601
8.490000	0.200	-0.538898
8.493333	0.200	-0.543075
8.496667	0.200	-0.545990
8.500000	0.200	-0.548067
8.503333	0.200	-0.549652
8.506667	0.200	-0.550990
8.510000	0.200	-0.551752
8.513333	0.200	-0.551516
8.516667	0.200	-0.550586
8.520000	0.200	-0.549700
8.523333	0.200	-0.549308
8.526667	0.200	-0.549308
8.530000	0.200	-0.549233
8.533333	0.200	-0.548765
8.536667	0.200	-0.547918
8.540000	0.200	-0.546535
8.543333	0.200	-0.543917
8.546667	0.200	-0.539025
8.550000	0.200	-0.531209
8.553333	0.200	-0.521003
8.556667	0.200	-0.509981
8.560000	0.200	-0.499735
8.563333	0.200	-0.491417
8.566667	0.200	-0.486249
8.570000	0.200	-0.485485
8.573333	0.200	-0.489415
8.576667	0.200	-0.497043
8.580000	0.200	-0.506936
8.583333	0.200	-0.517767
8.586667	0.200	-0.528007
8.590000	0.200	-0.535919
8.593333	0.200	-0.540287
8.596667	0.200	-0.541257
8.600000	0.200	-0.540449
8.603333	0.200	-0.539925
8.606667	0.200	-0.541029
8.610000	0.200	-0.543924
8.613333	0.200	-0.547725
8.616667	0.200	-0.551359
8.620000	0.200	-0.554396
8.623333	0.200	-0.556719
8.626667	0.200	-0.558169
8.630000	0.200	-0.558987
8.633333	0.200	-0.559644
8.636667	0.200	-0.560157
8.640000	0.200	-0.560313
8.643333	0.200	-0.560016
8.646667	0.200	-0.558942
8.650000	0.200	-0.556408
8.653333	0.200	-0.551735
8.656667	0.200	-0.544681
8.660000	0.200	-0.535523
8.663333	0.200	-0.524658
8.666667	0.200	-0.512445
8.670000	0.200	-0.499692
8.673333	0.200	-0.488234
8.676667	0.200	-0.480659
8.680000	0.200	-0.478954
8.683333	0.200	-0.483298
8.686667	0.200	-0.492118
8.690000	0.200	-0.503108
8.693333	0.200	-0.514532
8.696667	0.200	-0.525931
8.700000	0.200	-0.537526
8.703333	0.200	-0.549222
8.706667	0.200	-0.560360
8.710000	0.200	-0.569998
8.713333	0.200	-0.577471
8.716667	0.200	-0.582721
8.720000	0.200	-0.585939
8.723333	0.200	-0.587573
8.726667	0.200	-0.588673
8.730000	0.200	-0.590187
8.733333	0.200	-0.592075
8.736667	0.200	-0.593568
8.740000	0.200	-0.593814
8.743333	0.200	-0.592256
8.746667	0.200	-0.589060
8.750000	0.200	-0.585402
8.753333	0.200	-0.582901
8.756667	0.200	-0.582609
8.760000	0.200	-0.584427
8.763333	0.200	-0.587106
8.766667	0.200	-0.589060
8.770000	0.200	-0.589611
8.773333	0.200	-0.589175
8.776667	0.200	-0.588380
8.780000	0.200	-0.587245
8.783333	0.200	-0.585038
8.786667	0.200	-0.581391
8.790000	0.200	-0.577467
8.793333	0.200	-0.575101
8.796667	0.200	-0.574912
8.800000	0.200	-0.575966
8.803333	0.200	-0.577296
8.806667	0.200	-0.579119
8.810000	0.200	-0.582213
8.813333	0.200	-0.586661
8.816667	0.200	-0.591548
8.820000	0.200	-0.595665
8.823333	0.200	-0.598333
8.826667	0.200	-0.599556
8.830000	0.200	-0.599812
8.833333	0.200	-0.599982
8.836667	0.200	-0.601044
8.840000	0.200	-0.603452
8.843333	0.200	-0.606929
8.846667	0.200	-0.610968
8.850000	0.200	-0.615248
8.853333	0.200	-0.619456
8.856667	0.200	-0.623074
8.860000	0.200	-0.625613
8.863333	0.200	-0.627137
8.866667	0.200	-0.628235
8.870000	0.200	-0.629227
8.873333	0.200	-0.629935
8.876667	0.200	-0.630291
8.880000	0.200	-0.630466
8.883333	0.200	-0.630494
8.886667	0.200	-0.630286
8.890000	0.200	-0.629910
8.893333	0.200	-0.629616
8.896667	0.200	-0.629719
8.900000	0.200	-0.630604
8.903333	0.200	-0.632750
8.906667	0.200	-0.636701
8.910000	0.200	-0.642749
8.913333	0.200	-0.650669
8.916667	0.200	-0.659750
8.920000	0.200	-0.668728
8.923333	0.200	-0.676176
8.926667	0.200	-0.681571
8.930000	0.200	-0.685594
8.933333	0.200	-0.689056
8.936667	0.200	-0.691995
8.940000	0.200	-0.694079
8.943333	0.200	-0.695326
8.946667	0.200	-0.696038
8.950000	0.200	-0.696396
8.953333	0.200	-0.696508
8.956667	0.200	-0.696716
8.960000	0.200	-0.697362
8.963333	0.200	-0.697958
8.966667	0.200	-0.696279
8.970000	0.200	-0.687509
8.973333	0.200	-0.663125
8.976667	0.200	-0.608474
8.980000	0.200	-0.498493
8.983333	0.200	-0.293156
8.986667	0.200	0.065233
8.990000	0.200	0.651845
8.993333	0.200	1.555012
8.996667	0.200	2.866238
9.000000	0.200	4.663474
9.003333	0.200	6.988594
9.006667	0.200	9.823805
9.010000	0.200	13.073978
9.013333	0.200	16.561841
9.016667	0.200	20.040385
9.020000	0.200	23.221596
9.023333	0.200	25.816556
9.026667	0.200	27.579580
9.030000	0.200	28.347848
9.033333	0.200	28.067898
9.036667	0.200	26.801847
9.040000	0.200	24.712209
9.043333	0.200	22.030101
9.046667	0.200	19.014634
9.050000	0.200	15.913665
9.053333	0.200	12.934347
9.056667	0.200	10.226424
9.060000	0.200	7.877519
9.063333	0.200	5.918641
9.066667	0.200	4.336968
9.070000	0.200	3.091800
9.073333	0.200	2.129961
9.076667	0.200	1.397559
9.080000	0.200	0.846417
9.083333	0.200	0.436183
9.086667	0.200	0.134235
9.090000	0.200	-0.085454
9.093333	0.200	-0.243667
9.096667	0.200	-0.356854
9.100000	0.200	-0.437851
9.103333	0.200	-0.496508
9.106667	0.200	-0.539869
9.110000	0.200	-0.572583
9.113333	0.200	-0.597868
9.116667	0.200	-0.618030
9.120000	0.200	-0.634622
9.123333	0.200	-0.648879
9.126667	0.200	-0.661816
9.130000	0.200	-0.673640
9.133333	0.200	-0.683659
9.136667	0.200	-0.691251
9.140000	0.200	-0.696751
9.143333	0.200	-0.701190
9.146667	0.200	-0.705368
9.150000	0.200	-0.709548
9.153333	0.200	-0.713919
9.156667	0.200	-0.718826
9.160000	0.200	-0.724503
9.163333	0.200	-0.730725
9.166667	0.200	-0.736729
9.170000	0.200	-0.741416
9.173333	0.200	-0.743819
9.176667	0.200	-0.743786
9.180000	0.200	-0.742165
9.183333	0.200	-0.740294
9.186667	0.200	-0.739210
9.190000	0.200	-0.739007
9.193333	0.200	-0.739118
9.196667	0.200	-0.739464
9.200000	0.200	-0.740812
9.203333	0.200	-0.743687
9.206667	0.200	-0.747393
9.210000	0.200	-0.750373
9.213333	0.200	-0.751505
9.216667	0.200	-0.750980
9.220000	0.200	-0.749640
9.223333	0.200	-0.747801
9.226667	0.200	-0.745622
9.230000	0.200	-0.744117
9.233333	0.200	-0.744487
9.236667	0.200	-0.746544
9.240000	0.200	-0.748636
9.243333	0.200	-0.748989
9.246667	0.200	-0.746876
9.250000	0.200	-0.743103
9.253333	0.200	-0.739487
9.256667	0.200	-0.737348
9.260000	0.200	-0.736635
9.263333	0.200	-0.736612
9.266667	0.200	-0.736890
9.270000	0.200	-0.737710
9.273333	0.200	-0.739366
9.276667	0.200	-0.741573
9.280000	0.200	-0.743645
9.283333	0.200	-0.745149
9.286667	0.200	-0.746196
9.290000	0.200	-0.747028
9.293333	0.200	-0.747527
9.296667	0.200	-0.747374
9.300000	0.200	-0.746703
9.303333	0.200	-0.746184
9.306667	0.200	-0.746104
9.310000	0.200	-0.745764
9.313333	0.200	-0.744162
9.316667	0.200	-0.740842
9.320000	0.200	-0.735725
9.323333	0.200	-0.728292
9.326667	0.200	-0.717513
9.330000	0.200	-0.702837
9.333333	0.200	-0.685123
9.336667	0.200	-0.666504
9.340000	0.200	-0.649179
9.343333	0.200	-0.634433
9.346667	0.200	-0.622916
9.350000	0.200	-0.615313
9.353333	0.200	-0.612521
9.356667	0.200	-0.615353
9.360000	0.200	-0.623663
9.363333	0.200	-0.635767
9.366667	0.200	-0.649261
9.370000	0.200	-0.662527
9.373333	0.200	-0.675194
9.376667	0.200	-0.687326
9.380000	0.200	-0.698834
9.383333	0.200	-0.709566
9.386667	0.200	-0.719400
9.390000	0.200	-0.728387
9.393333	0.200	-0.736669
9.396667	0.200	-0.743533
9.400000	0.200	-0.747145
9.403333	0.200	-0.746131
9.406667	0.200	-0.741023
9.410000	0.200	-0.733974
9.413333	0.200	-0.727488
9.416667	0.200	-0.723452
9.420000	0.200	-0.722816
9.423333	0.200	-0.725395
9.426667	0.200	-0.730020
9.430000	0.200	-0.735653
9.433333	0.200	-0.742228
9.436667	0.200	-0.749864
9.440000	0.200	-0.757611
9.443333	0.200	-0.763614
9.446667	0.200	-0.766399
9.450000	0.200	-0.765644
9.453333	0.200	-0.762111
9.456667	0.200	-0.757221
9.460000	0.200	-0.752358
9.463333	0.200	-0.748394
9.466667	0.200	-0.745892
9.470000	0.200	-0.745397
9.473333	0.200	-0.746607
9.476667	0.200	-0.747101
9.480000	0.200	-0.743492
9.483333	0.200	-0.734564
9.486667	0.200	-0.722194
9.490000	0.200	-0.709230
9.493333	0.200	-0.697306
9.496667	0.200	-0.686302
9.500000	0.200	-0.674890
9.503333	0.200	-0.661106
9.506667	0.200	-0.642683
9.510000	0.200	-0.617814
9.513333	0.200	-0.585995
9.516667	0.200	-0.547839
9.520000	0.200	-0.504497
9.523333	0.200	-0.457424
9.526667	0.200	-0.408516
9.530000	0.200	-0.360540
9.533333	0.200	-0.317368
9.536667	0.200	-0.283416
9.540000	0.200	-0.262256
9.543333	0.200	-0.255641
9.546667	0.200	-0.263894
9.550000	0.200	-0.286016
9.553333	0.200	-0.318773
9.556667	0.200	-0.357210
9.560000	0.200	-0.397234
9.563333	0.200	-0.437369
9.566667	0.200	-0.477811
9.570000	0.200	-0.518232
9.573333	0.200	-0.557071
9.576667	0.200	-0.592725
9.580000	0.200	-0.624141
9.583333	0.200	-0.650153
9.586667	0.200	-0.669687
9.590000	0.200	-0.683051
9.593333	0.200	-0.692259
9.596667	0.200	-0.699844
9.600000	0.200	-0.707294
9.603333	0.200	-0.714386
9.606667	0.200	-0.720225
9.610000	0.200	-0.724953
9.613333	0.200	-0.729954
9.616667	0.200	-0.736460
9.620000	0.200	-0.744405
9.623333	0.200	-0.752775
9.626667	0.200	-0.760495
9.630000	0.200	-0.766312
9.633333	0.200	-0.768481
9.636667	0.200	-0.765838
9.640000	0.200	-0.759073
9.643333	0.200	-0.750433
9.646667	0.200	-0.742703
9.650000	0.200	-0.738366
9.653333	0.200	-0.738566
9.656667	0.200	-0.742664
9.660000	0.200	-0.748968
9.663333	0.200	-0.755650
9.666667	0.200	-0.761665
9.670000	0.200	-0.767281
9.673333	0.200	-0.773173
9.676667	0.200	-0.779174
9.680000	0.200	-0.784202
9.683333	0.200	-0.786935
9.686667	0.200	-0.786795
9.690000	0.200	-0.784878
9.693333	0.200	-0.783522
9.696667	0.200	-0.784412
9.700000	0.200	-0.787293
9.703333	0.200	-0.790538
9.706667	0.200	-0.792384
9.710000	0.200	-0.791496
9.713333	0.200	-0.787179
9.716667	0.200	-0.779738
9.720000	0.200	-0.770588
9.723333	0.200	-0.761839
9.726667	0.200	-0.755512
9.730000	0.200	-0.752875
9.733333	0.200	-0.754167
9.736667	0.200	-0.758477
9.740000	0.200	-0.764050
9.743333	0.200	-0.769073
9.746667	0.200	-0.772575
9.750000	0.200	-0.774831
9.753333	0.200	-0.776643
9.756667	0.200	-0.778225
9.760000	0.200	-0.779019
9.763333	0.200	-0.778345
9.766667	0.200	-0.776225
9.770000	0.200	-0.773911
9.773333	0.200	-0.773345
9.776667	0.200	-0.775698
9.780000	0.200	-0.780707
9.783333	0.200	-0.787277
9.786667	0.200	-0.793881
9.790000	0.200	-0.798734
9.793333	0.200	-0.800682
9.796667	0.200	-0.799801
9.800000	0.200	-0.796893
9.803333	0.200	-0.792989
9.806667	0.200	-0.789180
9.810000	0.200	-0.786269
9.813333	0.200	-0.784514
9.816667	0.200	-0.784104
9.820000	0.200	-0.785442
9.823333	0.200	-0.788498
9.826667	0.200	-0.792584
9.830000	0.200	-0.796919
9.833333	0.200	-0.800733
9.836667	0.200	-0.803156
9.840000	0.200	-0.803446
9.843333	0.200	-0.801287
9.846667	0.200	-0.797393
9.850000	0.200	-0.793884
9.853333	0.200	-0.793047
9.856667	0.200	-0.795408
9.860000	0.200	-0.799462
9.863333	0.200	-0.803366
9.866667	0.200	-0.806493
9.870000	0.200	-0.809153
9.873333	0.200	-0.811544
9.876667	0.200	-0.813510
9.880000	0.200	-0.814627
9.883333	0.200	-0.814235
9.886667	0.200	-0.811791
9.890000	0.200	-0.807381
9.893333	0.200	-0.801889
9.896667	0.200	-0.796669
9.900000	0.200	-0.793181
9.903333	0.200	-0.792617
9.906667	0.200	-0.795172
9.910000	0.200	-0.799706
9.913333	0.200	-0.804130
9.916667	0.200	-0.806203
9.920000	0.200	-0.804819
9.923333	0.200	-0.800847
9.926667	0.200	-0.796450
9.930000	0.200	-0.793747
9.933333	0.200	-0.793729
9.936667	0.200	-0.795809
9.940000	0.200	-0.798542
9.943333	0.200	-0.801063
9.946667	0.200	-0.803588
9.950000	0.200	-0.806387
9.953333	0.200	-0.808834
9.956667	0.200	-0.809894
9.960000	0.200	-0.809189
9.963333	0.200	-0.807279
9.966667	0.200	-0.804836
9.970000	0.200	-0.801924
9.973333	0.200	-0.798522
9.976667	0.200	-0.795086
9.980000	0.200	-0.792226
9.983333	0.200	-0.790520
9.986667	0.200	-0.790674
9.990000	0.200	-0.792799
9.993333	0.200	-0.795411
9.996667	0.200	-0.796413
10.000000	0.200	-0.795121
10.003333	0.200	-0.792585
10.006667	0.200	-0.790669
10.010000	0.200	-0.791191
10.013333	0.200	-0.794879
10.016667	0.200	-0.800629
10.020000	0.200	-0.806449
10.023333	0.200	-0.811252
10.026667	0.200	-0.815078
10.030000	0.200	-0.817903
10.033333	0.200	-0.819159
10.036667	0.200	-0.818350
10.040000	0.200	-0.815709
10.043333	0.200	-0.812171
10.046667	0.200	-0.808544
10.050000	0.200	-0.805115
10.053333	0.200	-0.802222
10.056667	0.200	-0.800198
10.060000	0.200	-0.798645
10.063333	0.200	-0.796676
10.066667	0.200	-0.793686
10.070000	0.200	-0.789561
10.073333	0.200	-0.784706
10.076667	0.200	-0.779875
10.080000	0.200	-0.775644
10.083333	0.200	-0.772309
10.086667	0.200	-0.770169
10.090000	0.200	-0.769651
10.093333	0.200	-0.770983
10.096667	0.200	-0.773749
10.100000	0.200	-0.777182
10.103333	0.200	-0.780778
10.106667	0.200	-0.784310
10.110000	0.200	-0.787379
10.113333	0.200	-0.789104
10.116667	0.200	-0.788598
10.120000	0.200	-0.785992
10.123333	0.200	-0.782540
10.126667	0.200	-0.779632
10.130000	0.200	-0.778080
10.133333	0.200	-0.778247
10.136667	0.200	-0.780327
10.140000	0.200	-0.783991
10.143333	0.200	-0.787745
10.146667	0.200	-0.789327
10.150000	0.200	-0.787206
10.153333	0.200	-0.781705
10.156667	0.200	-0.774952
10.160000	0.200	-0.769656
10.163333	0.200	-0.767381
10.166667	0.200	-0.767856
10.170000	0.200	-0.769765
10.173333	0.200	-0.771962
10.176667	0.200	-0.774125
10.180000	0.200	-0.776534
10.183333	0.200	-0.779249
10.186667	0.200	-0.781505
10.190000	0.200	-0.782085
10.193333	0.200	-0.780442
10.196667	0.200	-0.777125
10.200000	0.200	-0.772892
10.203333	0.200	-0.768216
10.206667	0.200	-0.763776
10.210000	0.200	-0.760416
10.213333	0.200	-0.758543
10.216667	0.200	-0.758088
10.220000	0.200	-0.758670
10.223333	0.200	-0.759348
10.226667	0.200	-0.758734
10.230000	0.200	-0.756096
10.233333	0.200	-0.752040
10.236667	0.200	-0.747641
10.240000	0.200	-0.743434
10.243333	0.200	-0.739698
10.246667	0.200	-0.737241
10.250000	0.200	-0.737063
10.253333	0.200	-0.739131
10.256667	0.200	-0.742241
10.260000	0.200	-0.745419
10.263333	0.200	-0.748661
10.266667	0.200	-0.752079
10.270000	0.200	-0.755242
10.273333	0.200	-0.757589
10.276667	0.200	-0.758820
10.280000	0.200	-0.758866
10.283333	0.200	-0.758054
10.286667	0.200	-0.757359
10.290000	0.200	-0.758007
10.293333	0.200	-0.760790
10.296667	0.200	-0.765774
10.300000	0.200	-0.772043
10.303333	0.200	-0.777557
10.306667	0.200	-0.780096
10.310000	0.200	-0.778861
10.313333	0.200	-0.775109
10.316667	0.200	-0.771285
10.320000	0.200	-0.769455
10.323333	0.200	-0.770271
10.326667	0.200	-0.773013
10.330000	0.200	-0.776314
10.333333	0.200	-0.779116
10.336667	0.200	-0.781332
10.340000	0.200	-0.783460
10.343333	0.200	-0.785700
10.346667	0.200	-0.787832
10.350000	0.200	-0.789428
10.353333	0.200	-0.789853
10.356667	0.200	-0.788660
10.360000	0.200	-0.786166
10.363333	0.200	-0.783440
10.366667	0.200	-0.781820
10.370000	0.200	-0.782332
10.373333	0.200	-0.785194
10.376667	0.200	-0.789629
10.380000	0.200	-0.794186
10.383333	0.200	-0.797372
10.386667	0.200	-0.798495
10.390000	0.200	-0.798217
10.393333	0.200	-0.797926
10.396667	0.200	-0.798692
10.400000	0.200	-0.800980
10.403333	0.200	-0.804523
10.406667	0.200	-0.808192
10.410000	0.200	-0.810570
10.413333	0.200	-0.810922
10.416667	0.200	-0.809686
10.420000	0.200	-0.808172
10.423333	0.200	-0.807567
10.426667	0.200	-0.808047
10.430000	0.200	-0.808925
10.433333	0.200	-0.809489
10.436667	0.200	-0.809410
10.440000	0.200	-0.808598
10.443333	0.200	-0.807437
10.446667	0.200	-0.806965
10.450000	0.200	-0.807985
10.453333	0.200	-0.810263
10.456667	0.200	-0.812702
10.460000	0.200	-0.813868
10.463333	0.200	-0.812783
10.466667	0.200	-0.809752
10.470000	0.200	-0.806214
10.473333	0.200	-0.803781
10.476667	0.200	-0.803474
10.480000	0.200	-0.805516
10.483333	0.200	-0.809485
10.486667	0.200	-0.814876
10.490000	0.200	-0.821469
10.493333	0.200	-0.828866
10.496667	0.200	-0.836131
10.500000	0.200	-0.842284
10.503333	0.200	-0.846895
10.506667	0.200	-0.850101
10.510000	0.200	-0.852098
10.513333	0.200	-0.852791
10.516667	0.200	-0.852315
10.520000	0.200	-0.851481
10.523333	0.200	-0.850908
10.526667	0.200	-0.850392
10.530000	0.200	-0.849614
10.533333	0.200	-0.848346
10.536667	0.200	-0.845908
10.540000	0.200	-0.841385
10.543333	0.200	-0.834523
10.546667	0.200	-0.826384
10.550000	0.200	-0.819075
10.553333	0.200	-0.814524
10.556667	0.200	-0.813446
10.560000	0.200	-0.815266
10.563333	0.200	-0.818591
10.566667	0.200	-0.821608
10.570000	0.200	-0.822862
10.573333	0.200	-0.822247
10.576667	0.200	-0.820888
10.580000	0.200	-0.819938
10.583333	0.200	-0.819640
10.586667	0.200	-0.819357
10.590000	0.200	-0.818076
10.593333	0.200	-0.814928
10.596667	0.200	-0.809735
10.600000	0.200	-0.803365
10.603333	0.200	-0.797191
10.606667	0.200	-0.792182
10.610000	0.200	-0.788810
10.613333	0.200	-0.787019
10.616667	0.200	-0.785687
10.620000	0.200	-0.782977
10.623333	0.200	-0.777837
10.626667	0.200	-0.770706
10.630000	0.200	-0.762898
10.633333	0.200	-0.756122
10.636667	0.200	-0.751885
10.640000	0.200	-0.750245
10.643333	0.200	-0.749480
10.646667	0.200	-0.747436
10.650000	0.200	-0.742934
10.653333	0.200	-0.736003
10.656667	0.200	-0.727448
10.660000	0.200	-0.718436
10.663333	0.200	-0.709709
10.666667	0.200	-0.700921
10.670000	0.200	-0.691217
10.673333	0.200	-0.680137
10.676667	0.200	-0.667528
10.680000	0.200	-0.653030
10.683333	0.200	-0.635901
10.686667	0.200	-0.615627
10.690000	0.200	-0.592753
10.693333	0.200	-0.568738
10.696667	0.200	-0.545213
10.700000	0.200	-0.523576
10.703333	0.200	-0.504724
10.706667	0.200	-0.488902
10.710000	0.200	-0.476014
10.713333	0.200	-0.466267
10.716667	0.200	-0.460088
10.720000	0.200	-0.456926
10.723333	0.200	-0.454912
10.726667	0.200	-0.452136
10.730000	0.200	-0.447735
10.733333	0.200	-0.441926
10.736667	0.200	-0.435544
10.740000	0.200	-0.429521
10.743333	0.200	-0.424379
10.746667	0.200	-0.419883
10.750000	0.200	-0.415513
10.753333	0.200	-0.411459
10.756667	0.200	-0.408634
10.760000	0.200	-0.407607
10.763333	0.200	-0.407906
10.766667	0.200	-0.408407
10.770000	0.200	-0.408138
10.773333	0.200	-0.406643
10.776667	0.200	-0.403922
10.780000	0.200	-0.400373
10.783333	0.200	-0.396766
10.786667	0.200	-0.394181
10.790000	0.200	-0.393387
10.793333	0.200	-0.394221
10.796667	0.200	-0.395983
10.800000	0.200	-0.397870
10.803333	0.200	-0.398817
10.806667	0.200	-0.397863
10.810000	0.200	-0.394976
10.813333	0.200	-0.390991
10.816667	0.200	-0.386655
10.820000	0.200	-0.382216
10.823333	0.200	-0.377986
10.826667	0.200	-0.374502
10.830000	0.200	-0.371906
10.833333	0.200	-0.369796
10.836667	0.200	-0.367953
10.840000	0.200	-0.366652
10.843333	0.200	-0.365838
10.846667	0.200	-0.364558
10.850000	0.200	-0.361469
10.853333	0.200	-0.355696
10.856667	0.200	-0.347701
10.860000	0.200	-0.339315
10.863333	0.200	-0.332498
10.866667	0.200	-0.328284
10.870000	0.200	-0.326725
10.873333	0.200	-0.327085
10.876667	0.200	-0.327920
10.880000	0.200	-0.327730
10.883333	0.200	-0.326069
10.886667	0.200	-0.323630
10.890000	0.200	-0.321230
10.893333	0.200	-0.319182
10.896667	0.200	-0.317398
10.900000	0.200	-0.315644
10.903333	0.200	-0.313652
10.906667	0.200	-0.311148
10.910000	0.200	-0.308076
10.913333	0.200	-0.304709
10.916667	0.200	-0.301386
10.920000	0.200	-0.298318
10.923333	0.200	-0.295462
10.926667	0.200	-0.292589
10.930000	0.200	-0.289590
10.933333	0.200	-0.286425
10.936667	0.200	-0.283009
10.940000	0.200	-0.279525
10.943333	0.200	-0.276457
10.946667	0.200	-0.274176
10.950000	0.200	-0.272647
10.953333	0.200	-0.271471
10.956667	0.200	-0.270158
10.960000	0.200	-0.268458
10.963333	0.200	-0.266241
10.966667	0.200	-0.263138
10.970000	0.200	-0.259030
10.973333	0.200	-0.254577
10.976667	0.200	-0.250571
10.980000	0.200	-0.247077
10.983333	0.200	-0.243497
10.986667	0.200	-0.239297
10.990000	0.200	-0.234489
10.993333	0.200	-0.229434
10.996667	0.200	-0.224541
11.000000	0.200	-0.220240
