File Path	chrom://nnfcb-l0286/ChromeleonLocal/metk/20171013_HMP_C61_metk.seq/527.smp/UV_VIS_2.channel/UV_VIS_2.chm
Channel	UV_VIS_2

Injection Information:
Data Vault	ChromeleonLocal
Injection	5 ug/ml ISO
Injection Number	86
Position	RC5
Comment	
Processing Method	HMP New ProcMethod
Instrument Method	HM_metode_ZorBax_0,02%_Acetic_acid_ver6
Type	Calibration Standard
Status	Finished
Injection Date	10/14/2017
Injection Time	6:55:15 AM
Injection Volume (µl)	1.000
Dilution Factor	1.0000
Weight	1.0000

Raw Data Information:
Time Min. (min)	0.000000
Time Max. (min)	11.000000
Data Points	3301
Detector	UV
Exporting Data System	Chromeleon 7.1.3.2425
Operator	
Signal Quantity	Absorbance
Signal Unit	mAU
Signal Min.	-0.985289
Signal Max.	33.219355
Channel	UV_VIS_2
Driver Name	DAD3000.dll
Channel Type	Evaluation
Min. Step (s)	0.200
Max. Step (s)	0.200
Average Step (s)	0.200

Signal Parameter Information:
Signal Info	WVL:280 nm

Raw Data:
Time (min)	Step (s)	Value (mAU)
0.000000	0.000	0.000000
0.003333	0.200	-0.002404
0.006667	0.200	-0.016738
0.010000	0.200	-0.054158
0.013333	0.200	-0.110312
0.016667	0.200	-0.162564
0.020000	0.200	-0.188936
0.023333	0.200	-0.183139
0.026667	0.200	-0.153441
0.030000	0.200	-0.114727
0.033333	0.200	-0.080603
0.036667	0.200	-0.057976
0.040000	0.200	-0.046942
0.043333	0.200	-0.044543
0.046667	0.200	-0.047757
0.050000	0.200	-0.054502
0.053333	0.200	-0.063863
0.056667	0.200	-0.075455
0.060000	0.200	-0.088715
0.063333	0.200	-0.103184
0.066667	0.200	-0.118546
0.070000	0.200	-0.134009
0.073333	0.200	-0.148542
0.076667	0.200	-0.161852
0.080000	0.200	-0.174432
0.083333	0.200	-0.186570
0.086667	0.200	-0.197978
0.090000	0.200	-0.208463
0.093333	0.200	-0.218308
0.096667	0.200	-0.227865
0.100000	0.200	-0.237350
0.103333	0.200	-0.246879
0.106667	0.200	-0.256294
0.110000	0.200	-0.265250
0.113333	0.200	-0.273608
0.116667	0.200	-0.281748
0.120000	0.200	-0.290306
0.123333	0.200	-0.299295
0.126667	0.200	-0.308166
0.130000	0.200	-0.316564
0.133333	0.200	-0.323929
0.136667	0.200	-0.329409
0.140000	0.200	-0.333272
0.143333	0.200	-0.337305
0.146667	0.200	-0.343131
0.150000	0.200	-0.350774
0.153333	0.200	-0.359095
0.156667	0.200	-0.367115
0.160000	0.200	-0.374634
0.163333	0.200	-0.381748
0.166667	0.200	-0.388289
0.170000	0.200	-0.394150
0.173333	0.200	-0.399706
0.176667	0.200	-0.405590
0.180000	0.200	-0.412283
0.183333	0.200	-0.419682
0.186667	0.200	-0.426999
0.190000	0.200	-0.433432
0.193333	0.200	-0.438732
0.196667	0.200	-0.443075
0.200000	0.200	-0.446916
0.203333	0.200	-0.451041
0.206667	0.200	-0.456293
0.210000	0.200	-0.463092
0.213333	0.200	-0.471203
0.216667	0.200	-0.479699
0.220000	0.200	-0.487321
0.223333	0.200	-0.493158
0.226667	0.200	-0.497068
0.230000	0.200	-0.499649
0.233333	0.200	-0.501938
0.236667	0.200	-0.505101
0.240000	0.200	-0.510058
0.243333	0.200	-0.517001
0.246667	0.200	-0.525199
0.250000	0.200	-0.533507
0.253333	0.200	-0.540989
0.256667	0.200	-0.547042
0.260000	0.200	-0.551429
0.263333	0.200	-0.554448
0.266667	0.200	-0.556941
0.270000	0.200	-0.560041
0.273333	0.200	-0.564343
0.276667	0.200	-0.569227
0.280000	0.200	-0.573685
0.283333	0.200	-0.577427
0.286667	0.200	-0.580796
0.290000	0.200	-0.584466
0.293333	0.200	-0.588978
0.296667	0.200	-0.593840
0.300000	0.200	-0.597817
0.303333	0.200	-0.600339
0.306667	0.200	-0.601711
0.310000	0.200	-0.602366
0.313333	0.200	-0.602899
0.316667	0.200	-0.604283
0.320000	0.200	-0.607322
0.323333	0.200	-0.612089
0.326667	0.200	-0.618010
0.330000	0.200	-0.624197
0.333333	0.200	-0.629712
0.336667	0.200	-0.634021
0.340000	0.200	-0.637347
0.343333	0.200	-0.640142
0.346667	0.200	-0.642329
0.350000	0.200	-0.643699
0.353333	0.200	-0.644679
0.356667	0.200	-0.646151
0.360000	0.200	-0.648941
0.363333	0.200	-0.653339
0.366667	0.200	-0.658584
0.370000	0.200	-0.663522
0.373333	0.200	-0.667904
0.376667	0.200	-0.672076
0.380000	0.200	-0.675962
0.383333	0.200	-0.679270
0.386667	0.200	-0.681826
0.390000	0.200	-0.683424
0.393333	0.200	-0.684066
0.396667	0.200	-0.684185
0.400000	0.200	-0.684448
0.403333	0.200	-0.685491
0.406667	0.200	-0.687545
0.410000	0.200	-0.690252
0.413333	0.200	-0.693026
0.416667	0.200	-0.695584
0.420000	0.200	-0.697988
0.423333	0.200	-0.700218
0.426667	0.200	-0.702101
0.430000	0.200	-0.703866
0.433333	0.200	-0.706311
0.436667	0.200	-0.710041
0.440000	0.200	-0.714363
0.443333	0.200	-0.717452
0.446667	0.200	-0.718244
0.450000	0.200	-0.717455
0.453333	0.200	-0.716452
0.456667	0.200	-0.716223
0.460000	0.200	-0.717424
0.463333	0.200	-0.720215
0.466667	0.200	-0.723793
0.470000	0.200	-0.726739
0.473333	0.200	-0.728308
0.476667	0.200	-0.728990
0.480000	0.200	-0.729670
0.483333	0.200	-0.730963
0.486667	0.200	-0.733158
0.490000	0.200	-0.736076
0.493333	0.200	-0.739172
0.496667	0.200	-0.742101
0.500000	0.200	-0.745089
0.503333	0.200	-0.748517
0.506667	0.200	-0.752304
0.510000	0.200	-0.755783
0.513333	0.200	-0.758158
0.516667	0.200	-0.759247
0.520000	0.200	-0.759508
0.523333	0.200	-0.759252
0.526667	0.200	-0.758455
0.530000	0.200	-0.757382
0.533333	0.200	-0.756697
0.536667	0.200	-0.756903
0.540000	0.200	-0.758015
0.543333	0.200	-0.759729
0.546667	0.200	-0.761751
0.550000	0.200	-0.764055
0.553333	0.200	-0.766878
0.556667	0.200	-0.770340
0.560000	0.200	-0.774197
0.563333	0.200	-0.778116
0.566667	0.200	-0.781797
0.570000	0.200	-0.784830
0.573333	0.200	-0.786829
0.576667	0.200	-0.787580
0.580000	0.200	-0.786978
0.583333	0.200	-0.785190
0.586667	0.200	-0.782881
0.590000	0.200	-0.781062
0.593333	0.200	-0.780606
0.596667	0.200	-0.781862
0.600000	0.200	-0.784580
0.603333	0.200	-0.787872
0.606667	0.200	-0.790419
0.610000	0.200	-0.791301
0.613333	0.200	-0.790677
0.616667	0.200	-0.789695
0.620000	0.200	-0.789803
0.623333	0.200	-0.791655
0.626667	0.200	-0.794521
0.630000	0.200	-0.797077
0.633333	0.200	-0.798647
0.636667	0.200	-0.799363
0.640000	0.200	-0.799537
0.643333	0.200	-0.799476
0.646667	0.200	-0.799542
0.650000	0.200	-0.799962
0.653333	0.200	-0.800802
0.656667	0.200	-0.801992
0.660000	0.200	-0.803350
0.663333	0.200	-0.804764
0.666667	0.200	-0.806173
0.670000	0.200	-0.807538
0.673333	0.200	-0.808933
0.676667	0.200	-0.810476
0.680000	0.200	-0.812144
0.683333	0.200	-0.813907
0.686667	0.200	-0.815827
0.690000	0.200	-0.817546
0.693333	0.200	-0.818228
0.696667	0.200	-0.817684
0.700000	0.200	-0.816850
0.703333	0.200	-0.816569
0.706667	0.200	-0.816794
0.710000	0.200	-0.817374
0.713333	0.200	-0.818677
0.716667	0.200	-0.821029
0.720000	0.200	-0.824222
0.723333	0.200	-0.827702
0.726667	0.200	-0.830737
0.730000	0.200	-0.832543
0.733333	0.200	-0.832595
0.736667	0.200	-0.830750
0.740000	0.200	-0.827284
0.743333	0.200	-0.823162
0.746667	0.200	-0.819965
0.750000	0.200	-0.819090
0.753333	0.200	-0.820792
0.756667	0.200	-0.824094
0.760000	0.200	-0.827615
0.763333	0.200	-0.830367
0.766667	0.200	-0.832082
0.770000	0.200	-0.833043
0.773333	0.200	-0.833688
0.776667	0.200	-0.834309
0.780000	0.200	-0.834946
0.783333	0.200	-0.835608
0.786667	0.200	-0.836553
0.790000	0.200	-0.838211
0.793333	0.200	-0.840823
0.796667	0.200	-0.844144
0.800000	0.200	-0.847584
0.803333	0.200	-0.850489
0.806667	0.200	-0.852233
0.810000	0.200	-0.852565
0.813333	0.200	-0.851954
0.816667	0.200	-0.851462
0.820000	0.200	-0.852202
0.823333	0.200	-0.854611
0.826667	0.200	-0.858004
0.830000	0.200	-0.861264
0.833333	0.200	-0.864026
0.836667	0.200	-0.866777
0.840000	0.200	-0.870336
0.843333	0.200	-0.875398
0.846667	0.200	-0.881758
0.850000	0.200	-0.888223
0.853333	0.200	-0.893700
0.856667	0.200	-0.897708
0.860000	0.200	-0.899827
0.863333	0.200	-0.899450
0.866667	0.200	-0.896172
0.870000	0.200	-0.889982
0.873333	0.200	-0.880562
0.876667	0.200	-0.865360
0.880000	0.200	-0.837659
0.883333	0.200	-0.787994
0.886667	0.200	-0.709336
0.890000	0.200	-0.601916
0.893333	0.200	-0.474254
0.896667	0.200	-0.340281
0.900000	0.200	-0.214753
0.903333	0.200	-0.109468
0.906667	0.200	-0.031338
0.910000	0.200	0.017804
0.913333	0.200	0.040320
0.916667	0.200	0.041270
0.920000	0.200	0.026435
0.923333	0.200	0.000728
0.926667	0.200	-0.032187
0.930000	0.200	-0.069614
0.933333	0.200	-0.109581
0.936667	0.200	-0.150486
0.940000	0.200	-0.190244
0.943333	0.200	-0.225329
0.946667	0.200	-0.250673
0.950000	0.200	-0.260694
0.953333	0.200	-0.251279
0.956667	0.200	-0.222266
0.960000	0.200	-0.178717
0.963333	0.200	-0.130016
0.966667	0.200	-0.087385
0.970000	0.200	-0.060909
0.973333	0.200	-0.057060
0.976667	0.200	-0.076863
0.980000	0.200	-0.115459
0.983333	0.200	-0.164370
0.986667	0.200	-0.215059
0.990000	0.200	-0.261516
0.993333	0.200	-0.301616
0.996667	0.200	-0.336752
1.000000	0.200	-0.369767
1.003333	0.200	-0.402982
1.006667	0.200	-0.437296
1.010000	0.200	-0.472213
1.013333	0.200	-0.506493
1.016667	0.200	-0.538629
1.020000	0.200	-0.567158
1.023333	0.200	-0.591400
1.026667	0.200	-0.611817
1.030000	0.200	-0.629118
1.033333	0.200	-0.643374
1.036667	0.200	-0.654371
1.040000	0.200	-0.662338
1.043333	0.200	-0.667847
1.046667	0.200	-0.671155
1.050000	0.200	-0.671933
1.053333	0.200	-0.669587
1.056667	0.200	-0.663657
1.060000	0.200	-0.653346
1.063333	0.200	-0.636014
1.066667	0.200	-0.605510
1.070000	0.200	-0.550166
1.073333	0.200	-0.449639
1.076667	0.200	-0.269937
1.080000	0.200	0.044546
1.083333	0.200	0.580596
1.086667	0.200	1.460726
1.090000	0.200	2.834979
1.093333	0.200	4.854357
1.096667	0.200	7.624154
1.100000	0.200	11.146692
1.103333	0.200	15.277334
1.106667	0.200	19.719632
1.110000	0.200	24.069314
1.113333	0.200	27.894753
1.116667	0.200	30.826654
1.120000	0.200	32.627105
1.123333	0.200	33.219355
1.126667	0.200	32.676858
1.130000	0.200	31.182814
1.133333	0.200	28.977933
1.136667	0.200	26.312956
1.140000	0.200	23.414867
1.143333	0.200	20.468673
1.146667	0.200	17.611771
1.150000	0.200	14.936214
1.153333	0.200	12.495719
1.156667	0.200	10.314992
1.160000	0.200	8.399140
1.163333	0.200	6.741637
1.166667	0.200	5.329442
1.170000	0.200	4.144797
1.173333	0.200	3.165488
1.176667	0.200	2.366323
1.180000	0.200	1.721652
1.183333	0.200	1.206801
1.186667	0.200	0.798814
1.190000	0.200	0.477728
1.193333	0.200	0.227540
1.196667	0.200	0.036455
1.200000	0.200	-0.102525
1.203333	0.200	-0.191026
1.206667	0.200	-0.226246
1.210000	0.200	-0.203752
1.213333	0.200	-0.121626
1.216667	0.200	0.014706
1.220000	0.200	0.188891
1.223333	0.200	0.373330
1.226667	0.200	0.533192
1.230000	0.200	0.635233
1.233333	0.200	0.658406
1.236667	0.200	0.599644
1.240000	0.200	0.472434
1.243333	0.200	0.301258
1.246667	0.200	0.114388
1.250000	0.200	-0.063419
1.253333	0.200	-0.215791
1.256667	0.200	-0.335632
1.260000	0.200	-0.422644
1.263333	0.200	-0.479327
1.266667	0.200	-0.507294
1.270000	0.200	-0.504511
1.273333	0.200	-0.463804
1.276667	0.200	-0.373989
1.280000	0.200	-0.224866
1.283333	0.200	-0.016066
1.286667	0.200	0.233884
1.290000	0.200	0.485473
1.293333	0.200	0.688093
1.296667	0.200	0.798327
1.300000	0.200	0.796666
1.303333	0.200	0.694453
1.306667	0.200	0.528300
1.310000	0.200	0.345038
1.313333	0.200	0.185355
1.316667	0.200	0.073414
1.320000	0.200	0.014575
1.323333	0.200	-0.000538
1.326667	0.200	0.011011
1.330000	0.200	0.031316
1.333333	0.200	0.046195
1.336667	0.200	0.046782
1.340000	0.200	0.029386
1.343333	0.200	-0.004867
1.346667	0.200	-0.050477
1.350000	0.200	-0.097893
1.353333	0.200	-0.135191
1.356667	0.200	-0.153814
1.360000	0.200	-0.154581
1.363333	0.200	-0.146480
1.366667	0.200	-0.139758
1.370000	0.200	-0.140757
1.373333	0.200	-0.151067
1.376667	0.200	-0.169087
1.380000	0.200	-0.192056
1.383333	0.200	-0.217478
1.386667	0.200	-0.243298
1.390000	0.200	-0.267596
1.393333	0.200	-0.289108
1.396667	0.200	-0.307958
1.400000	0.200	-0.325206
1.403333	0.200	-0.341462
1.406667	0.200	-0.356113
1.410000	0.200	-0.368164
1.413333	0.200	-0.377684
1.416667	0.200	-0.385986
1.420000	0.200	-0.394533
1.423333	0.200	-0.403972
1.426667	0.200	-0.413859
1.430000	0.200	-0.423023
1.433333	0.200	-0.430409
1.436667	0.200	-0.435753
1.440000	0.200	-0.439611
1.443333	0.200	-0.443010
1.446667	0.200	-0.447136
1.450000	0.200	-0.453018
1.453333	0.200	-0.460788
1.456667	0.200	-0.469298
1.460000	0.200	-0.476989
1.463333	0.200	-0.482792
1.466667	0.200	-0.486251
1.470000	0.200	-0.488453
1.473333	0.200	-0.493764
1.476667	0.200	-0.508179
1.480000	0.200	-0.533794
1.483333	0.200	-0.566343
1.486667	0.200	-0.598656
1.490000	0.200	-0.624963
1.493333	0.200	-0.642259
1.496667	0.200	-0.649315
1.500000	0.200	-0.645843
1.503333	0.200	-0.633229
1.506667	0.200	-0.615101
1.510000	0.200	-0.595266
1.513333	0.200	-0.575513
1.516667	0.200	-0.556282
1.520000	0.200	-0.537810
1.523333	0.200	-0.520093
1.526667	0.200	-0.502779
1.530000	0.200	-0.485352
1.533333	0.200	-0.467832
1.536667	0.200	-0.451308
1.540000	0.200	-0.437396
1.543333	0.200	-0.426944
1.546667	0.200	-0.419283
1.550000	0.200	-0.413254
1.553333	0.200	-0.408681
1.556667	0.200	-0.406183
1.560000	0.200	-0.406132
1.563333	0.200	-0.408270
1.566667	0.200	-0.412048
1.570000	0.200	-0.416984
1.573333	0.200	-0.422805
1.576667	0.200	-0.429771
1.580000	0.200	-0.438144
1.583333	0.200	-0.446787
1.586667	0.200	-0.453556
1.590000	0.200	-0.457202
1.593333	0.200	-0.458169
1.596667	0.200	-0.457973
1.600000	0.200	-0.458019
1.603333	0.200	-0.458748
1.606667	0.200	-0.459756
1.610000	0.200	-0.460525
1.613333	0.200	-0.461240
1.616667	0.200	-0.462619
1.620000	0.200	-0.464825
1.623333	0.200	-0.467372
1.626667	0.200	-0.470037
1.630000	0.200	-0.473159
1.633333	0.200	-0.477010
1.636667	0.200	-0.481183
1.640000	0.200	-0.484796
1.643333	0.200	-0.487066
1.646667	0.200	-0.487542
1.650000	0.200	-0.486472
1.653333	0.200	-0.484901
1.656667	0.200	-0.483728
1.660000	0.200	-0.482883
1.663333	0.200	-0.481652
1.666667	0.200	-0.479543
1.670000	0.200	-0.477014
1.673333	0.200	-0.476012
1.676667	0.200	-0.479231
1.680000	0.200	-0.487196
1.683333	0.200	-0.496635
1.686667	0.200	-0.503159
1.690000	0.200	-0.504607
1.693333	0.200	-0.501571
1.696667	0.200	-0.496278
1.700000	0.200	-0.491091
1.703333	0.200	-0.487117
1.706667	0.200	-0.484072
1.710000	0.200	-0.481533
1.713333	0.200	-0.479797
1.716667	0.200	-0.479401
1.720000	0.200	-0.480204
1.723333	0.200	-0.481336
1.726667	0.200	-0.482086
1.730000	0.200	-0.482446
1.733333	0.200	-0.482757
1.736667	0.200	-0.483117
1.740000	0.200	-0.483433
1.743333	0.200	-0.483672
1.746667	0.200	-0.483676
1.750000	0.200	-0.483095
1.753333	0.200	-0.481746
1.756667	0.200	-0.479838
1.760000	0.200	-0.477741
1.763333	0.200	-0.475779
1.766667	0.200	-0.474299
1.770000	0.200	-0.473423
1.773333	0.200	-0.472653
1.776667	0.200	-0.471268
1.780000	0.200	-0.469204
1.783333	0.200	-0.467057
1.786667	0.200	-0.466312
1.790000	0.200	-0.471501
1.793333	0.200	-0.489687
1.796667	0.200	-0.523011
1.800000	0.200	-0.561466
1.803333	0.200	-0.586244
1.806667	0.200	-0.581793
1.810000	0.200	-0.544091
1.813333	0.200	-0.478369
1.816667	0.200	-0.391995
1.820000	0.200	-0.289936
1.823333	0.200	-0.174210
1.826667	0.200	-0.045606
1.830000	0.200	0.094206
1.833333	0.200	0.241236
1.836667	0.200	0.388260
1.840000	0.200	0.525048
1.843333	0.200	0.640541
1.846667	0.200	0.725670
1.850000	0.200	0.775543
1.853333	0.200	0.790515
1.856667	0.200	0.775294
1.860000	0.200	0.736744
1.863333	0.200	0.682113
1.866667	0.200	0.618303
1.870000	0.200	0.551529
1.873333	0.200	0.486472
1.876667	0.200	0.425788
1.880000	0.200	0.370547
1.883333	0.200	0.320312
1.886667	0.200	0.273099
1.890000	0.200	0.226358
1.893333	0.200	0.178084
1.896667	0.200	0.127263
1.900000	0.200	0.073888
1.903333	0.200	0.018652
1.906667	0.200	-0.037471
1.910000	0.200	-0.093337
1.913333	0.200	-0.147579
1.916667	0.200	-0.198895
1.920000	0.200	-0.246174
1.923333	0.200	-0.288253
1.926667	0.200	-0.324235
1.930000	0.200	-0.354126
1.933333	0.200	-0.378872
1.936667	0.200	-0.399852
1.940000	0.200	-0.418267
1.943333	0.200	-0.434760
1.946667	0.200	-0.450992
1.950000	0.200	-0.473002
1.953333	0.200	-0.509590
1.956667	0.200	-0.564039
1.960000	0.200	-0.629987
1.963333	0.200	-0.696771
1.966667	0.200	-0.756133
1.970000	0.200	-0.804101
1.973333	0.200	-0.839843
1.976667	0.200	-0.864049
1.980000	0.200	-0.877710
1.983333	0.200	-0.881601
1.986667	0.200	-0.876048
1.990000	0.200	-0.860579
1.993333	0.200	-0.833594
1.996667	0.200	-0.792730
2.000000	0.200	-0.736058
2.003333	0.200	-0.662831
2.006667	0.200	-0.572871
2.010000	0.200	-0.466282
2.013333	0.200	-0.345163
2.016667	0.200	-0.214880
2.020000	0.200	-0.082858
2.023333	0.200	0.042791
2.026667	0.200	0.153698
2.030000	0.200	0.242014
2.033333	0.200	0.301552
2.036667	0.200	0.328541
2.040000	0.200	0.321764
2.043333	0.200	0.282342
2.046667	0.200	0.213693
2.050000	0.200	0.121625
2.053333	0.200	0.014020
2.056667	0.200	-0.100437
2.060000	0.200	-0.214265
2.063333	0.200	-0.322319
2.066667	0.200	-0.421482
2.070000	0.200	-0.510045
2.073333	0.200	-0.587393
2.076667	0.200	-0.653664
2.080000	0.200	-0.709226
2.083333	0.200	-0.754622
2.086667	0.200	-0.790989
2.090000	0.200	-0.819998
2.093333	0.200	-0.843420
2.096667	0.200	-0.862856
2.100000	0.200	-0.879412
2.103333	0.200	-0.893388
2.106667	0.200	-0.904651
2.110000	0.200	-0.913318
2.113333	0.200	-0.919803
2.116667	0.200	-0.924656
2.120000	0.200	-0.928479
2.123333	0.200	-0.931426
2.126667	0.200	-0.933154
2.130000	0.200	-0.933664
2.133333	0.200	-0.933618
2.136667	0.200	-0.933910
2.140000	0.200	-0.935179
2.143333	0.200	-0.937507
2.146667	0.200	-0.940463
2.150000	0.200	-0.943481
2.153333	0.200	-0.946290
2.156667	0.200	-0.948876
2.160000	0.200	-0.951112
2.163333	0.200	-0.952561
2.166667	0.200	-0.952603
2.170000	0.200	-0.951018
2.173333	0.200	-0.948554
2.176667	0.200	-0.946326
2.180000	0.200	-0.944722
2.183333	0.200	-0.943368
2.186667	0.200	-0.941636
2.190000	0.200	-0.938980
2.193333	0.200	-0.935472
2.196667	0.200	-0.931902
2.200000	0.200	-0.929004
2.203333	0.200	-0.927095
2.206667	0.200	-0.926402
2.210000	0.200	-0.926925
2.213333	0.200	-0.927932
2.216667	0.200	-0.928197
2.220000	0.200	-0.926928
2.223333	0.200	-0.924267
2.226667	0.200	-0.920819
2.230000	0.200	-0.916964
2.233333	0.200	-0.912602
2.236667	0.200	-0.907088
2.240000	0.200	-0.899503
2.243333	0.200	-0.889099
2.246667	0.200	-0.875088
2.250000	0.200	-0.856127
2.253333	0.200	-0.830310
2.256667	0.200	-0.795739
2.260000	0.200	-0.752157
2.263333	0.200	-0.703231
2.266667	0.200	-0.657445
2.270000	0.200	-0.626443
2.273333	0.200	-0.621039
2.276667	0.200	-0.646574
2.280000	0.200	-0.700146
2.283333	0.200	-0.771088
2.286667	0.200	-0.844793
2.290000	0.200	-0.908133
2.293333	0.200	-0.953240
2.296667	0.200	-0.978130
2.300000	0.200	-0.985289
2.303333	0.200	-0.979584
2.306667	0.200	-0.966093
2.310000	0.200	-0.948816
2.313333	0.200	-0.930797
2.316667	0.200	-0.914487
2.320000	0.200	-0.901430
2.323333	0.200	-0.891879
2.326667	0.200	-0.884949
2.330000	0.200	-0.879256
2.333333	0.200	-0.873836
2.336667	0.200	-0.868464
2.340000	0.200	-0.863044
2.343333	0.200	-0.857396
2.346667	0.200	-0.851774
2.350000	0.200	-0.846877
2.353333	0.200	-0.843305
2.356667	0.200	-0.841328
2.360000	0.200	-0.840960
2.363333	0.200	-0.841830
2.366667	0.200	-0.842981
2.370000	0.200	-0.843121
2.373333	0.200	-0.841438
2.376667	0.200	-0.838430
2.380000	0.200	-0.835668
2.383333	0.200	-0.834247
2.386667	0.200	-0.833687
2.390000	0.200	-0.832237
2.393333	0.200	-0.826248
2.396667	0.200	-0.808423
2.400000	0.200	-0.770682
2.403333	0.200	-0.711975
2.406667	0.200	-0.641141
2.410000	0.200	-0.571194
2.413333	0.200	-0.512518
2.416667	0.200	-0.470420
2.420000	0.200	-0.445522
2.423333	0.200	-0.434747
2.426667	0.200	-0.433052
2.430000	0.200	-0.435709
2.433333	0.200	-0.439551
2.436667	0.200	-0.442528
2.440000	0.200	-0.443274
2.443333	0.200	-0.441925
2.446667	0.200	-0.440258
2.450000	0.200	-0.439880
2.453333	0.200	-0.440742
2.456667	0.200	-0.441829
2.460000	0.200	-0.442747
2.463333	0.200	-0.443898
2.466667	0.200	-0.445384
2.470000	0.200	-0.446672
2.473333	0.200	-0.447132
2.476667	0.200	-0.446509
2.480000	0.200	-0.445007
2.483333	0.200	-0.442961
2.486667	0.200	-0.440655
2.490000	0.200	-0.438545
2.493333	0.200	-0.437085
2.496667	0.200	-0.436293
2.500000	0.200	-0.435865
2.503333	0.200	-0.435539
2.506667	0.200	-0.435236
2.510000	0.200	-0.434899
2.513333	0.200	-0.434174
2.516667	0.200	-0.432673
2.520000	0.200	-0.430592
2.523333	0.200	-0.428726
2.526667	0.200	-0.427736
2.530000	0.200	-0.427610
2.533333	0.200	-0.427885
2.536667	0.200	-0.428279
2.540000	0.200	-0.428886
2.543333	0.200	-0.429598
2.546667	0.200	-0.429718
2.550000	0.200	-0.428507
2.553333	0.200	-0.425894
2.556667	0.200	-0.422561
2.560000	0.200	-0.419678
2.563333	0.200	-0.418488
2.566667	0.200	-0.419605
2.570000	0.200	-0.422531
2.573333	0.200	-0.425955
2.576667	0.200	-0.428544
2.580000	0.200	-0.429566
2.583333	0.200	-0.428797
2.586667	0.200	-0.426342
2.590000	0.200	-0.423110
2.593333	0.200	-0.420624
2.596667	0.200	-0.419602
2.600000	0.200	-0.419276
2.603333	0.200	-0.418332
2.606667	0.200	-0.416680
2.610000	0.200	-0.416552
2.613333	0.200	-0.420213
2.616667	0.200	-0.426314
2.620000	0.200	-0.430842
2.623333	0.200	-0.431212
2.626667	0.200	-0.427834
2.630000	0.200	-0.422574
2.633333	0.200	-0.417036
2.636667	0.200	-0.412476
2.640000	0.200	-0.410027
2.643333	0.200	-0.409612
2.646667	0.200	-0.409514
2.650000	0.200	-0.408151
2.653333	0.200	-0.405498
2.656667	0.200	-0.402386
2.660000	0.200	-0.399572
2.663333	0.200	-0.397874
2.666667	0.200	-0.397985
2.670000	0.200	-0.399680
2.673333	0.200	-0.403253
2.676667	0.200	-0.411656
2.680000	0.200	-0.426589
2.683333	0.200	-0.442974
2.686667	0.200	-0.452670
2.690000	0.200	-0.452068
2.693333	0.200	-0.443125
2.696667	0.200	-0.430179
2.700000	0.200	-0.417497
2.703333	0.200	-0.407820
2.706667	0.200	-0.401833
2.710000	0.200	-0.399017
2.713333	0.200	-0.398661
2.716667	0.200	-0.399878
2.720000	0.200	-0.402343
2.723333	0.200	-0.407507
2.726667	0.200	-0.416380
2.730000	0.200	-0.426247
2.733333	0.200	-0.432555
2.736667	0.200	-0.433301
2.740000	0.200	-0.429775
2.743333	0.200	-0.424294
2.746667	0.200	-0.418505
2.750000	0.200	-0.413334
2.753333	0.200	-0.409431
2.756667	0.200	-0.407239
2.760000	0.200	-0.406695
2.763333	0.200	-0.408467
2.766667	0.200	-0.417943
2.770000	0.200	-0.445374
2.773333	0.200	-0.497479
2.776667	0.200	-0.569951
2.780000	0.200	-0.649327
2.783333	0.200	-0.720658
2.786667	0.200	-0.774275
2.790000	0.200	-0.807952
2.793333	0.200	-0.824878
2.796667	0.200	-0.830596
2.800000	0.200	-0.830661
2.803333	0.200	-0.829110
2.806667	0.200	-0.827948
2.810000	0.200	-0.827449
2.813333	0.200	-0.826992
2.816667	0.200	-0.826305
2.820000	0.200	-0.825950
2.823333	0.200	-0.826555
2.826667	0.200	-0.828269
2.830000	0.200	-0.830813
2.833333	0.200	-0.833378
2.836667	0.200	-0.835010
2.840000	0.200	-0.835627
2.843333	0.200	-0.836027
2.846667	0.200	-0.836859
2.850000	0.200	-0.838083
2.853333	0.200	-0.839111
2.856667	0.200	-0.839108
2.860000	0.200	-0.837524
2.863333	0.200	-0.834655
2.866667	0.200	-0.831452
2.870000	0.200	-0.828702
2.873333	0.200	-0.826774
2.876667	0.200	-0.825823
2.880000	0.200	-0.825795
2.883333	0.200	-0.826367
2.886667	0.200	-0.826953
2.890000	0.200	-0.826908
2.893333	0.200	-0.825816
2.896667	0.200	-0.823483
2.900000	0.200	-0.819952
2.903333	0.200	-0.815623
2.906667	0.200	-0.811241
2.910000	0.200	-0.807708
2.913333	0.200	-0.805801
2.916667	0.200	-0.806075
2.920000	0.200	-0.808531
2.923333	0.200	-0.812072
2.926667	0.200	-0.815212
2.930000	0.200	-0.817365
2.933333	0.200	-0.818783
2.936667	0.200	-0.819732
2.940000	0.200	-0.820179
2.943333	0.200	-0.820249
2.946667	0.200	-0.820544
2.950000	0.200	-0.821403
2.953333	0.200	-0.822190
2.956667	0.200	-0.821864
2.960000	0.200	-0.820123
2.963333	0.200	-0.817660
2.966667	0.200	-0.815251
2.970000	0.200	-0.812995
2.973333	0.200	-0.810758
2.976667	0.200	-0.808842
2.980000	0.200	-0.807701
2.983333	0.200	-0.807339
2.986667	0.200	-0.807155
2.990000	0.200	-0.806451
2.993333	0.200	-0.805288
2.996667	0.200	-0.804440
3.000000	0.200	-0.804232
3.003333	0.200	-0.803996
3.006667	0.200	-0.802958
3.010000	0.200	-0.801221
3.013333	0.200	-0.799397
3.016667	0.200	-0.797644
3.020000	0.200	-0.795979
3.023333	0.200	-0.794929
3.026667	0.200	-0.794971
3.030000	0.200	-0.795828
3.033333	0.200	-0.796775
3.036667	0.200	-0.797358
3.040000	0.200	-0.797541
3.043333	0.200	-0.797236
3.046667	0.200	-0.796219
3.050000	0.200	-0.794625
3.053333	0.200	-0.792980
3.056667	0.200	-0.791562
3.060000	0.200	-0.790169
3.063333	0.200	-0.788774
3.066667	0.200	-0.788042
3.070000	0.200	-0.788543
3.073333	0.200	-0.789618
3.076667	0.200	-0.789791
3.080000	0.200	-0.788328
3.083333	0.200	-0.785761
3.086667	0.200	-0.782864
3.090000	0.200	-0.780079
3.093333	0.200	-0.777951
3.096667	0.200	-0.777112
3.100000	0.200	-0.777737
3.103333	0.200	-0.779410
3.106667	0.200	-0.781333
3.110000	0.200	-0.782774
3.113333	0.200	-0.783408
3.116667	0.200	-0.783215
3.120000	0.200	-0.782257
3.123333	0.200	-0.780598
3.126667	0.200	-0.778595
3.130000	0.200	-0.776900
3.133333	0.200	-0.775592
3.136667	0.200	-0.774079
3.140000	0.200	-0.772100
3.143333	0.200	-0.769758
3.146667	0.200	-0.766919
3.150000	0.200	-0.763460
3.153333	0.200	-0.759823
3.156667	0.200	-0.757153
3.160000	0.200	-0.756511
3.163333	0.200	-0.757696
3.166667	0.200	-0.759373
3.170000	0.200	-0.760161
3.173333	0.200	-0.759405
3.176667	0.200	-0.757415
3.180000	0.200	-0.754953
3.183333	0.200	-0.752516
3.186667	0.200	-0.750530
3.190000	0.200	-0.749672
3.193333	0.200	-0.750317
3.196667	0.200	-0.751961
3.200000	0.200	-0.753508
3.203333	0.200	-0.753973
3.206667	0.200	-0.753039
3.210000	0.200	-0.751230
3.213333	0.200	-0.749535
3.216667	0.200	-0.748696
3.220000	0.200	-0.748754
3.223333	0.200	-0.749273
3.226667	0.200	-0.749761
3.230000	0.200	-0.749776
3.233333	0.200	-0.749092
3.236667	0.200	-0.747913
3.240000	0.200	-0.746605
3.243333	0.200	-0.745356
3.246667	0.200	-0.744088
3.250000	0.200	-0.742644
3.253333	0.200	-0.741302
3.256667	0.200	-0.740805
3.260000	0.200	-0.741628
3.263333	0.200	-0.743502
3.266667	0.200	-0.745706
3.270000	0.200	-0.747503
3.273333	0.200	-0.748287
3.276667	0.200	-0.747723
3.280000	0.200	-0.745886
3.283333	0.200	-0.743138
3.286667	0.200	-0.740169
3.290000	0.200	-0.738105
3.293333	0.200	-0.737820
3.296667	0.200	-0.739023
3.300000	0.200	-0.740348
3.303333	0.200	-0.740311
3.306667	0.200	-0.738464
3.310000	0.200	-0.735673
3.313333	0.200	-0.732940
3.316667	0.200	-0.730353
3.320000	0.200	-0.727390
3.323333	0.200	-0.723738
3.326667	0.200	-0.719788
3.330000	0.200	-0.716769
3.333333	0.200	-0.715954
3.336667	0.200	-0.717001
3.340000	0.200	-0.717643
3.343333	0.200	-0.715616
3.346667	0.200	-0.710356
3.350000	0.200	-0.702686
3.353333	0.200	-0.693766
3.356667	0.200	-0.684721
3.360000	0.200	-0.676612
3.363333	0.200	-0.670233
3.366667	0.200	-0.665851
3.370000	0.200	-0.663017
3.373333	0.200	-0.660853
3.376667	0.200	-0.658525
3.380000	0.200	-0.655108
3.383333	0.200	-0.649062
3.386667	0.200	-0.637689
3.390000	0.200	-0.616694
3.393333	0.200	-0.580529
3.396667	0.200	-0.523362
3.400000	0.200	-0.439655
3.403333	0.200	-0.324636
3.406667	0.200	-0.175786
3.410000	0.200	0.005260
3.413333	0.200	0.211834
3.416667	0.200	0.432618
3.420000	0.200	0.652497
3.423333	0.200	0.853579
3.426667	0.200	1.017493
3.430000	0.200	1.128941
3.433333	0.200	1.178403
3.436667	0.200	1.163432
3.440000	0.200	1.088867
3.443333	0.200	0.965256
3.446667	0.200	0.806365
3.450000	0.200	0.627302
3.453333	0.200	0.442919
3.456667	0.200	0.265979
3.460000	0.200	0.105602
3.463333	0.200	-0.033279
3.466667	0.200	-0.149137
3.470000	0.200	-0.242810
3.473333	0.200	-0.317008
3.476667	0.200	-0.375494
3.480000	0.200	-0.421806
3.483333	0.200	-0.458473
3.486667	0.200	-0.487099
3.490000	0.200	-0.508825
3.493333	0.200	-0.524613
3.496667	0.200	-0.535681
3.500000	0.200	-0.542742
3.503333	0.200	-0.542446
3.506667	0.200	-0.526664
3.510000	0.200	-0.489617
3.513333	0.200	-0.435046
3.516667	0.200	-0.374542
3.520000	0.200	-0.320172
3.523333	0.200	-0.279275
3.526667	0.200	-0.253849
3.530000	0.200	-0.241881
3.533333	0.200	-0.239004
3.536667	0.200	-0.240797
3.540000	0.200	-0.244368
3.543333	0.200	-0.247953
3.546667	0.200	-0.250321
3.550000	0.200	-0.251213
3.553333	0.200	-0.251488
3.556667	0.200	-0.252285
3.560000	0.200	-0.254011
3.563333	0.200	-0.256153
3.566667	0.200	-0.258021
3.570000	0.200	-0.259204
3.573333	0.200	-0.259461
3.576667	0.200	-0.258922
3.580000	0.200	-0.258168
3.583333	0.200	-0.257620
3.586667	0.200	-0.257227
3.590000	0.200	-0.256924
3.593333	0.200	-0.256698
3.596667	0.200	-0.256275
3.600000	0.200	-0.255600
3.603333	0.200	-0.255442
3.606667	0.200	-0.256764
3.610000	0.200	-0.259631
3.613333	0.200	-0.263125
3.616667	0.200	-0.266046
3.620000	0.200	-0.267497
3.623333	0.200	-0.267178
3.626667	0.200	-0.265570
3.630000	0.200	-0.263820
3.633333	0.200	-0.263155
3.636667	0.200	-0.263995
3.640000	0.200	-0.265605
3.643333	0.200	-0.266939
3.646667	0.200	-0.267526
3.650000	0.200	-0.267393
3.653333	0.200	-0.266778
3.656667	0.200	-0.265958
3.660000	0.200	-0.264947
3.663333	0.200	-0.263713
3.666667	0.200	-0.262645
3.670000	0.200	-0.262130
3.673333	0.200	-0.262106
3.676667	0.200	-0.262608
3.680000	0.200	-0.263971
3.683333	0.200	-0.265992
3.686667	0.200	-0.267654
3.690000	0.200	-0.267901
3.693333	0.200	-0.266365
3.696667	0.200	-0.263534
3.700000	0.200	-0.260381
3.703333	0.200	-0.257970
3.706667	0.200	-0.257119
3.710000	0.200	-0.257714
3.713333	0.200	-0.258736
3.716667	0.200	-0.259431
3.720000	0.200	-0.259807
3.723333	0.200	-0.260130
3.726667	0.200	-0.260684
3.730000	0.200	-0.261581
3.733333	0.200	-0.262324
3.736667	0.200	-0.262017
3.740000	0.200	-0.260188
3.743333	0.200	-0.256825
3.746667	0.200	-0.251271
3.750000	0.200	-0.241297
3.753333	0.200	-0.223025
3.756667	0.200	-0.190869
3.760000	0.200	-0.137212
3.763333	0.200	-0.052826
3.766667	0.200	0.071341
3.770000	0.200	0.241246
3.773333	0.200	0.456376
3.776667	0.200	0.707429
3.780000	0.200	0.976531
3.783333	0.200	1.240364
3.786667	0.200	1.474532
3.790000	0.200	1.657288
3.793333	0.200	1.773724
3.796667	0.200	1.819498
3.800000	0.200	1.800015
3.803333	0.200	1.725978
3.806667	0.200	1.609795
3.810000	0.200	1.463987
3.813333	0.200	1.300313
3.816667	0.200	1.129018
3.820000	0.200	0.958444
3.823333	0.200	0.794976
3.826667	0.200	0.643245
3.830000	0.200	0.506534
3.833333	0.200	0.386676
3.836667	0.200	0.283700
3.840000	0.200	0.196654
3.843333	0.200	0.124860
3.846667	0.200	0.067599
3.850000	0.200	0.022996
3.853333	0.200	-0.011827
3.856667	0.200	-0.039785
3.860000	0.200	-0.063341
3.863333	0.200	-0.084259
3.866667	0.200	-0.103287
3.870000	0.200	-0.120442
3.873333	0.200	-0.135877
3.876667	0.200	-0.150325
3.880000	0.200	-0.164515
3.883333	0.200	-0.178289
3.886667	0.200	-0.190744
3.890000	0.200	-0.201084
3.893333	0.200	-0.208969
3.896667	0.200	-0.214437
3.900000	0.200	-0.217786
3.903333	0.200	-0.219596
3.906667	0.200	-0.220807
3.910000	0.200	-0.222422
3.913333	0.200	-0.224879
3.916667	0.200	-0.227856
3.920000	0.200	-0.230807
3.923333	0.200	-0.233399
3.926667	0.200	-0.235404
3.930000	0.200	-0.237456
3.933333	0.200	-0.242056
3.936667	0.200	-0.250971
3.940000	0.200	-0.261540
3.943333	0.200	-0.268680
3.946667	0.200	-0.269924
3.950000	0.200	-0.266635
3.953333	0.200	-0.261721
3.956667	0.200	-0.257465
3.960000	0.200	-0.254842
3.963333	0.200	-0.253846
3.966667	0.200	-0.253932
3.970000	0.200	-0.254369
3.973333	0.200	-0.254648
3.976667	0.200	-0.254486
3.980000	0.200	-0.253654
3.983333	0.200	-0.252206
3.986667	0.200	-0.250625
3.990000	0.200	-0.249411
3.993333	0.200	-0.248587
3.996667	0.200	-0.247687
4.000000	0.200	-0.246432
4.003333	0.200	-0.245385
4.006667	0.200	-0.245355
4.010000	0.200	-0.246214
4.013333	0.200	-0.246985
4.016667	0.200	-0.247111
4.020000	0.200	-0.246934
4.023333	0.200	-0.246753
4.026667	0.200	-0.246315
4.030000	0.200	-0.245551
4.033333	0.200	-0.244862
4.036667	0.200	-0.244398
4.040000	0.200	-0.244155
4.043333	0.200	-0.244677
4.046667	0.200	-0.246422
4.050000	0.200	-0.248720
4.053333	0.200	-0.251152
4.056667	0.200	-0.255781
4.060000	0.200	-0.264689
4.063333	0.200	-0.275346
4.066667	0.200	-0.282224
4.070000	0.200	-0.282296
4.073333	0.200	-0.276920
4.076667	0.200	-0.269873
4.080000	0.200	-0.264453
4.083333	0.200	-0.261677
4.086667	0.200	-0.260540
4.090000	0.200	-0.259603
4.093333	0.200	-0.258416
4.096667	0.200	-0.257634
4.100000	0.200	-0.258039
4.103333	0.200	-0.259558
4.106667	0.200	-0.261151
4.110000	0.200	-0.261724
4.113333	0.200	-0.260776
4.116667	0.200	-0.258353
4.120000	0.200	-0.255092
4.123333	0.200	-0.252181
4.126667	0.200	-0.250815
4.130000	0.200	-0.251440
4.133333	0.200	-0.253313
4.136667	0.200	-0.254918
4.140000	0.200	-0.255053
4.143333	0.200	-0.253530
4.146667	0.200	-0.251099
4.150000	0.200	-0.248976
4.153333	0.200	-0.248118
4.156667	0.200	-0.248638
4.160000	0.200	-0.249769
4.163333	0.200	-0.250449
4.166667	0.200	-0.250231
4.170000	0.200	-0.249521
4.173333	0.200	-0.248958
4.176667	0.200	-0.248922
4.180000	0.200	-0.249423
4.183333	0.200	-0.250025
4.186667	0.200	-0.250070
4.190000	0.200	-0.249205
4.193333	0.200	-0.247657
4.196667	0.200	-0.245961
4.200000	0.200	-0.244590
4.203333	0.200	-0.243846
4.206667	0.200	-0.245179
4.210000	0.200	-0.254592
4.213333	0.200	-0.282071
4.216667	0.200	-0.333410
4.220000	0.200	-0.403981
4.223333	0.200	-0.481684
4.226667	0.200	-0.554036
4.230000	0.200	-0.612983
4.233333	0.200	-0.655783
4.236667	0.200	-0.683409
4.240000	0.200	-0.698800
4.243333	0.200	-0.705743
4.246667	0.200	-0.707903
4.250000	0.200	-0.707975
4.253333	0.200	-0.707490
4.256667	0.200	-0.707237
4.260000	0.200	-0.707749
4.263333	0.200	-0.709208
4.266667	0.200	-0.711113
4.270000	0.200	-0.712823
4.273333	0.200	-0.714259
4.276667	0.200	-0.715516
4.280000	0.200	-0.716421
4.283333	0.200	-0.716906
4.286667	0.200	-0.716992
4.290000	0.200	-0.716477
4.293333	0.200	-0.715408
4.296667	0.200	-0.714468
4.300000	0.200	-0.714391
4.303333	0.200	-0.715291
4.306667	0.200	-0.716732
4.310000	0.200	-0.718134
4.313333	0.200	-0.719056
4.316667	0.200	-0.719204
4.320000	0.200	-0.718265
4.323333	0.200	-0.716277
4.326667	0.200	-0.714218
4.330000	0.200	-0.713411
4.333333	0.200	-0.714402
4.336667	0.200	-0.716652
4.340000	0.200	-0.718978
4.343333	0.200	-0.720225
4.346667	0.200	-0.719996
4.350000	0.200	-0.719076
4.353333	0.200	-0.718846
4.356667	0.200	-0.720080
4.360000	0.200	-0.722255
4.363333	0.200	-0.724003
4.366667	0.200	-0.724303
4.370000	0.200	-0.723096
4.373333	0.200	-0.720773
4.376667	0.200	-0.717798
4.380000	0.200	-0.714864
4.383333	0.200	-0.712698
4.386667	0.200	-0.711522
4.390000	0.200	-0.710968
4.393333	0.200	-0.710501
4.396667	0.200	-0.709905
4.400000	0.200	-0.709543
4.403333	0.200	-0.710010
4.406667	0.200	-0.711221
4.410000	0.200	-0.712196
4.413333	0.200	-0.711997
4.416667	0.200	-0.710436
4.420000	0.200	-0.708010
4.423333	0.200	-0.705833
4.426667	0.200	-0.705239
4.430000	0.200	-0.706589
4.433333	0.200	-0.708623
4.436667	0.200	-0.709551
4.440000	0.200	-0.708656
4.443333	0.200	-0.706641
4.446667	0.200	-0.704559
4.450000	0.200	-0.702855
4.453333	0.200	-0.701673
4.456667	0.200	-0.701152
4.460000	0.200	-0.701017
4.463333	0.200	-0.700772
4.466667	0.200	-0.700309
4.470000	0.200	-0.699741
4.473333	0.200	-0.698873
4.476667	0.200	-0.697245
4.480000	0.200	-0.694764
4.483333	0.200	-0.692098
4.486667	0.200	-0.690145
4.490000	0.200	-0.689230
4.493333	0.200	-0.688927
4.496667	0.200	-0.688455
4.500000	0.200	-0.687375
4.503333	0.200	-0.686142
4.506667	0.200	-0.685569
4.510000	0.200	-0.685819
4.513333	0.200	-0.686506
4.516667	0.200	-0.687251
4.520000	0.200	-0.687542
4.523333	0.200	-0.686968
4.526667	0.200	-0.686030
4.530000	0.200	-0.685832
4.533333	0.200	-0.686685
4.536667	0.200	-0.687820
4.540000	0.200	-0.688572
4.543333	0.200	-0.689032
4.546667	0.200	-0.689527
4.550000	0.200	-0.690017
4.553333	0.200	-0.689856
4.556667	0.200	-0.688280
4.560000	0.200	-0.685349
4.563333	0.200	-0.682158
4.566667	0.200	-0.679982
4.570000	0.200	-0.679303
4.573333	0.200	-0.679638
4.576667	0.200	-0.680027
4.580000	0.200	-0.679728
4.583333	0.200	-0.678822
4.586667	0.200	-0.678080
4.590000	0.200	-0.678183
4.593333	0.200	-0.679349
4.596667	0.200	-0.681403
4.600000	0.200	-0.683676
4.603333	0.200	-0.685034
4.606667	0.200	-0.684561
4.610000	0.200	-0.682316
4.613333	0.200	-0.679340
4.616667	0.200	-0.676674
4.620000	0.200	-0.674479
4.623333	0.200	-0.672319
4.626667	0.200	-0.669848
4.630000	0.200	-0.666862
4.633333	0.200	-0.663303
4.636667	0.200	-0.659620
4.640000	0.200	-0.656607
4.643333	0.200	-0.654543
4.646667	0.200	-0.652828
4.650000	0.200	-0.650468
4.653333	0.200	-0.646714
4.656667	0.200	-0.641568
4.660000	0.200	-0.635665
4.663333	0.200	-0.629510
4.666667	0.200	-0.623250
4.670000	0.200	-0.617002
4.673333	0.200	-0.610938
4.676667	0.200	-0.605253
4.680000	0.200	-0.600273
4.683333	0.200	-0.596658
4.686667	0.200	-0.595113
4.690000	0.200	-0.595539
4.693333	0.200	-0.597001
4.696667	0.200	-0.598680
4.700000	0.200	-0.600143
4.703333	0.200	-0.600955
4.706667	0.200	-0.601027
4.710000	0.200	-0.601048
4.713333	0.200	-0.601760
4.716667	0.200	-0.603176
4.720000	0.200	-0.604849
4.723333	0.200	-0.606325
4.726667	0.200	-0.607368
4.730000	0.200	-0.608150
4.733333	0.200	-0.609010
4.736667	0.200	-0.609939
4.740000	0.200	-0.610382
4.743333	0.200	-0.609649
4.746667	0.200	-0.607715
4.750000	0.200	-0.605456
4.753333	0.200	-0.603968
4.756667	0.200	-0.603894
4.760000	0.200	-0.605283
4.763333	0.200	-0.607661
4.766667	0.200	-0.610224
4.770000	0.200	-0.612117
4.773333	0.200	-0.612718
4.776667	0.200	-0.612110
4.780000	0.200	-0.611190
4.783333	0.200	-0.610710
4.786667	0.200	-0.610286
4.790000	0.200	-0.608966
4.793333	0.200	-0.606402
4.796667	0.200	-0.602898
4.800000	0.200	-0.598957
4.803333	0.200	-0.595186
4.806667	0.200	-0.592111
4.810000	0.200	-0.589654
4.813333	0.200	-0.586843
4.816667	0.200	-0.582657
4.820000	0.200	-0.577133
4.823333	0.200	-0.570976
4.826667	0.200	-0.564597
4.830000	0.200	-0.558057
4.833333	0.200	-0.551167
4.836667	0.200	-0.543494
4.840000	0.200	-0.534834
4.843333	0.200	-0.525548
4.846667	0.200	-0.516361
4.850000	0.200	-0.507865
4.853333	0.200	-0.500049
4.856667	0.200	-0.492548
4.860000	0.200	-0.485286
4.863333	0.200	-0.478460
4.866667	0.200	-0.472108
4.870000	0.200	-0.465934
4.873333	0.200	-0.459383
4.876667	0.200	-0.451973
4.880000	0.200	-0.443750
4.883333	0.200	-0.435409
4.886667	0.200	-0.428031
4.890000	0.200	-0.422559
4.893333	0.200	-0.419279
4.896667	0.200	-0.418167
4.900000	0.200	-0.419758
4.903333	0.200	-0.424923
4.906667	0.200	-0.433717
4.910000	0.200	-0.444813
4.913333	0.200	-0.456185
4.916667	0.200	-0.466568
4.920000	0.200	-0.475996
4.923333	0.200	-0.485032
4.926667	0.200	-0.494117
4.930000	0.200	-0.503274
4.933333	0.200	-0.512036
4.936667	0.200	-0.519989
4.940000	0.200	-0.527095
4.943333	0.200	-0.533397
4.946667	0.200	-0.538711
4.950000	0.200	-0.542654
4.953333	0.200	-0.545116
4.956667	0.200	-0.546580
4.960000	0.200	-0.547709
4.963333	0.200	-0.548824
4.966667	0.200	-0.549868
4.970000	0.200	-0.550582
4.973333	0.200	-0.550736
4.976667	0.200	-0.550252
4.980000	0.200	-0.549114
4.983333	0.200	-0.547394
4.986667	0.200	-0.545180
4.990000	0.200	-0.542332
4.993333	0.200	-0.538572
4.996667	0.200	-0.533834
5.000000	0.200	-0.528434
5.003333	0.200	-0.523030
5.006667	0.200	-0.518363
5.010000	0.200	-0.514758
5.013333	0.200	-0.511449
5.016667	0.200	-0.506191
5.020000	0.200	-0.495768
5.023333	0.200	-0.477014
5.026667	0.200	-0.447278
5.030000	0.200	-0.404155
5.033333	0.200	-0.345445
5.036667	0.200	-0.269823
5.040000	0.200	-0.177278
5.043333	0.200	-0.069070
5.046667	0.200	0.051830
5.050000	0.200	0.180038
5.053333	0.200	0.307914
5.056667	0.200	0.426683
5.060000	0.200	0.527922
5.063333	0.200	0.605014
5.066667	0.200	0.653799
5.070000	0.200	0.672226
5.073333	0.200	0.660082
5.076667	0.200	0.619140
5.080000	0.200	0.553051
5.083333	0.200	0.467001
5.086667	0.200	0.367534
5.090000	0.200	0.262083
5.093333	0.200	0.157688
5.096667	0.200	0.059635
5.100000	0.200	-0.028960
5.103333	0.200	-0.106658
5.106667	0.200	-0.173101
5.110000	0.200	-0.229018
5.113333	0.200	-0.276056
5.116667	0.200	-0.315539
5.120000	0.200	-0.347568
5.123333	0.200	-0.371618
5.126667	0.200	-0.387537
5.130000	0.200	-0.396198
5.133333	0.200	-0.399719
5.136667	0.200	-0.400808
5.140000	0.200	-0.401857
5.143333	0.200	-0.404608
5.146667	0.200	-0.409996
5.150000	0.200	-0.417797
5.153333	0.200	-0.426824
5.156667	0.200	-0.436005
5.160000	0.200	-0.444894
5.163333	0.200	-0.453250
5.166667	0.200	-0.460913
5.170000	0.200	-0.467855
5.173333	0.200	-0.473898
5.176667	0.200	-0.478662
5.180000	0.200	-0.481987
5.183333	0.200	-0.484243
5.186667	0.200	-0.485962
5.190000	0.200	-0.487284
5.193333	0.200	-0.488235
5.196667	0.200	-0.489149
5.200000	0.200	-0.490058
5.203333	0.200	-0.489982
5.206667	0.200	-0.487603
5.210000	0.200	-0.482620
5.213333	0.200	-0.476017
5.216667	0.200	-0.469223
5.220000	0.200	-0.463298
5.223333	0.200	-0.458501
5.226667	0.200	-0.454428
5.230000	0.200	-0.450695
5.233333	0.200	-0.447094
5.236667	0.200	-0.442944
5.240000	0.200	-0.436459
5.243333	0.200	-0.423939
5.246667	0.200	-0.398514
5.250000	0.200	-0.349325
5.253333	0.200	-0.262013
5.256667	0.200	-0.120681
5.260000	0.200	0.088515
5.263333	0.200	0.372005
5.266667	0.200	0.722796
5.270000	0.200	1.116961
5.273333	0.200	1.515392
5.276667	0.200	1.870539
5.280000	0.200	2.135729
5.283333	0.200	2.274934
5.286667	0.200	2.271085
5.290000	0.200	2.130091
5.293333	0.200	1.878580
5.296667	0.200	1.556519
5.300000	0.200	1.207537
5.303333	0.200	0.869841
5.306667	0.200	0.570238
5.310000	0.200	0.322394
5.313333	0.200	0.128581
5.316667	0.200	-0.016659
5.320000	0.200	-0.122181
5.323333	0.200	-0.197002
5.326667	0.200	-0.249161
5.330000	0.200	-0.285483
5.333333	0.200	-0.311387
5.336667	0.200	-0.330819
5.340000	0.200	-0.346145
5.343333	0.200	-0.358180
5.346667	0.200	-0.366620
5.350000	0.200	-0.370905
5.353333	0.200	-0.371204
5.356667	0.200	-0.368811
5.360000	0.200	-0.365639
5.363333	0.200	-0.363215
5.366667	0.200	-0.362153
5.370000	0.200	-0.362764
5.373333	0.200	-0.365465
5.376667	0.200	-0.369964
5.380000	0.200	-0.374872
5.383333	0.200	-0.378664
5.386667	0.200	-0.380628
5.390000	0.200	-0.381060
5.393333	0.200	-0.380889
5.396667	0.200	-0.380833
5.400000	0.200	-0.380934
5.403333	0.200	-0.381027
5.406667	0.200	-0.381112
5.410000	0.200	-0.381127
5.413333	0.200	-0.381004
5.416667	0.200	-0.380828
5.420000	0.200	-0.380592
5.423333	0.200	-0.380296
5.426667	0.200	-0.380443
5.430000	0.200	-0.381645
5.433333	0.200	-0.383628
5.436667	0.200	-0.385346
5.440000	0.200	-0.386051
5.443333	0.200	-0.385805
5.446667	0.200	-0.385264
5.450000	0.200	-0.385286
5.453333	0.200	-0.386369
5.456667	0.200	-0.388142
5.460000	0.200	-0.389568
5.463333	0.200	-0.389592
5.466667	0.200	-0.387670
5.470000	0.200	-0.384039
5.473333	0.200	-0.379559
5.476667	0.200	-0.375227
5.480000	0.200	-0.371674
5.483333	0.200	-0.368790
5.486667	0.200	-0.365863
5.490000	0.200	-0.362274
5.493333	0.200	-0.357853
5.496667	0.200	-0.352460
5.500000	0.200	-0.345403
5.503333	0.200	-0.335398
5.506667	0.200	-0.321173
5.510000	0.200	-0.302122
5.513333	0.200	-0.278508
5.516667	0.200	-0.251471
5.520000	0.200	-0.223167
5.523333	0.200	-0.196783
5.526667	0.200	-0.175860
5.530000	0.200	-0.163272
5.533333	0.200	-0.160593
5.536667	0.200	-0.167636
5.540000	0.200	-0.182351
5.543333	0.200	-0.201713
5.546667	0.200	-0.222922
5.550000	0.200	-0.243970
5.553333	0.200	-0.263640
5.556667	0.200	-0.281098
5.560000	0.200	-0.295577
5.563333	0.200	-0.306821
5.566667	0.200	-0.315461
5.570000	0.200	-0.322116
5.573333	0.200	-0.326299
5.576667	0.200	-0.326860
5.580000	0.200	-0.323401
5.583333	0.200	-0.316612
5.586667	0.200	-0.307108
5.590000	0.200	-0.294611
5.593333	0.200	-0.278313
5.596667	0.200	-0.257083
5.600000	0.200	-0.229273
5.603333	0.200	-0.192829
5.606667	0.200	-0.145513
5.610000	0.200	-0.085245
5.613333	0.200	-0.010776
5.616667	0.200	0.078025
5.620000	0.200	0.180634
5.623333	0.200	0.296143
5.626667	0.200	0.422443
5.630000	0.200	0.555416
5.633333	0.200	0.689534
5.636667	0.200	0.818950
5.640000	0.200	0.937855
5.643333	0.200	1.040360
5.646667	0.200	1.120601
5.650000	0.200	1.173590
5.653333	0.200	1.196432
5.656667	0.200	1.188729
5.660000	0.200	1.152117
5.663333	0.200	1.089995
5.666667	0.200	1.007271
5.670000	0.200	0.909212
5.673333	0.200	0.800473
5.676667	0.200	0.685397
5.680000	0.200	0.568281
5.683333	0.200	0.453158
5.686667	0.200	0.343848
5.690000	0.200	0.243618
5.693333	0.200	0.154365
5.696667	0.200	0.076301
5.700000	0.200	0.008328
5.703333	0.200	-0.051184
5.706667	0.200	-0.103516
5.710000	0.200	-0.148967
5.713333	0.200	-0.186999
5.716667	0.200	-0.217263
5.720000	0.200	-0.240141
5.723333	0.200	-0.256508
5.726667	0.200	-0.267816
5.730000	0.200	-0.276019
5.733333	0.200	-0.282580
5.736667	0.200	-0.287919
5.740000	0.200	-0.292354
5.743333	0.200	-0.296808
5.746667	0.200	-0.302055
5.750000	0.200	-0.307844
5.753333	0.200	-0.312959
5.756667	0.200	-0.315993
5.760000	0.200	-0.316512
5.763333	0.200	-0.315418
5.766667	0.200	-0.313830
5.770000	0.200	-0.312080
5.773333	0.200	-0.309924
5.776667	0.200	-0.307017
5.780000	0.200	-0.303305
5.783333	0.200	-0.299376
5.786667	0.200	-0.296014
5.790000	0.200	-0.293395
5.793333	0.200	-0.291365
5.796667	0.200	-0.290165
5.800000	0.200	-0.289982
5.803333	0.200	-0.290196
5.806667	0.200	-0.289825
5.810000	0.200	-0.288331
5.813333	0.200	-0.285647
5.816667	0.200	-0.282027
5.820000	0.200	-0.278138
5.823333	0.200	-0.274717
5.826667	0.200	-0.271750
5.830000	0.200	-0.268152
5.833333	0.200	-0.262921
5.836667	0.200	-0.256709
5.840000	0.200	-0.251550
5.843333	0.200	-0.248991
5.846667	0.200	-0.249037
5.850000	0.200	-0.250851
5.853333	0.200	-0.253545
5.856667	0.200	-0.256188
5.860000	0.200	-0.258169
5.863333	0.200	-0.259678
5.866667	0.200	-0.261188
5.870000	0.200	-0.262773
5.873333	0.200	-0.264150
5.876667	0.200	-0.265248
5.880000	0.200	-0.266581
5.883333	0.200	-0.268809
5.886667	0.200	-0.271797
5.890000	0.200	-0.274302
5.893333	0.200	-0.275031
5.896667	0.200	-0.274044
5.900000	0.200	-0.272481
5.903333	0.200	-0.270993
5.906667	0.200	-0.269135
5.910000	0.200	-0.266425
5.913333	0.200	-0.263360
5.916667	0.200	-0.260928
5.920000	0.200	-0.259338
5.923333	0.200	-0.257669
5.926667	0.200	-0.254741
5.930000	0.200	-0.250047
5.933333	0.200	-0.243959
5.936667	0.200	-0.237278
5.940000	0.200	-0.230572
5.943333	0.200	-0.223868
5.946667	0.200	-0.217125
5.950000	0.200	-0.210993
5.953333	0.200	-0.206753
5.956667	0.200	-0.205626
5.960000	0.200	-0.208267
5.963333	0.200	-0.214111
5.966667	0.200	-0.221306
5.970000	0.200	-0.228181
5.973333	0.200	-0.234472
5.976667	0.200	-0.240845
5.980000	0.200	-0.247696
5.983333	0.200	-0.254526
5.986667	0.200	-0.260422
5.990000	0.200	-0.264896
5.993333	0.200	-0.267824
5.996667	0.200	-0.268998
6.000000	0.200	-0.268267
6.003333	0.200	-0.265803
6.006667	0.200	-0.262149
6.010000	0.200	-0.258120
6.013333	0.200	-0.254424
6.016667	0.200	-0.251485
6.020000	0.200	-0.249605
6.023333	0.200	-0.248972
6.026667	0.200	-0.249613
6.030000	0.200	-0.251276
6.033333	0.200	-0.253353
6.036667	0.200	-0.255132
6.040000	0.200	-0.255983
6.043333	0.200	-0.255466
6.046667	0.200	-0.253548
6.050000	0.200	-0.250572
6.053333	0.200	-0.247137
6.056667	0.200	-0.243983
6.060000	0.200	-0.241532
6.063333	0.200	-0.239545
6.066667	0.200	-0.237686
6.070000	0.200	-0.236248
6.073333	0.200	-0.235716
6.076667	0.200	-0.235958
6.080000	0.200	-0.236573
6.083333	0.200	-0.237467
6.086667	0.200	-0.238387
6.090000	0.200	-0.238743
6.093333	0.200	-0.238290
6.096667	0.200	-0.236926
6.100000	0.200	-0.234304
6.103333	0.200	-0.230389
6.106667	0.200	-0.225301
6.110000	0.200	-0.218695
6.113333	0.200	-0.210107
6.116667	0.200	-0.199463
6.120000	0.200	-0.187227
6.123333	0.200	-0.174391
6.126667	0.200	-0.162337
6.130000	0.200	-0.152820
6.133333	0.200	-0.147484
6.136667	0.200	-0.146966
6.140000	0.200	-0.150674
6.143333	0.200	-0.157299
6.146667	0.200	-0.165492
6.150000	0.200	-0.174179
6.153333	0.200	-0.182453
6.156667	0.200	-0.189647
6.160000	0.200	-0.195721
6.163333	0.200	-0.201193
6.166667	0.200	-0.206579
6.170000	0.200	-0.212063
6.173333	0.200	-0.217283
6.176667	0.200	-0.221315
6.180000	0.200	-0.223610
6.183333	0.200	-0.224832
6.186667	0.200	-0.226172
6.190000	0.200	-0.228259
6.193333	0.200	-0.230981
6.196667	0.200	-0.233906
6.200000	0.200	-0.236486
6.203333	0.200	-0.237990
6.206667	0.200	-0.237780
6.210000	0.200	-0.235947
6.213333	0.200	-0.233277
6.216667	0.200	-0.230543
6.220000	0.200	-0.228125
6.223333	0.200	-0.226111
6.226667	0.200	-0.224671
6.230000	0.200	-0.224182
6.233333	0.200	-0.224712
6.236667	0.200	-0.225693
6.240000	0.200	-0.226163
6.243333	0.200	-0.225380
6.246667	0.200	-0.223526
6.250000	0.200	-0.221567
6.253333	0.200	-0.220187
6.256667	0.200	-0.219292
6.260000	0.200	-0.218515
6.263333	0.200	-0.217518
6.266667	0.200	-0.215836
6.270000	0.200	-0.212855
6.273333	0.200	-0.207898
6.276667	0.200	-0.200352
6.280000	0.200	-0.190152
6.283333	0.200	-0.178088
6.286667	0.200	-0.165235
6.290000	0.200	-0.152432
6.293333	0.200	-0.140359
6.296667	0.200	-0.129589
6.300000	0.200	-0.120426
6.303333	0.200	-0.112740
6.306667	0.200	-0.106167
6.310000	0.200	-0.100667
6.313333	0.200	-0.096680
6.316667	0.200	-0.094719
6.320000	0.200	-0.095193
6.323333	0.200	-0.098564
6.326667	0.200	-0.105038
6.330000	0.200	-0.113903
6.333333	0.200	-0.123757
6.336667	0.200	-0.133433
6.340000	0.200	-0.142250
6.343333	0.200	-0.149687
6.346667	0.200	-0.155598
6.350000	0.200	-0.160596
6.353333	0.200	-0.165435
6.356667	0.200	-0.170253
6.360000	0.200	-0.174848
6.363333	0.200	-0.179072
6.366667	0.200	-0.182941
6.370000	0.200	-0.186887
6.373333	0.200	-0.191497
6.376667	0.200	-0.196669
6.380000	0.200	-0.201531
6.383333	0.200	-0.205416
6.386667	0.200	-0.208353
6.390000	0.200	-0.210521
6.393333	0.200	-0.211769
6.396667	0.200	-0.211839
6.400000	0.200	-0.210880
6.403333	0.200	-0.209447
6.406667	0.200	-0.208042
6.410000	0.200	-0.206898
6.413333	0.200	-0.206010
6.416667	0.200	-0.205139
6.420000	0.200	-0.203970
6.423333	0.200	-0.202554
6.426667	0.200	-0.201395
6.430000	0.200	-0.200728
6.433333	0.200	-0.200297
6.436667	0.200	-0.200156
6.440000	0.200	-0.200837
6.443333	0.200	-0.202492
6.446667	0.200	-0.204538
6.450000	0.200	-0.206133
6.453333	0.200	-0.206570
6.456667	0.200	-0.205488
6.460000	0.200	-0.203160
6.463333	0.200	-0.200389
6.466667	0.200	-0.197851
6.470000	0.200	-0.195796
6.473333	0.200	-0.194529
6.476667	0.200	-0.194456
6.480000	0.200	-0.195378
6.483333	0.200	-0.196495
6.486667	0.200	-0.196960
6.490000	0.200	-0.196140
6.493333	0.200	-0.193857
6.496667	0.200	-0.190368
6.500000	0.200	-0.186176
6.503333	0.200	-0.182074
6.506667	0.200	-0.178931
6.510000	0.200	-0.177186
6.513333	0.200	-0.176731
6.516667	0.200	-0.177001
6.520000	0.200	-0.177019
6.523333	0.200	-0.176128
6.526667	0.200	-0.174853
6.530000	0.200	-0.174428
6.533333	0.200	-0.175646
6.536667	0.200	-0.178438
6.540000	0.200	-0.182074
6.543333	0.200	-0.185275
6.546667	0.200	-0.186846
6.550000	0.200	-0.186786
6.553333	0.200	-0.186087
6.556667	0.200	-0.185446
6.560000	0.200	-0.184657
6.563333	0.200	-0.183154
6.566667	0.200	-0.181092
6.570000	0.200	-0.179508
6.573333	0.200	-0.179170
6.576667	0.200	-0.179898
6.580000	0.200	-0.181109
6.583333	0.200	-0.182305
6.586667	0.200	-0.183106
6.590000	0.200	-0.183427
6.593333	0.200	-0.183409
6.596667	0.200	-0.183059
6.600000	0.200	-0.182366
6.603333	0.200	-0.181464
6.606667	0.200	-0.180473
6.610000	0.200	-0.179535
6.613333	0.200	-0.178994
6.616667	0.200	-0.179250
6.620000	0.200	-0.180337
6.623333	0.200	-0.181528
6.626667	0.200	-0.181635
6.630000	0.200	-0.180130
6.633333	0.200	-0.177630
6.636667	0.200	-0.174988
6.640000	0.200	-0.172521
6.643333	0.200	-0.170189
6.646667	0.200	-0.167991
6.650000	0.200	-0.166144
6.653333	0.200	-0.164853
6.656667	0.200	-0.163975
6.660000	0.200	-0.163258
6.663333	0.200	-0.162731
6.666667	0.200	-0.162632
6.670000	0.200	-0.163137
6.673333	0.200	-0.164382
6.676667	0.200	-0.166481
6.680000	0.200	-0.169324
6.683333	0.200	-0.172583
6.686667	0.200	-0.175917
6.690000	0.200	-0.178908
6.693333	0.200	-0.180829
6.696667	0.200	-0.180731
6.700000	0.200	-0.178137
6.703333	0.200	-0.173842
6.706667	0.200	-0.169581
6.710000	0.200	-0.166733
6.713333	0.200	-0.165648
6.716667	0.200	-0.165807
6.720000	0.200	-0.166175
6.723333	0.200	-0.165751
6.726667	0.200	-0.164038
6.730000	0.200	-0.160960
6.733333	0.200	-0.156680
6.736667	0.200	-0.151599
6.740000	0.200	-0.146211
6.743333	0.200	-0.140899
6.746667	0.200	-0.135848
6.750000	0.200	-0.131030
6.753333	0.200	-0.126203
6.756667	0.200	-0.120870
6.760000	0.200	-0.114468
6.763333	0.200	-0.106849
6.766667	0.200	-0.098672
6.770000	0.200	-0.091162
6.773333	0.200	-0.085289
6.776667	0.200	-0.081410
6.780000	0.200	-0.079808
6.783333	0.200	-0.081007
6.786667	0.200	-0.085157
6.790000	0.200	-0.091689
6.793333	0.200	-0.099730
6.796667	0.200	-0.108493
6.800000	0.200	-0.117251
6.803333	0.200	-0.125159
6.806667	0.200	-0.131396
6.810000	0.200	-0.135604
6.813333	0.200	-0.138046
6.816667	0.200	-0.139483
6.820000	0.200	-0.140854
6.823333	0.200	-0.142525
6.826667	0.200	-0.143818
6.830000	0.200	-0.143860
6.833333	0.200	-0.142834
6.836667	0.200	-0.141995
6.840000	0.200	-0.142520
6.843333	0.200	-0.144483
6.846667	0.200	-0.146941
6.850000	0.200	-0.148779
6.853333	0.200	-0.149466
6.856667	0.200	-0.149345
6.860000	0.200	-0.149133
6.863333	0.200	-0.149164
6.866667	0.200	-0.149401
6.870000	0.200	-0.149890
6.873333	0.200	-0.150869
6.876667	0.200	-0.152529
6.880000	0.200	-0.154614
6.883333	0.200	-0.156342
6.886667	0.200	-0.156921
6.890000	0.200	-0.156021
6.893333	0.200	-0.153409
6.896667	0.200	-0.148451
6.900000	0.200	-0.140532
6.903333	0.200	-0.129388
6.906667	0.200	-0.114480
6.910000	0.200	-0.094364
6.913333	0.200	-0.066582
6.916667	0.200	-0.028013
6.920000	0.200	0.024189
6.923333	0.200	0.091656
6.926667	0.200	0.174525
6.930000	0.200	0.271691
6.933333	0.200	0.381230
6.936667	0.200	0.500474
6.940000	0.200	0.625363
6.943333	0.200	0.750126
6.946667	0.200	0.868004
6.950000	0.200	0.972065
6.953333	0.200	1.055666
6.956667	0.200	1.113367
6.960000	0.200	1.142008
6.963333	0.200	1.140970
6.966667	0.200	1.111782
6.970000	0.200	1.057698
6.973333	0.200	0.982988
6.976667	0.200	0.892224
6.980000	0.200	0.790399
6.983333	0.200	0.683408
6.986667	0.200	0.577376
6.990000	0.200	0.476974
6.993333	0.200	0.384836
6.996667	0.200	0.302551
7.000000	0.200	0.231039
7.003333	0.200	0.169898
7.006667	0.200	0.117608
7.010000	0.200	0.072611
7.013333	0.200	0.034102
7.016667	0.200	0.001924
7.020000	0.200	-0.024335
7.023333	0.200	-0.045682
7.026667	0.200	-0.063121
7.030000	0.200	-0.077091
7.033333	0.200	-0.087571
7.036667	0.200	-0.094795
7.040000	0.200	-0.099788
7.043333	0.200	-0.104045
7.046667	0.200	-0.108636
7.050000	0.200	-0.113665
7.053333	0.200	-0.118782
7.056667	0.200	-0.123832
7.060000	0.200	-0.128648
7.063333	0.200	-0.132778
7.066667	0.200	-0.135786
7.070000	0.200	-0.137552
7.073333	0.200	-0.138308
7.076667	0.200	-0.138402
7.080000	0.200	-0.138010
7.083333	0.200	-0.137186
7.086667	0.200	-0.136104
7.090000	0.200	-0.134916
7.093333	0.200	-0.133508
7.096667	0.200	-0.132030
7.100000	0.200	-0.131481
7.103333	0.200	-0.132861
7.106667	0.200	-0.135916
7.110000	0.200	-0.139283
7.113333	0.200	-0.141632
7.116667	0.200	-0.142458
7.120000	0.200	-0.142106
7.123333	0.200	-0.141178
7.126667	0.200	-0.139761
7.130000	0.200	-0.137412
7.133333	0.200	-0.133945
7.136667	0.200	-0.129936
7.140000	0.200	-0.126438
7.143333	0.200	-0.124311
7.146667	0.200	-0.123708
7.150000	0.200	-0.124210
7.153333	0.200	-0.125339
7.156667	0.200	-0.126687
7.160000	0.200	-0.127625
7.163333	0.200	-0.127646
7.166667	0.200	-0.127166
7.170000	0.200	-0.127238
7.173333	0.200	-0.128352
7.176667	0.200	-0.129951
7.180000	0.200	-0.131144
7.183333	0.200	-0.131748
7.186667	0.200	-0.132477
7.190000	0.200	-0.134051
7.193333	0.200	-0.136173
7.196667	0.200	-0.137643
7.200000	0.200	-0.137621
7.203333	0.200	-0.136397
7.206667	0.200	-0.134755
7.210000	0.200	-0.133224
7.213333	0.200	-0.131972
7.216667	0.200	-0.130546
7.220000	0.200	-0.127752
7.223333	0.200	-0.122393
7.226667	0.200	-0.114199
7.230000	0.200	-0.103788
7.233333	0.200	-0.091621
7.236667	0.200	-0.077029
7.240000	0.200	-0.058184
7.243333	0.200	-0.033014
7.246667	0.200	0.000135
7.250000	0.200	0.042887
7.253333	0.200	0.096945
7.256667	0.200	0.163169
7.260000	0.200	0.241300
7.263333	0.200	0.330781
7.266667	0.200	0.431116
7.270000	0.200	0.540976
7.273333	0.200	0.657073
7.276667	0.200	0.774346
7.280000	0.200	0.887033
7.283333	0.200	0.989325
7.286667	0.200	1.076005
7.290000	0.200	1.143112
7.293333	0.200	1.187743
7.296667	0.200	1.207668
7.300000	0.200	1.201942
7.303333	0.200	1.171711
7.306667	0.200	1.120016
7.310000	0.200	1.050920
7.313333	0.200	0.968525
7.316667	0.200	0.876314
7.320000	0.200	0.777459
7.323333	0.200	0.675667
7.326667	0.200	0.575166
7.330000	0.200	0.479800
7.333333	0.200	0.392302
7.336667	0.200	0.314333
7.340000	0.200	0.246802
7.343333	0.200	0.189835
7.346667	0.200	0.142647
7.350000	0.200	0.103612
7.353333	0.200	0.070747
7.356667	0.200	0.042601
7.360000	0.200	0.018528
7.363333	0.200	-0.001881
7.366667	0.200	-0.019127
7.370000	0.200	-0.033758
7.373333	0.200	-0.046324
7.376667	0.200	-0.057227
7.380000	0.200	-0.066620
7.383333	0.200	-0.074506
7.386667	0.200	-0.080744
7.390000	0.200	-0.084964
7.393333	0.200	-0.086813
7.396667	0.200	-0.086545
7.400000	0.200	-0.085063
7.403333	0.200	-0.083329
7.406667	0.200	-0.081895
7.410000	0.200	-0.080724
7.413333	0.200	-0.079402
7.416667	0.200	-0.078029
7.420000	0.200	-0.077774
7.423333	0.200	-0.079194
7.426667	0.200	-0.080207
7.430000	0.200	-0.077485
7.433333	0.200	-0.069821
7.436667	0.200	-0.059156
7.440000	0.200	-0.048633
7.443333	0.200	-0.040434
7.446667	0.200	-0.035404
7.450000	0.200	-0.033632
7.453333	0.200	-0.034621
7.456667	0.200	-0.037303
7.460000	0.200	-0.040529
7.463333	0.200	-0.043665
7.466667	0.200	-0.046531
7.470000	0.200	-0.048936
7.473333	0.200	-0.050627
7.476667	0.200	-0.051428
7.480000	0.200	-0.051212
7.483333	0.200	-0.050230
7.486667	0.200	-0.049350
7.490000	0.200	-0.049444
7.493333	0.200	-0.050698
7.496667	0.200	-0.052629
7.500000	0.200	-0.054552
7.503333	0.200	-0.055860
7.506667	0.200	-0.055978
7.510000	0.200	-0.054453
7.513333	0.200	-0.051319
7.516667	0.200	-0.047227
7.520000	0.200	-0.042950
7.523333	0.200	-0.038791
7.526667	0.200	-0.034227
7.530000	0.200	-0.027084
7.533333	0.200	-0.012876
7.536667	0.200	0.013316
7.540000	0.200	0.052827
7.543333	0.200	0.101239
7.546667	0.200	0.150297
7.550000	0.200	0.192168
7.553333	0.200	0.222686
7.556667	0.200	0.241554
7.560000	0.200	0.250872
7.563333	0.200	0.253859
7.566667	0.200	0.253600
7.570000	0.200	0.252075
7.573333	0.200	0.250209
7.576667	0.200	0.248522
7.580000	0.200	0.247363
7.583333	0.200	0.246671
7.586667	0.200	0.246262
7.590000	0.200	0.246284
7.593333	0.200	0.246485
7.596667	0.200	0.245198
7.600000	0.200	0.240366
7.603333	0.200	0.231969
7.606667	0.200	0.222471
7.610000	0.200	0.214908
7.613333	0.200	0.211324
7.616667	0.200	0.212263
7.620000	0.200	0.216545
7.623333	0.200	0.221953
7.626667	0.200	0.226827
7.630000	0.200	0.230811
7.633333	0.200	0.234177
7.636667	0.200	0.237078
7.640000	0.200	0.239500
7.643333	0.200	0.241552
7.646667	0.200	0.243324
7.650000	0.200	0.244468
7.653333	0.200	0.244517
7.656667	0.200	0.243557
7.660000	0.200	0.242137
7.663333	0.200	0.240929
7.666667	0.200	0.240622
7.670000	0.200	0.241713
7.673333	0.200	0.244213
7.676667	0.200	0.247471
7.680000	0.200	0.250341
7.683333	0.200	0.251766
7.686667	0.200	0.251400
7.690000	0.200	0.249710
7.693333	0.200	0.247550
7.696667	0.200	0.245835
7.700000	0.200	0.245166
7.703333	0.200	0.245216
7.706667	0.200	0.244995
7.710000	0.200	0.243950
7.713333	0.200	0.242288
7.716667	0.200	0.240487
7.720000	0.200	0.239026
7.723333	0.200	0.238145
7.726667	0.200	0.237667
7.730000	0.200	0.237468
7.733333	0.200	0.237796
7.736667	0.200	0.238746
7.740000	0.200	0.239833
7.743333	0.200	0.240447
7.746667	0.200	0.240380
7.750000	0.200	0.239657
7.753333	0.200	0.238347
7.756667	0.200	0.236874
7.760000	0.200	0.235911
7.763333	0.200	0.235578
7.766667	0.200	0.235274
7.770000	0.200	0.234411
7.773333	0.200	0.232879
7.776667	0.200	0.231109
7.780000	0.200	0.229869
7.783333	0.200	0.229490
7.786667	0.200	0.229652
7.790000	0.200	0.230087
7.793333	0.200	0.230658
7.796667	0.200	0.231034
7.800000	0.200	0.230930
7.803333	0.200	0.230126
7.806667	0.200	0.228240
7.810000	0.200	0.225085
7.813333	0.200	0.221202
7.816667	0.200	0.217775
7.820000	0.200	0.215881
7.823333	0.200	0.215689
7.826667	0.200	0.216366
7.830000	0.200	0.216948
7.833333	0.200	0.217283
7.836667	0.200	0.217878
7.840000	0.200	0.219272
7.843333	0.200	0.221905
7.846667	0.200	0.225820
7.850000	0.200	0.230135
7.853333	0.200	0.233361
7.856667	0.200	0.234450
7.860000	0.200	0.233462
7.863333	0.200	0.231312
7.866667	0.200	0.229051
7.870000	0.200	0.227202
7.873333	0.200	0.225659
7.876667	0.200	0.224213
7.880000	0.200	0.222702
7.883333	0.200	0.220720
7.886667	0.200	0.217094
7.890000	0.200	0.208024
7.893333	0.200	0.186296
7.896667	0.200	0.145953
7.900000	0.200	0.088921
7.903333	0.200	0.025703
7.906667	0.200	-0.030562
7.910000	0.200	-0.070966
7.913333	0.200	-0.093640
7.916667	0.200	-0.101722
7.920000	0.200	-0.098354
7.923333	0.200	-0.082209
7.926667	0.200	-0.049134
7.930000	0.200	0.000625
7.933333	0.200	0.059113
7.936667	0.200	0.115155
7.940000	0.200	0.160242
7.943333	0.200	0.190905
7.946667	0.200	0.208036
7.950000	0.200	0.214855
7.953333	0.200	0.215036
7.956667	0.200	0.211843
7.960000	0.200	0.207840
7.963333	0.200	0.204490
7.966667	0.200	0.202117
7.970000	0.200	0.200771
7.973333	0.200	0.200780
7.976667	0.200	0.202109
7.980000	0.200	0.203672
7.983333	0.200	0.203966
7.986667	0.200	0.202386
7.990000	0.200	0.199529
7.993333	0.200	0.196671
7.996667	0.200	0.195076
8.000000	0.200	0.195095
8.003333	0.200	0.196015
8.006667	0.200	0.197058
8.010000	0.200	0.197982
8.013333	0.200	0.198845
8.016667	0.200	0.199983
8.020000	0.200	0.201790
8.023333	0.200	0.204062
8.026667	0.200	0.206072
8.030000	0.200	0.207112
8.033333	0.200	0.206519
8.036667	0.200	0.203853
8.040000	0.200	0.199523
8.043333	0.200	0.195004
8.046667	0.200	0.192153
8.050000	0.200	0.191960
8.053333	0.200	0.193887
8.056667	0.200	0.196437
8.060000	0.200	0.198320
8.063333	0.200	0.199122
8.066667	0.200	0.199065
8.070000	0.200	0.198516
8.073333	0.200	0.197812
8.076667	0.200	0.197192
8.080000	0.200	0.196872
8.083333	0.200	0.197172
8.086667	0.200	0.198189
8.090000	0.200	0.199414
8.093333	0.200	0.200122
8.096667	0.200	0.200122
8.100000	0.200	0.199843
8.103333	0.200	0.199515
8.106667	0.200	0.198629
8.110000	0.200	0.196551
8.113333	0.200	0.193293
8.116667	0.200	0.189465
8.120000	0.200	0.185927
8.123333	0.200	0.183616
8.126667	0.200	0.183137
8.130000	0.200	0.184238
8.133333	0.200	0.185972
8.136667	0.200	0.187442
8.140000	0.200	0.188262
8.143333	0.200	0.188565
8.146667	0.200	0.188851
8.150000	0.200	0.189461
8.153333	0.200	0.190051
8.156667	0.200	0.189890
8.160000	0.200	0.188509
8.163333	0.200	0.186029
8.166667	0.200	0.183286
8.170000	0.200	0.181295
8.173333	0.200	0.180309
8.176667	0.200	0.179775
8.180000	0.200	0.178930
8.183333	0.200	0.177316
8.186667	0.200	0.175173
8.190000	0.200	0.173287
8.193333	0.200	0.172264
8.196667	0.200	0.172312
8.200000	0.200	0.173403
8.203333	0.200	0.173199
8.206667	0.200	0.163807
8.210000	0.200	0.134834
8.213333	0.200	0.082881
8.216667	0.200	0.015933
8.220000	0.200	-0.052296
8.223333	0.200	-0.110380
8.226667	0.200	-0.152584
8.230000	0.200	-0.178027
8.233333	0.200	-0.188932
8.236667	0.200	-0.189400
8.240000	0.200	-0.184424
8.243333	0.200	-0.179141
8.246667	0.200	-0.177829
8.250000	0.200	-0.182389
8.253333	0.200	-0.191918
8.256667	0.200	-0.204207
8.260000	0.200	-0.217258
8.263333	0.200	-0.229592
8.266667	0.200	-0.239999
8.270000	0.200	-0.247420
8.273333	0.200	-0.251384
8.276667	0.200	-0.252340
8.280000	0.200	-0.251013
8.283333	0.200	-0.248032
8.286667	0.200	-0.244546
8.290000	0.200	-0.242141
8.293333	0.200	-0.241716
8.296667	0.200	-0.242974
8.300000	0.200	-0.245104
8.303333	0.200	-0.247583
8.306667	0.200	-0.250030
8.310000	0.200	-0.251833
8.313333	0.200	-0.252490
8.316667	0.200	-0.251969
8.320000	0.200	-0.250660
8.323333	0.200	-0.249205
8.326667	0.200	-0.248055
8.330000	0.200	-0.247036
8.333333	0.200	-0.245484
8.336667	0.200	-0.242824
8.340000	0.200	-0.239027
8.343333	0.200	-0.234721
8.346667	0.200	-0.230860
8.350000	0.200	-0.227944
8.353333	0.200	-0.225623
8.356667	0.200	-0.223101
8.360000	0.200	-0.219940
8.363333	0.200	-0.216609
8.366667	0.200	-0.213737
8.370000	0.200	-0.211052
8.373333	0.200	-0.207718
8.376667	0.200	-0.203187
8.380000	0.200	-0.197271
8.383333	0.200	-0.189693
8.386667	0.200	-0.179470
8.390000	0.200	-0.163398
8.393333	0.200	-0.135410
8.396667	0.200	-0.090705
8.400000	0.200	-0.031516
8.403333	0.200	0.032712
8.406667	0.200	0.090768
8.410000	0.200	0.135278
8.413333	0.200	0.164650
8.416667	0.200	0.181143
8.420000	0.200	0.187972
8.423333	0.200	0.188388
8.426667	0.200	0.186005
8.430000	0.200	0.184062
8.433333	0.200	0.183985
8.436667	0.200	0.185172
8.440000	0.200	0.186108
8.443333	0.200	0.185453
8.446667	0.200	0.182562
8.450000	0.200	0.177712
8.453333	0.200	0.172011
8.456667	0.200	0.166756
8.460000	0.200	0.162713
8.463333	0.200	0.159997
8.466667	0.200	0.158339
8.470000	0.200	0.157392
8.473333	0.200	0.156907
8.476667	0.200	0.156515
8.480000	0.200	0.155428
8.483333	0.200	0.152846
8.486667	0.200	0.148685
8.490000	0.200	0.143623
8.493333	0.200	0.138549
8.496667	0.200	0.134102
8.500000	0.200	0.130544
8.503333	0.200	0.127889
8.506667	0.200	0.126300
8.510000	0.200	0.126347
8.513333	0.200	0.128232
8.516667	0.200	0.131074
8.520000	0.200	0.133661
8.523333	0.200	0.135400
8.526667	0.200	0.136261
8.530000	0.200	0.136293
8.533333	0.200	0.135404
8.536667	0.200	0.133832
8.540000	0.200	0.132584
8.543333	0.200	0.132839
8.546667	0.200	0.134935
8.550000	0.200	0.138010
8.553333	0.200	0.140867
8.556667	0.200	0.143102
8.560000	0.200	0.144848
8.563333	0.200	0.145882
8.566667	0.200	0.145878
8.570000	0.200	0.145142
8.573333	0.200	0.144158
8.576667	0.200	0.142497
8.580000	0.200	0.139282
8.583333	0.200	0.134862
8.586667	0.200	0.131112
8.590000	0.200	0.130025
8.593333	0.200	0.132230
8.596667	0.200	0.136849
8.600000	0.200	0.142363
8.603333	0.200	0.147198
8.606667	0.200	0.149909
8.610000	0.200	0.149687
8.613333	0.200	0.147098
8.616667	0.200	0.143862
8.620000	0.200	0.141594
8.623333	0.200	0.141040
8.626667	0.200	0.141751
8.630000	0.200	0.139994
8.633333	0.200	0.125922
8.636667	0.200	0.087450
8.640000	0.200	0.021163
8.643333	0.200	-0.062788
8.646667	0.200	-0.147432
8.650000	0.200	-0.218662
8.653333	0.200	-0.270133
8.656667	0.200	-0.302575
8.660000	0.200	-0.320485
8.663333	0.200	-0.329167
8.666667	0.200	-0.332800
8.670000	0.200	-0.333692
8.673333	0.200	-0.333067
8.676667	0.200	-0.332000
8.680000	0.200	-0.331386
8.683333	0.200	-0.331889
8.686667	0.200	-0.334016
8.690000	0.200	-0.337677
8.693333	0.200	-0.341939
8.696667	0.200	-0.345422
8.700000	0.200	-0.347087
8.703333	0.200	-0.347166
8.706667	0.200	-0.346994
8.710000	0.200	-0.347689
8.713333	0.200	-0.349459
8.716667	0.200	-0.351911
8.720000	0.200	-0.354580
8.723333	0.200	-0.357292
8.726667	0.200	-0.360044
8.730000	0.200	-0.362731
8.733333	0.200	-0.365032
8.736667	0.200	-0.366326
8.740000	0.200	-0.366090
8.743333	0.200	-0.364402
8.746667	0.200	-0.361680
8.750000	0.200	-0.358244
8.753333	0.200	-0.354473
8.756667	0.200	-0.351183
8.760000	0.200	-0.349354
8.763333	0.200	-0.349444
8.766667	0.200	-0.351139
8.770000	0.200	-0.353561
8.773333	0.200	-0.355778
8.776667	0.200	-0.357503
8.780000	0.200	-0.359088
8.783333	0.200	-0.360631
8.786667	0.200	-0.361576
8.790000	0.200	-0.361489
8.793333	0.200	-0.360676
8.796667	0.200	-0.359842
8.800000	0.200	-0.359523
8.803333	0.200	-0.360081
8.806667	0.200	-0.361969
8.810000	0.200	-0.365336
8.813333	0.200	-0.369356
8.816667	0.200	-0.372839
8.820000	0.200	-0.375504
8.823333	0.200	-0.377721
8.826667	0.200	-0.379503
8.830000	0.200	-0.380531
8.833333	0.200	-0.380771
8.836667	0.200	-0.380737
8.840000	0.200	-0.381193
8.843333	0.200	-0.382680
8.846667	0.200	-0.385382
8.850000	0.200	-0.389164
8.853333	0.200	-0.393678
8.856667	0.200	-0.398438
8.860000	0.200	-0.402947
8.863333	0.200	-0.406930
8.866667	0.200	-0.410276
8.870000	0.200	-0.412906
8.873333	0.200	-0.414898
8.876667	0.200	-0.416592
8.880000	0.200	-0.418430
8.883333	0.200	-0.420473
8.886667	0.200	-0.422275
8.890000	0.200	-0.423712
8.893333	0.200	-0.425575
8.896667	0.200	-0.428870
8.900000	0.200	-0.433774
8.903333	0.200	-0.439358
8.906667	0.200	-0.444122
8.910000	0.200	-0.447276
8.913333	0.200	-0.449581
8.916667	0.200	-0.452638
8.920000	0.200	-0.457451
8.923333	0.200	-0.463599
8.926667	0.200	-0.469586
8.930000	0.200	-0.473865
8.933333	0.200	-0.475739
8.936667	0.200	-0.475643
8.940000	0.200	-0.474691
8.943333	0.200	-0.474220
8.946667	0.200	-0.475392
8.950000	0.200	-0.478254
8.953333	0.200	-0.481462
8.956667	0.200	-0.483675
8.960000	0.200	-0.484801
8.963333	0.200	-0.485678
8.966667	0.200	-0.486875
8.970000	0.200	-0.487654
8.973333	0.200	-0.486096
8.976667	0.200	-0.480085
8.980000	0.200	-0.467311
8.983333	0.200	-0.444229
8.986667	0.200	-0.405842
8.990000	0.200	-0.346045
8.993333	0.200	-0.257412
8.996667	0.200	-0.131756
9.000000	0.200	0.037456
9.003333	0.200	0.252437
9.006667	0.200	0.509782
9.010000	0.200	0.799759
9.013333	0.200	1.105543
9.016667	0.200	1.404111
9.020000	0.200	1.669571
9.023333	0.200	1.877089
9.026667	0.200	2.006381
9.030000	0.200	2.045190
9.033333	0.200	1.991777
9.036667	0.200	1.854749
9.040000	0.200	1.650734
9.043333	0.200	1.401178
9.046667	0.200	1.128909
9.050000	0.200	0.855281
9.053333	0.200	0.598219
9.056667	0.200	0.370382
9.060000	0.200	0.177755
9.063333	0.200	0.020298
9.066667	0.200	-0.105640
9.070000	0.200	-0.205023
9.073333	0.200	-0.282545
9.076667	0.200	-0.342138
9.080000	0.200	-0.387477
9.083333	0.200	-0.421940
9.086667	0.200	-0.447913
9.090000	0.200	-0.466918
9.093333	0.200	-0.480278
9.096667	0.200	-0.489245
9.100000	0.200	-0.494964
9.103333	0.200	-0.498674
9.106667	0.200	-0.501669
9.110000	0.200	-0.504707
9.113333	0.200	-0.507619
9.116667	0.200	-0.509923
9.120000	0.200	-0.511806
9.123333	0.200	-0.514141
9.126667	0.200	-0.517381
9.130000	0.200	-0.520628
9.133333	0.200	-0.522165
9.136667	0.200	-0.521160
9.140000	0.200	-0.518443
9.143333	0.200	-0.515420
9.146667	0.200	-0.513117
9.150000	0.200	-0.512175
9.153333	0.200	-0.512696
9.156667	0.200	-0.514283
9.160000	0.200	-0.516496
9.163333	0.200	-0.518795
9.166667	0.200	-0.520279
9.170000	0.200	-0.520095
9.173333	0.200	-0.518247
9.176667	0.200	-0.515674
9.180000	0.200	-0.513453
9.183333	0.200	-0.512152
9.186667	0.200	-0.511698
9.190000	0.200	-0.511524
9.193333	0.200	-0.511241
9.196667	0.200	-0.511376
9.200000	0.200	-0.512930
9.203333	0.200	-0.516033
9.206667	0.200	-0.519353
9.210000	0.200	-0.520724
9.213333	0.200	-0.518652
9.216667	0.200	-0.513650
9.220000	0.200	-0.507899
9.223333	0.200	-0.503789
9.226667	0.200	-0.502811
9.230000	0.200	-0.504929
9.233333	0.200	-0.508703
9.236667	0.200	-0.512210
9.240000	0.200	-0.513984
9.243333	0.200	-0.513645
9.246667	0.200	-0.511888
9.250000	0.200	-0.509659
9.253333	0.200	-0.507543
9.256667	0.200	-0.505898
9.260000	0.200	-0.504850
9.263333	0.200	-0.504127
9.266667	0.200	-0.503559
9.270000	0.200	-0.503459
9.273333	0.200	-0.504125
9.276667	0.200	-0.505356
9.280000	0.200	-0.506636
9.283333	0.200	-0.507288
9.286667	0.200	-0.506407
9.290000	0.200	-0.503505
9.293333	0.200	-0.499391
9.296667	0.200	-0.495823
9.300000	0.200	-0.494299
9.303333	0.200	-0.495396
9.306667	0.200	-0.498727
9.310000	0.200	-0.503186
9.313333	0.200	-0.507435
9.316667	0.200	-0.510107
9.320000	0.200	-0.509938
9.323333	0.200	-0.506598
9.326667	0.200	-0.501082
9.330000	0.200	-0.494742
9.333333	0.200	-0.488446
9.336667	0.200	-0.482660
9.340000	0.200	-0.477814
9.343333	0.200	-0.474472
9.346667	0.200	-0.472921
9.350000	0.200	-0.472752
9.353333	0.200	-0.473421
9.356667	0.200	-0.474886
9.360000	0.200	-0.477406
9.363333	0.200	-0.481125
9.366667	0.200	-0.485745
9.370000	0.200	-0.490307
9.373333	0.200	-0.493609
9.376667	0.200	-0.495204
9.380000	0.200	-0.495973
9.383333	0.200	-0.497721
9.386667	0.200	-0.501842
9.390000	0.200	-0.508017
9.393333	0.200	-0.514162
9.396667	0.200	-0.517537
9.400000	0.200	-0.516258
9.403333	0.200	-0.510569
9.406667	0.200	-0.502691
9.410000	0.200	-0.495294
9.413333	0.200	-0.490220
9.416667	0.200	-0.488152
9.420000	0.200	-0.488831
9.423333	0.200	-0.491429
9.426667	0.200	-0.494978
9.430000	0.200	-0.498916
9.433333	0.200	-0.503120
9.436667	0.200	-0.507209
9.440000	0.200	-0.510288
9.443333	0.200	-0.511554
9.446667	0.200	-0.510910
9.450000	0.200	-0.509003
9.453333	0.200	-0.506743
9.456667	0.200	-0.504791
9.460000	0.200	-0.503556
9.463333	0.200	-0.503328
9.466667	0.200	-0.504214
9.470000	0.200	-0.506114
9.473333	0.200	-0.508412
9.476667	0.200	-0.509549
9.480000	0.200	-0.507840
9.483333	0.200	-0.503099
9.486667	0.200	-0.496866
9.490000	0.200	-0.490966
9.493333	0.200	-0.486212
9.496667	0.200	-0.482501
9.500000	0.200	-0.479551
9.503333	0.200	-0.477048
9.506667	0.200	-0.474521
9.510000	0.200	-0.471663
9.513333	0.200	-0.468492
9.516667	0.200	-0.464981
9.520000	0.200	-0.460645
9.523333	0.200	-0.454519
9.526667	0.200	-0.445712
9.530000	0.200	-0.434460
9.533333	0.200	-0.422610
9.536667	0.200	-0.412582
9.540000	0.200	-0.405936
9.543333	0.200	-0.403207
9.546667	0.200	-0.404364
9.550000	0.200	-0.408662
9.553333	0.200	-0.414445
9.556667	0.200	-0.419924
9.560000	0.200	-0.424281
9.563333	0.200	-0.427874
9.566667	0.200	-0.431533
9.570000	0.200	-0.435926
9.573333	0.200	-0.441583
9.576667	0.200	-0.449117
9.580000	0.200	-0.458741
9.583333	0.200	-0.469497
9.586667	0.200	-0.479758
9.590000	0.200	-0.488478
9.593333	0.200	-0.495499
9.596667	0.200	-0.501258
9.600000	0.200	-0.506492
9.603333	0.200	-0.511560
9.606667	0.200	-0.515943
9.610000	0.200	-0.518917
9.613333	0.200	-0.520671
9.616667	0.200	-0.522127
9.620000	0.200	-0.523889
9.623333	0.200	-0.526071
9.626667	0.200	-0.528434
9.630000	0.200	-0.529753
9.633333	0.200	-0.527750
9.636667	0.200	-0.520962
9.640000	0.200	-0.510690
9.643333	0.200	-0.500472
9.646667	0.200	-0.493570
9.650000	0.200	-0.491129
9.653333	0.200	-0.492590
9.656667	0.200	-0.497018
9.660000	0.200	-0.503140
9.663333	0.200	-0.508987
9.666667	0.200	-0.513211
9.670000	0.200	-0.516514
9.673333	0.200	-0.520753
9.676667	0.200	-0.526646
9.680000	0.200	-0.532862
9.683333	0.200	-0.537323
9.686667	0.200	-0.538828
9.690000	0.200	-0.537690
9.693333	0.200	-0.535353
9.696667	0.200	-0.533321
9.700000	0.200	-0.532584
9.703333	0.200	-0.533471
9.706667	0.200	-0.535036
9.710000	0.200	-0.535150
9.713333	0.200	-0.532037
9.716667	0.200	-0.525675
9.720000	0.200	-0.517684
9.723333	0.200	-0.510136
9.726667	0.200	-0.504699
9.730000	0.200	-0.502303
9.733333	0.200	-0.502755
9.736667	0.200	-0.504766
9.740000	0.200	-0.506927
9.743333	0.200	-0.508733
9.746667	0.200	-0.510704
9.750000	0.200	-0.513758
9.753333	0.200	-0.518143
9.756667	0.200	-0.522729
9.760000	0.200	-0.525936
9.763333	0.200	-0.527413
9.766667	0.200	-0.528277
9.770000	0.200	-0.529950
9.773333	0.200	-0.533032
9.776667	0.200	-0.536898
9.780000	0.200	-0.540500
9.783333	0.200	-0.543672
9.786667	0.200	-0.546983
9.790000	0.200	-0.550387
9.793333	0.200	-0.552949
9.796667	0.200	-0.553789
9.800000	0.200	-0.552772
9.803333	0.200	-0.550431
9.806667	0.200	-0.547519
9.810000	0.200	-0.544568
9.813333	0.200	-0.541789
9.816667	0.200	-0.539473
9.820000	0.200	-0.538252
9.823333	0.200	-0.538746
9.826667	0.200	-0.541109
9.830000	0.200	-0.544686
9.833333	0.200	-0.547982
9.836667	0.200	-0.549502
9.840000	0.200	-0.549005
9.843333	0.200	-0.547705
9.846667	0.200	-0.547117
9.850000	0.200	-0.547708
9.853333	0.200	-0.548766
9.856667	0.200	-0.549537
9.860000	0.200	-0.550177
9.863333	0.200	-0.551441
9.866667	0.200	-0.553844
9.870000	0.200	-0.557332
9.873333	0.200	-0.561190
9.876667	0.200	-0.563977
9.880000	0.200	-0.564152
9.883333	0.200	-0.561208
9.886667	0.200	-0.556206
9.890000	0.200	-0.551190
9.893333	0.200	-0.547986
9.896667	0.200	-0.547414
9.900000	0.200	-0.549173
9.903333	0.200	-0.551994
9.906667	0.200	-0.554234
9.910000	0.200	-0.554771
9.913333	0.200	-0.553253
9.916667	0.200	-0.549841
9.920000	0.200	-0.545188
9.923333	0.200	-0.540540
9.926667	0.200	-0.537315
9.930000	0.200	-0.536338
9.933333	0.200	-0.537557
9.936667	0.200	-0.540312
9.940000	0.200	-0.543837
9.943333	0.200	-0.547820
9.946667	0.200	-0.552237
9.950000	0.200	-0.556515
9.953333	0.200	-0.559528
9.956667	0.200	-0.560418
9.960000	0.200	-0.559091
9.963333	0.200	-0.556281
9.966667	0.200	-0.553012
9.970000	0.200	-0.549669
9.973333	0.200	-0.546051
9.976667	0.200	-0.542429
9.980000	0.200	-0.539801
9.983333	0.200	-0.538856
9.986667	0.200	-0.539184
9.990000	0.200	-0.539646
9.993333	0.200	-0.539255
9.996667	0.200	-0.538000
10.000000	0.200	-0.537068
10.003333	0.200	-0.537838
10.006667	0.200	-0.540551
10.010000	0.200	-0.544250
10.013333	0.200	-0.547609
10.016667	0.200	-0.549624
10.020000	0.200	-0.550330
10.023333	0.200	-0.551028
10.026667	0.200	-0.552948
10.030000	0.200	-0.555649
10.033333	0.200	-0.557409
10.036667	0.200	-0.557083
10.040000	0.200	-0.554944
10.043333	0.200	-0.552076
10.046667	0.200	-0.549502
10.050000	0.200	-0.547718
10.053333	0.200	-0.546872
10.056667	0.200	-0.546981
10.060000	0.200	-0.547763
10.063333	0.200	-0.548650
10.066667	0.200	-0.548755
10.070000	0.200	-0.546893
10.073333	0.200	-0.542433
10.076667	0.200	-0.536060
10.080000	0.200	-0.529329
10.083333	0.200	-0.523822
10.086667	0.200	-0.520600
10.090000	0.200	-0.519705
10.093333	0.200	-0.520336
10.096667	0.200	-0.521769
10.100000	0.200	-0.523954
10.103333	0.200	-0.527171
10.106667	0.200	-0.531155
10.110000	0.200	-0.534924
10.113333	0.200	-0.537606
10.116667	0.200	-0.538884
10.120000	0.200	-0.538618
10.123333	0.200	-0.536702
10.126667	0.200	-0.533444
10.130000	0.200	-0.529596
10.133333	0.200	-0.525827
10.136667	0.200	-0.522554
10.140000	0.200	-0.520410
10.143333	0.200	-0.519978
10.146667	0.200	-0.520714
10.150000	0.200	-0.520976
10.153333	0.200	-0.519366
10.156667	0.200	-0.515862
10.160000	0.200	-0.511971
10.163333	0.200	-0.509691
10.166667	0.200	-0.509875
10.170000	0.200	-0.511685
10.173333	0.200	-0.513659
10.176667	0.200	-0.515163
10.180000	0.200	-0.516758
10.183333	0.200	-0.519001
10.186667	0.200	-0.521329
10.190000	0.200	-0.522535
10.193333	0.200	-0.521800
10.196667	0.200	-0.519048
10.200000	0.200	-0.514965
10.203333	0.200	-0.510598
10.206667	0.200	-0.506495
10.210000	0.200	-0.502727
10.213333	0.200	-0.499619
10.216667	0.200	-0.497680
10.220000	0.200	-0.496889
10.223333	0.200	-0.496196
10.226667	0.200	-0.493884
10.230000	0.200	-0.488916
10.233333	0.200	-0.481801
10.236667	0.200	-0.474108
10.240000	0.200	-0.467625
10.243333	0.200	-0.463728
10.246667	0.200	-0.462901
10.250000	0.200	-0.464632
10.253333	0.200	-0.468090
10.256667	0.200	-0.473015
10.260000	0.200	-0.479250
10.263333	0.200	-0.485650
10.266667	0.200	-0.490632
10.270000	0.200	-0.493620
10.273333	0.200	-0.495243
10.276667	0.200	-0.496242
10.280000	0.200	-0.496653
10.283333	0.200	-0.496147
10.286667	0.200	-0.494848
10.290000	0.200	-0.493596
10.293333	0.200	-0.493314
10.296667	0.200	-0.494236
10.300000	0.200	-0.495697
10.303333	0.200	-0.496408
10.306667	0.200	-0.495407
10.310000	0.200	-0.493132
10.313333	0.200	-0.491075
10.316667	0.200	-0.490389
10.320000	0.200	-0.491245
10.323333	0.200	-0.493371
10.326667	0.200	-0.496479
10.330000	0.200	-0.500125
10.333333	0.200	-0.503984
10.336667	0.200	-0.508170
10.340000	0.200	-0.512571
10.343333	0.200	-0.516299
10.346667	0.200	-0.518244
10.350000	0.200	-0.517899
10.353333	0.200	-0.515731
10.356667	0.200	-0.512841
10.360000	0.200	-0.510291
10.363333	0.200	-0.508758
10.366667	0.200	-0.508548
10.370000	0.200	-0.509820
10.373333	0.200	-0.512562
10.376667	0.200	-0.516213
10.380000	0.200	-0.519713
10.383333	0.200	-0.522005
10.386667	0.200	-0.522495
10.390000	0.200	-0.521465
10.393333	0.200	-0.519996
10.396667	0.200	-0.519205
10.400000	0.200	-0.519552
10.403333	0.200	-0.520937
10.406667	0.200	-0.523211
10.410000	0.200	-0.526107
10.413333	0.200	-0.528899
10.416667	0.200	-0.530876
10.420000	0.200	-0.531822
10.423333	0.200	-0.531808
10.426667	0.200	-0.531138
10.430000	0.200	-0.530409
10.433333	0.200	-0.530033
10.436667	0.200	-0.529828
10.440000	0.200	-0.529356
10.443333	0.200	-0.528408
10.446667	0.200	-0.527199
10.450000	0.200	-0.526293
10.453333	0.200	-0.525943
10.456667	0.200	-0.525682
10.460000	0.200	-0.525004
10.463333	0.200	-0.524004
10.466667	0.200	-0.523208
10.470000	0.200	-0.523419
10.473333	0.200	-0.525549
10.476667	0.200	-0.529950
10.480000	0.200	-0.536052
10.483333	0.200	-0.542720
10.486667	0.200	-0.548718
10.490000	0.200	-0.553172
10.493333	0.200	-0.555731
10.496667	0.200	-0.556344
10.500000	0.200	-0.555368
10.503333	0.200	-0.553718
10.506667	0.200	-0.552341
10.510000	0.200	-0.551544
10.513333	0.200	-0.551054
10.516667	0.200	-0.550490
10.520000	0.200	-0.549688
10.523333	0.200	-0.548895
10.526667	0.200	-0.548458
10.530000	0.200	-0.548239
10.533333	0.200	-0.547813
10.536667	0.200	-0.546916
10.540000	0.200	-0.545307
10.543333	0.200	-0.542836
10.546667	0.200	-0.539912
10.550000	0.200	-0.537491
10.553333	0.200	-0.536553
10.556667	0.200	-0.537672
10.560000	0.200	-0.540767
10.563333	0.200	-0.544970
10.566667	0.200	-0.548856
10.570000	0.200	-0.551023
10.573333	0.200	-0.550665
10.576667	0.200	-0.547751
10.580000	0.200	-0.542736
10.583333	0.200	-0.536312
10.586667	0.200	-0.529389
10.590000	0.200	-0.522914
10.593333	0.200	-0.517664
10.596667	0.200	-0.514375
10.600000	0.200	-0.513533
10.603333	0.200	-0.514744
10.606667	0.200	-0.516669
10.610000	0.200	-0.517507
10.613333	0.200	-0.515759
10.616667	0.200	-0.511062
10.620000	0.200	-0.504267
10.623333	0.200	-0.496716
10.626667	0.200	-0.489460
10.630000	0.200	-0.483040
10.633333	0.200	-0.477816
10.636667	0.200	-0.474141
10.640000	0.200	-0.471896
10.643333	0.200	-0.470216
10.646667	0.200	-0.468065
10.650000	0.200	-0.464802
10.653333	0.200	-0.460038
10.656667	0.200	-0.453507
10.660000	0.200	-0.444944
10.663333	0.200	-0.434001
10.666667	0.200	-0.420835
10.670000	0.200	-0.406379
10.673333	0.200	-0.391391
10.676667	0.200	-0.375589
10.680000	0.200	-0.357976
10.683333	0.200	-0.337902
10.686667	0.200	-0.315932
10.690000	0.200	-0.293906
10.693333	0.200	-0.273858
10.696667	0.200	-0.256555
10.700000	0.200	-0.241295
10.703333	0.200	-0.226933
10.706667	0.200	-0.212981
10.710000	0.200	-0.199998
10.713333	0.200	-0.188688
10.716667	0.200	-0.179171
10.720000	0.200	-0.171620
10.723333	0.200	-0.166329
10.726667	0.200	-0.162796
10.730000	0.200	-0.159832
10.733333	0.200	-0.156505
10.736667	0.200	-0.152611
10.740000	0.200	-0.148461
10.743333	0.200	-0.144404
10.746667	0.200	-0.140716
10.750000	0.200	-0.137704
10.753333	0.200	-0.135383
10.756667	0.200	-0.133187
10.760000	0.200	-0.130584
10.763333	0.200	-0.127741
10.766667	0.200	-0.125129
10.770000	0.200	-0.122928
10.773333	0.200	-0.121248
10.776667	0.200	-0.120253
10.780000	0.200	-0.119718
10.783333	0.200	-0.118867
10.786667	0.200	-0.116830
10.790000	0.200	-0.113340
10.793333	0.200	-0.108964
10.796667	0.200	-0.104327
10.800000	0.200	-0.099598
10.803333	0.200	-0.094978
10.806667	0.200	-0.090889
10.810000	0.200	-0.087536
10.813333	0.200	-0.084662
10.816667	0.200	-0.081839
10.820000	0.200	-0.078852
10.823333	0.200	-0.075561
10.826667	0.200	-0.071875
10.830000	0.200	-0.068046
10.833333	0.200	-0.064549
10.836667	0.200	-0.061852
10.840000	0.200	-0.060302
10.843333	0.200	-0.059656
10.846667	0.200	-0.058935
10.850000	0.200	-0.057106
10.853333	0.200	-0.053648
10.856667	0.200	-0.048838
10.860000	0.200	-0.043782
10.863333	0.200	-0.039479
10.866667	0.200	-0.036076
10.870000	0.200	-0.033305
10.873333	0.200	-0.030769
10.876667	0.200	-0.027949
10.880000	0.200	-0.024755
10.883333	0.200	-0.021690
10.886667	0.200	-0.019163
10.890000	0.200	-0.017009
10.893333	0.200	-0.014568
10.896667	0.200	-0.011189
10.900000	0.200	-0.006845
10.903333	0.200	-0.002114
10.906667	0.200	0.002600
10.910000	0.200	0.007396
10.913333	0.200	0.012469
10.916667	0.200	0.018091
10.920000	0.200	0.025288
10.923333	0.200	0.036628
10.926667	0.200	0.056444
10.930000	0.200	0.088413
10.933333	0.200	0.131276
10.936667	0.200	0.178075
10.940000	0.200	0.220232
10.943333	0.200	0.252007
10.946667	0.200	0.272058
10.950000	0.200	0.282953
10.953333	0.200	0.289762
10.956667	0.200	0.297270
10.960000	0.200	0.308003
10.963333	0.200	0.322868
10.966667	0.200	0.340862
10.970000	0.200	0.358036
10.973333	0.200	0.370607
10.976667	0.200	0.379087
10.980000	0.200	0.386300
10.983333	0.200	0.392835
10.986667	0.200	0.397375
10.990000	0.200	0.398405
10.993333	0.200	0.393793
10.996667	0.200	0.382285
11.000000	0.200	0.366050
