File Path	chrom://nnfcb-l0286/ChromeleonLocal/metk/20171013_HMP_C61_metk.seq/260.smp/UV_VIS_2.channel/UV_VIS_2.chm
Channel	UV_VIS_2

Injection Information:
Data Vault	ChromeleonLocal
Injection	750 ug/ml HIGH
Injection Number	93
Position	RB3
Comment	
Processing Method	HMP New ProcMethod
Instrument Method	HM_metode_ZorBax_0,02%_Acetic_acid_ver6
Type	Calibration Standard
Status	Finished
Injection Date	10/14/2017
Injection Time	8:16:52 AM
Injection Volume (µl)	1.000
Dilution Factor	1.0000
Weight	1.0000

Raw Data Information:
Time Min. (min)	0.000000
Time Max. (min)	11.000000
Data Points	3301
Detector	UV
Exporting Data System	Chromeleon 7.1.3.2425
Operator	
Signal Quantity	Absorbance
Signal Unit	mAU
Signal Min.	-0.929902
Signal Max.	276.542634
Channel	UV_VIS_2
Driver Name	DAD3000.dll
Channel Type	Evaluation
Min. Step (s)	0.200
Max. Step (s)	0.200
Average Step (s)	0.200

Signal Parameter Information:
Signal Info	WVL:280 nm

Raw Data:
Time (min)	Step (s)	Value (mAU)
0.000000	0.000	0.000000
0.003333	0.200	-0.002699
0.006667	0.200	-0.018397
0.010000	0.200	-0.058535
0.013333	0.200	-0.118043
0.016667	0.200	-0.173526
0.020000	0.200	-0.202427
0.023333	0.200	-0.197923
0.026667	0.200	-0.168750
0.030000	0.200	-0.131206
0.033333	0.200	-0.099578
0.036667	0.200	-0.080083
0.040000	0.200	-0.071780
0.043333	0.200	-0.071180
0.046667	0.200	-0.075404
0.050000	0.200	-0.082867
0.053333	0.200	-0.092761
0.056667	0.200	-0.104653
0.060000	0.200	-0.118362
0.063333	0.200	-0.133345
0.066667	0.200	-0.148183
0.070000	0.200	-0.161326
0.073333	0.200	-0.172183
0.076667	0.200	-0.181288
0.080000	0.200	-0.189725
0.083333	0.200	-0.198446
0.086667	0.200	-0.207958
0.090000	0.200	-0.218382
0.093333	0.200	-0.229493
0.096667	0.200	-0.240722
0.100000	0.200	-0.251507
0.103333	0.200	-0.261571
0.106667	0.200	-0.270592
0.110000	0.200	-0.278101
0.113333	0.200	-0.284269
0.116667	0.200	-0.290405
0.120000	0.200	-0.297924
0.123333	0.200	-0.306947
0.126667	0.200	-0.316319
0.130000	0.200	-0.324854
0.133333	0.200	-0.332320
0.136667	0.200	-0.339336
0.140000	0.200	-0.346482
0.143333	0.200	-0.353514
0.146667	0.200	-0.359727
0.150000	0.200	-0.365098
0.153333	0.200	-0.370592
0.156667	0.200	-0.377486
0.160000	0.200	-0.386415
0.163333	0.200	-0.396736
0.166667	0.200	-0.407161
0.170000	0.200	-0.416906
0.173333	0.200	-0.425828
0.176667	0.200	-0.433923
0.180000	0.200	-0.441003
0.183333	0.200	-0.446953
0.186667	0.200	-0.452488
0.190000	0.200	-0.458843
0.193333	0.200	-0.466445
0.196667	0.200	-0.474792
0.200000	0.200	-0.483319
0.203333	0.200	-0.491489
0.206667	0.200	-0.498866
0.210000	0.200	-0.505598
0.213333	0.200	-0.512103
0.216667	0.200	-0.518335
0.220000	0.200	-0.523916
0.223333	0.200	-0.528653
0.226667	0.200	-0.532585
0.230000	0.200	-0.535967
0.233333	0.200	-0.539380
0.236667	0.200	-0.543611
0.240000	0.200	-0.549356
0.243333	0.200	-0.556692
0.246667	0.200	-0.564709
0.250000	0.200	-0.571830
0.253333	0.200	-0.576674
0.256667	0.200	-0.578917
0.260000	0.200	-0.579556
0.263333	0.200	-0.580200
0.266667	0.200	-0.581760
0.270000	0.200	-0.584000
0.273333	0.200	-0.586614
0.276667	0.200	-0.589952
0.280000	0.200	-0.594282
0.283333	0.200	-0.599068
0.286667	0.200	-0.603601
0.290000	0.200	-0.607891
0.293333	0.200	-0.612365
0.296667	0.200	-0.617204
0.300000	0.200	-0.622338
0.303333	0.200	-0.627391
0.306667	0.200	-0.631503
0.310000	0.200	-0.633838
0.313333	0.200	-0.634633
0.316667	0.200	-0.635520
0.320000	0.200	-0.638358
0.323333	0.200	-0.643610
0.326667	0.200	-0.650060
0.330000	0.200	-0.656042
0.333333	0.200	-0.660498
0.336667	0.200	-0.663208
0.340000	0.200	-0.664753
0.343333	0.200	-0.666011
0.346667	0.200	-0.667461
0.350000	0.200	-0.669249
0.353333	0.200	-0.671591
0.356667	0.200	-0.674738
0.360000	0.200	-0.678817
0.363333	0.200	-0.683576
0.366667	0.200	-0.687949
0.370000	0.200	-0.690588
0.373333	0.200	-0.691193
0.376667	0.200	-0.690653
0.380000	0.200	-0.690004
0.383333	0.200	-0.689987
0.386667	0.200	-0.691323
0.390000	0.200	-0.694482
0.393333	0.200	-0.699307
0.396667	0.200	-0.705399
0.400000	0.200	-0.712440
0.403333	0.200	-0.719847
0.406667	0.200	-0.726830
0.410000	0.200	-0.732949
0.413333	0.200	-0.738195
0.416667	0.200	-0.742796
0.420000	0.200	-0.747051
0.423333	0.200	-0.750921
0.426667	0.200	-0.753984
0.430000	0.200	-0.756104
0.433333	0.200	-0.757801
0.436667	0.200	-0.759770
0.440000	0.200	-0.762371
0.443333	0.200	-0.765552
0.446667	0.200	-0.768875
0.450000	0.200	-0.771683
0.453333	0.200	-0.773620
0.456667	0.200	-0.775002
0.460000	0.200	-0.776278
0.463333	0.200	-0.777462
0.466667	0.200	-0.778623
0.470000	0.200	-0.780336
0.473333	0.200	-0.783138
0.476667	0.200	-0.786838
0.480000	0.200	-0.790626
0.483333	0.200	-0.793784
0.486667	0.200	-0.796203
0.490000	0.200	-0.798207
0.493333	0.200	-0.799951
0.496667	0.200	-0.801156
0.500000	0.200	-0.801575
0.503333	0.200	-0.801402
0.506667	0.200	-0.801180
0.510000	0.200	-0.801567
0.513333	0.200	-0.803048
0.516667	0.200	-0.805532
0.520000	0.200	-0.808159
0.523333	0.200	-0.809694
0.526667	0.200	-0.809406
0.530000	0.200	-0.807801
0.533333	0.200	-0.806261
0.536667	0.200	-0.805772
0.540000	0.200	-0.806343
0.543333	0.200	-0.807533
0.546667	0.200	-0.808821
0.550000	0.200	-0.809518
0.553333	0.200	-0.809216
0.556667	0.200	-0.808569
0.560000	0.200	-0.808891
0.563333	0.200	-0.810738
0.566667	0.200	-0.813308
0.570000	0.200	-0.815464
0.573333	0.200	-0.816828
0.576667	0.200	-0.817377
0.580000	0.200	-0.816607
0.583333	0.200	-0.814147
0.586667	0.200	-0.810924
0.590000	0.200	-0.808562
0.593333	0.200	-0.807697
0.596667	0.200	-0.807814
0.600000	0.200	-0.808358
0.603333	0.200	-0.809244
0.606667	0.200	-0.810643
0.610000	0.200	-0.812706
0.613333	0.200	-0.815379
0.616667	0.200	-0.818288
0.620000	0.200	-0.820714
0.623333	0.200	-0.821871
0.626667	0.200	-0.821509
0.630000	0.200	-0.820209
0.633333	0.200	-0.818917
0.636667	0.200	-0.818340
0.640000	0.200	-0.818892
0.643333	0.200	-0.820975
0.646667	0.200	-0.824827
0.650000	0.200	-0.829756
0.653333	0.200	-0.834035
0.656667	0.200	-0.836203
0.660000	0.200	-0.836179
0.663333	0.200	-0.834980
0.666667	0.200	-0.833903
0.670000	0.200	-0.834012
0.673333	0.200	-0.835784
0.676667	0.200	-0.838816
0.680000	0.200	-0.842101
0.683333	0.200	-0.844918
0.686667	0.200	-0.847199
0.690000	0.200	-0.849040
0.693333	0.200	-0.850362
0.696667	0.200	-0.851111
0.700000	0.200	-0.851484
0.703333	0.200	-0.851935
0.706667	0.200	-0.852768
0.710000	0.200	-0.853706
0.713333	0.200	-0.854275
0.716667	0.200	-0.854578
0.720000	0.200	-0.855151
0.723333	0.200	-0.856278
0.726667	0.200	-0.857896
0.730000	0.200	-0.859727
0.733333	0.200	-0.861107
0.736667	0.200	-0.861193
0.740000	0.200	-0.859756
0.743333	0.200	-0.857439
0.746667	0.200	-0.855222
0.750000	0.200	-0.854013
0.753333	0.200	-0.854393
0.756667	0.200	-0.856290
0.760000	0.200	-0.858930
0.763333	0.200	-0.861231
0.766667	0.200	-0.862515
0.770000	0.200	-0.862896
0.773333	0.200	-0.862808
0.776667	0.200	-0.862697
0.780000	0.200	-0.863312
0.783333	0.200	-0.865344
0.786667	0.200	-0.868744
0.790000	0.200	-0.872804
0.793333	0.200	-0.876469
0.796667	0.200	-0.878730
0.800000	0.200	-0.879327
0.803333	0.200	-0.878940
0.806667	0.200	-0.878638
0.810000	0.200	-0.879209
0.813333	0.200	-0.880936
0.816667	0.200	-0.883812
0.820000	0.200	-0.887696
0.823333	0.200	-0.892233
0.826667	0.200	-0.896842
0.830000	0.200	-0.901004
0.833333	0.200	-0.904611
0.836667	0.200	-0.907955
0.840000	0.200	-0.911397
0.843333	0.200	-0.915075
0.846667	0.200	-0.918807
0.850000	0.200	-0.922348
0.853333	0.200	-0.925595
0.856667	0.200	-0.928347
0.860000	0.200	-0.929902
0.863333	0.200	-0.929101
0.866667	0.200	-0.924918
0.870000	0.200	-0.917056
0.873333	0.200	-0.905256
0.876667	0.200	-0.886383
0.880000	0.200	-0.851791
0.883333	0.200	-0.789320
0.886667	0.200	-0.689804
0.890000	0.200	-0.553001
0.893333	0.200	-0.388244
0.896667	0.200	-0.209728
0.900000	0.200	-0.031149
0.903333	0.200	0.136103
0.906667	0.200	0.282080
0.910000	0.200	0.398230
0.913333	0.200	0.479119
0.916667	0.200	0.523649
0.920000	0.200	0.534118
0.923333	0.200	0.513837
0.926667	0.200	0.465261
0.930000	0.200	0.390227
0.933333	0.200	0.292368
0.936667	0.200	0.179853
0.940000	0.200	0.065819
0.943333	0.200	-0.034378
0.946667	0.200	-0.107294
0.950000	0.200	-0.144532
0.953333	0.200	-0.144054
0.956667	0.200	-0.110287
0.960000	0.200	-0.053541
0.963333	0.200	0.011594
0.966667	0.200	0.069374
0.970000	0.200	0.107092
0.973333	0.200	0.119383
0.976667	0.200	0.113049
0.980000	0.200	0.113452
0.983333	0.200	0.169192
0.986667	0.200	0.344777
0.990000	0.200	0.692762
0.993333	0.200	1.213180
0.996667	0.200	1.827545
1.000000	0.200	2.394435
1.003333	0.200	2.765040
1.006667	0.200	2.845904
1.010000	0.200	2.632023
1.013333	0.200	2.196507
1.016667	0.200	1.650982
1.020000	0.200	1.102705
1.023333	0.200	0.626869
1.026667	0.200	0.258427
1.030000	0.200	-0.001596
1.033333	0.200	-0.172635
1.036667	0.200	-0.280775
1.040000	0.200	-0.349406
1.043333	0.200	-0.395225
1.046667	0.200	-0.427837
1.050000	0.200	-0.451051
1.053333	0.200	-0.464497
1.056667	0.200	-0.464771
1.060000	0.200	-0.445369
1.063333	0.200	-0.394971
1.066667	0.200	-0.293610
1.070000	0.200	-0.105302
1.073333	0.200	0.234054
1.076667	0.200	0.832524
1.080000	0.200	1.856459
1.083333	0.200	3.531209
1.086667	0.200	6.109978
1.090000	0.200	9.798411
1.093333	0.200	14.647708
1.096667	0.200	20.459450
1.100000	0.200	26.757342
1.103333	0.200	32.859779
1.106667	0.200	38.038162
1.110000	0.200	41.700324
1.113333	0.200	43.527312
1.116667	0.200	43.517766
1.120000	0.200	41.937642
1.123333	0.200	39.209899
1.126667	0.200	35.792207
1.130000	0.200	32.081849
1.133333	0.200	28.367200
1.136667	0.200	24.823173
1.140000	0.200	21.534164
1.143333	0.200	18.527011
1.146667	0.200	15.801369
1.150000	0.200	13.350646
1.153333	0.200	11.171431
1.156667	0.200	9.263801
1.160000	0.200	7.627829
1.163333	0.200	6.259363
1.166667	0.200	5.145816
1.170000	0.200	4.263544
1.173333	0.200	3.578721
1.176667	0.200	3.051323
1.180000	0.200	2.639853
1.183333	0.200	2.305967
1.186667	0.200	2.019199
1.190000	0.200	1.760170
1.193333	0.200	1.520550
1.196667	0.200	1.300197
1.200000	0.200	1.103543
1.203333	0.200	0.937108
1.206667	0.200	0.808359
1.210000	0.200	0.724834
1.213333	0.200	0.692947
1.216667	0.200	0.715919
1.220000	0.200	0.789945
1.223333	0.200	0.900409
1.226667	0.200	1.021766
1.230000	0.200	1.122167
1.233333	0.200	1.171288
1.236667	0.200	1.148256
1.240000	0.200	1.046520
1.243333	0.200	0.874789
1.246667	0.200	0.654019
1.250000	0.200	0.410891
1.253333	0.200	0.170817
1.256667	0.200	-0.046542
1.260000	0.200	-0.229282
1.263333	0.200	-0.373408
1.266667	0.200	-0.481212
1.270000	0.200	-0.558517
1.273333	0.200	-0.611921
1.276667	0.200	-0.646930
1.280000	0.200	-0.667138
1.283333	0.200	-0.674031
1.286667	0.200	-0.667075
1.290000	0.200	-0.644374
1.293333	0.200	-0.604461
1.296667	0.200	-0.548658
1.300000	0.200	-0.482283
1.303333	0.200	-0.414426
1.306667	0.200	-0.356558
1.310000	0.200	-0.319387
1.313333	0.200	-0.309012
1.316667	0.200	-0.324524
1.320000	0.200	-0.358198
1.323333	0.200	-0.398197
1.326667	0.200	-0.431879
1.330000	0.200	-0.448368
1.333333	0.200	-0.440765
1.336667	0.200	-0.407517
1.340000	0.200	-0.352316
1.343333	0.200	-0.282951
1.346667	0.200	-0.209261
1.350000	0.200	-0.140637
1.353333	0.200	-0.084255
1.356667	0.200	-0.044193
1.360000	0.200	-0.021106
1.363333	0.200	-0.012994
1.366667	0.200	-0.016567
1.370000	0.200	-0.027999
1.373333	0.200	-0.043411
1.376667	0.200	-0.059718
1.380000	0.200	-0.075032
1.383333	0.200	-0.088286
1.386667	0.200	-0.099242
1.390000	0.200	-0.108905
1.393333	0.200	-0.119348
1.396667	0.200	-0.133061
1.400000	0.200	-0.152171
1.403333	0.200	-0.177755
1.406667	0.200	-0.209702
1.410000	0.200	-0.246956
1.413333	0.200	-0.287761
1.416667	0.200	-0.330175
1.420000	0.200	-0.372617
1.423333	0.200	-0.413717
1.426667	0.200	-0.452114
1.430000	0.200	-0.486842
1.433333	0.200	-0.517740
1.436667	0.200	-0.545446
1.440000	0.200	-0.570991
1.443333	0.200	-0.595135
1.446667	0.200	-0.617978
1.450000	0.200	-0.639454
1.453333	0.200	-0.660088
1.456667	0.200	-0.680826
1.460000	0.200	-0.701970
1.463333	0.200	-0.722605
1.466667	0.200	-0.741190
1.470000	0.200	-0.756513
1.473333	0.200	-0.768196
1.476667	0.200	-0.776796
1.480000	0.200	-0.783567
1.483333	0.200	-0.789799
1.486667	0.200	-0.795997
1.490000	0.200	-0.801801
1.493333	0.200	-0.806733
1.496667	0.200	-0.810705
1.500000	0.200	-0.813789
1.503333	0.200	-0.816078
1.506667	0.200	-0.817745
1.510000	0.200	-0.818718
1.513333	0.200	-0.818664
1.516667	0.200	-0.817713
1.520000	0.200	-0.816588
1.523333	0.200	-0.815942
1.526667	0.200	-0.816083
1.530000	0.200	-0.817009
1.533333	0.200	-0.818214
1.536667	0.200	-0.818919
1.540000	0.200	-0.818759
1.543333	0.200	-0.817857
1.546667	0.200	-0.816291
1.550000	0.200	-0.813609
1.553333	0.200	-0.808908
1.556667	0.200	-0.801601
1.560000	0.200	-0.791690
1.563333	0.200	-0.779407
1.566667	0.200	-0.765376
1.570000	0.200	-0.750683
1.573333	0.200	-0.736262
1.576667	0.200	-0.722535
1.580000	0.200	-0.709441
1.583333	0.200	-0.693490
1.586667	0.200	-0.645891
1.590000	0.200	-0.438604
1.593333	0.200	0.298701
1.596667	0.200	2.310654
1.600000	0.200	6.631774
1.603333	0.200	14.150685
1.606667	0.200	25.028391
1.610000	0.200	38.410761
1.613333	0.200	52.673692
1.616667	0.200	66.028623
1.620000	0.200	77.111279
1.623333	0.200	85.279960
1.626667	0.200	90.582533
1.630000	0.200	93.517937
1.633333	0.200	94.754109
1.636667	0.200	94.912207
1.640000	0.200	94.455418
1.643333	0.200	93.669473
1.646667	0.200	92.698467
1.650000	0.200	91.598886
1.653333	0.200	90.387195
1.656667	0.200	89.070344
1.660000	0.200	87.659201
1.663333	0.200	86.171008
1.666667	0.200	84.626631
1.670000	0.200	83.046297
1.673333	0.200	81.447159
1.676667	0.200	79.843171
1.680000	0.200	78.244932
1.683333	0.200	76.659025
1.686667	0.200	75.088046
1.690000	0.200	73.531919
1.693333	0.200	71.989920
1.696667	0.200	70.461666
1.700000	0.200	68.947045
1.703333	0.200	67.446517
1.706667	0.200	65.961041
1.710000	0.200	64.491144
1.713333	0.200	63.036544
1.716667	0.200	61.596742
1.720000	0.200	60.171475
1.723333	0.200	58.760376
1.726667	0.200	57.362786
1.730000	0.200	55.978287
1.733333	0.200	54.606746
1.736667	0.200	53.247884
1.740000	0.200	51.901613
1.743333	0.200	50.568587
1.746667	0.200	49.249838
1.750000	0.200	47.946097
1.753333	0.200	46.657491
1.756667	0.200	45.383278
1.760000	0.200	44.122034
1.763333	0.200	42.872653
1.766667	0.200	41.635170
1.770000	0.200	40.410506
1.773333	0.200	39.199416
1.776667	0.200	38.002018
1.780000	0.200	36.818232
1.783333	0.200	35.647908
1.786667	0.200	34.490661
1.790000	0.200	33.346162
1.793333	0.200	32.214291
1.796667	0.200	31.094798
1.800000	0.200	29.987244
1.803333	0.200	28.891590
1.806667	0.200	27.808305
1.810000	0.200	26.737657
1.813333	0.200	25.679411
1.816667	0.200	24.633073
1.820000	0.200	23.598263
1.823333	0.200	22.575382
1.826667	0.200	21.565819
1.830000	0.200	20.571434
1.833333	0.200	19.593811
1.836667	0.200	18.633605
1.840000	0.200	17.690771
1.843333	0.200	16.765319
1.846667	0.200	15.857320
1.850000	0.200	14.966828
1.853333	0.200	14.094573
1.856667	0.200	13.242235
1.860000	0.200	12.411763
1.863333	0.200	11.604796
1.866667	0.200	10.822612
1.870000	0.200	10.066241
1.873333	0.200	9.336756
1.876667	0.200	8.635659
1.880000	0.200	7.964582
1.883333	0.200	7.324302
1.886667	0.200	6.714570
1.890000	0.200	6.134801
1.893333	0.200	5.584175
1.896667	0.200	5.061384
1.900000	0.200	4.564964
1.903333	0.200	4.093769
1.906667	0.200	3.646923
1.910000	0.200	3.223778
1.913333	0.200	2.824294
1.916667	0.200	2.449343
1.920000	0.200	2.100520
1.923333	0.200	1.779662
1.926667	0.200	1.488285
1.930000	0.200	1.226707
1.933333	0.200	0.993521
1.936667	0.200	0.786296
1.940000	0.200	0.602527
1.943333	0.200	0.440023
1.946667	0.200	0.297278
1.950000	0.200	0.174066
1.953333	0.200	0.071853
1.956667	0.200	-0.005591
1.960000	0.200	-0.050075
1.963333	0.200	-0.044318
1.966667	0.200	0.044942
1.970000	0.200	0.275443
1.973333	0.200	0.740736
1.976667	0.200	1.584773
1.980000	0.200	3.017184
1.983333	0.200	5.325405
1.986667	0.200	8.877973
1.990000	0.200	14.111122
1.993333	0.200	21.491457
1.996667	0.200	31.451544
2.000000	0.200	44.302432
2.003333	0.200	60.135883
2.006667	0.200	78.738018
2.010000	0.200	99.540255
2.013333	0.200	121.627106
2.016667	0.200	143.807253
2.020000	0.200	164.740527
2.023333	0.200	183.099346
2.026667	0.200	197.732896
2.030000	0.200	207.802454
2.033333	0.200	212.864706
2.036667	0.200	212.892725
2.040000	0.200	208.236996
2.043333	0.200	199.539969
2.046667	0.200	187.627029
2.050000	0.200	173.397861
2.053333	0.200	157.734666
2.056667	0.200	141.435693
2.060000	0.200	125.175181
2.063333	0.200	109.485244
2.066667	0.200	94.754105
2.070000	0.200	81.235866
2.073333	0.200	69.068293
2.076667	0.200	58.295957
2.080000	0.200	48.894371
2.083333	0.200	40.790606
2.086667	0.200	33.879572
2.090000	0.200	28.037396
2.093333	0.200	23.132956
2.096667	0.200	19.037463
2.100000	0.200	15.630939
2.103333	0.200	12.805390
2.106667	0.200	10.465941
2.110000	0.200	8.531199
2.113333	0.200	6.932656
2.116667	0.200	5.612843
2.120000	0.200	4.523599
2.123333	0.200	3.625113
2.126667	0.200	2.884579
2.130000	0.200	2.274563
2.133333	0.200	1.772034
2.136667	0.200	1.357790
2.140000	0.200	1.016156
2.143333	0.200	0.734761
2.146667	0.200	0.503643
2.150000	0.200	0.314166
2.153333	0.200	0.158681
2.156667	0.200	0.030590
2.160000	0.200	-0.075580
2.163333	0.200	-0.163940
2.166667	0.200	-0.237225
2.170000	0.200	-0.297560
2.173333	0.200	-0.347237
2.176667	0.200	-0.388555
2.180000	0.200	-0.423338
2.183333	0.200	-0.452782
2.186667	0.200	-0.477761
2.190000	0.200	-0.499372
2.193333	0.200	-0.518790
2.196667	0.200	-0.536661
2.200000	0.200	-0.553220
2.203333	0.200	-0.568681
2.206667	0.200	-0.582969
2.210000	0.200	-0.595682
2.213333	0.200	-0.606908
2.216667	0.200	-0.617602
2.220000	0.200	-0.628700
2.223333	0.200	-0.640070
2.226667	0.200	-0.650468
2.230000	0.200	-0.658698
2.233333	0.200	-0.665024
2.236667	0.200	-0.671015
2.240000	0.200	-0.677845
2.243333	0.200	-0.685431
2.246667	0.200	-0.692875
2.250000	0.200	-0.699008
2.253333	0.200	-0.703021
2.256667	0.200	-0.705135
2.260000	0.200	-0.706359
2.263333	0.200	-0.707485
2.266667	0.200	-0.708623
2.270000	0.200	-0.709660
2.273333	0.200	-0.710666
2.276667	0.200	-0.711796
2.280000	0.200	-0.713161
2.283333	0.200	-0.714629
2.286667	0.200	-0.715725
2.290000	0.200	-0.716214
2.293333	0.200	-0.716521
2.296667	0.200	-0.717157
2.300000	0.200	-0.718329
2.303333	0.200	-0.720153
2.306667	0.200	-0.722647
2.310000	0.200	-0.725804
2.313333	0.200	-0.729718
2.316667	0.200	-0.734194
2.320000	0.200	-0.738635
2.323333	0.200	-0.742557
2.326667	0.200	-0.745837
2.330000	0.200	-0.748509
2.333333	0.200	-0.750567
2.336667	0.200	-0.751897
2.340000	0.200	-0.752178
2.343333	0.200	-0.751031
2.346667	0.200	-0.748500
2.350000	0.200	-0.745095
2.353333	0.200	-0.741236
2.356667	0.200	-0.736759
2.360000	0.200	-0.730951
2.363333	0.200	-0.723359
2.366667	0.200	-0.714381
2.370000	0.200	-0.704859
2.373333	0.200	-0.695557
2.376667	0.200	-0.687105
2.380000	0.200	-0.680116
2.383333	0.200	-0.675116
2.386667	0.200	-0.672397
2.390000	0.200	-0.672313
2.393333	0.200	-0.675445
2.396667	0.200	-0.682071
2.400000	0.200	-0.691703
2.403333	0.200	-0.703244
2.406667	0.200	-0.715557
2.410000	0.200	-0.727852
2.413333	0.200	-0.739543
2.416667	0.200	-0.750181
2.420000	0.200	-0.759711
2.423333	0.200	-0.768375
2.426667	0.200	-0.776401
2.430000	0.200	-0.784008
2.433333	0.200	-0.791393
2.436667	0.200	-0.798410
2.440000	0.200	-0.804388
2.443333	0.200	-0.808654
2.446667	0.200	-0.811272
2.450000	0.200	-0.812775
2.453333	0.200	-0.813445
2.456667	0.200	-0.813460
2.460000	0.200	-0.813116
2.463333	0.200	-0.812338
2.466667	0.200	-0.810508
2.470000	0.200	-0.807072
2.473333	0.200	-0.801843
2.476667	0.200	-0.794612
2.480000	0.200	-0.784965
2.483333	0.200	-0.772544
2.486667	0.200	-0.757266
2.490000	0.200	-0.739454
2.493333	0.200	-0.719956
2.496667	0.200	-0.699883
2.500000	0.200	-0.680075
2.503333	0.200	-0.661144
2.506667	0.200	-0.643905
2.510000	0.200	-0.629256
2.513333	0.200	-0.617823
2.516667	0.200	-0.610093
2.520000	0.200	-0.606728
2.523333	0.200	-0.608329
2.526667	0.200	-0.614880
2.530000	0.200	-0.625489
2.533333	0.200	-0.638558
2.536667	0.200	-0.651827
2.540000	0.200	-0.662328
2.543333	0.200	-0.667194
2.546667	0.200	-0.664876
2.550000	0.200	-0.655385
2.553333	0.200	-0.639759
2.556667	0.200	-0.619456
2.560000	0.200	-0.595599
2.563333	0.200	-0.568685
2.566667	0.200	-0.539129
2.570000	0.200	-0.507662
2.573333	0.200	-0.475445
2.576667	0.200	-0.444500
2.580000	0.200	-0.417718
2.583333	0.200	-0.397626
2.586667	0.200	-0.385356
2.590000	0.200	-0.381351
2.593333	0.200	-0.386377
2.596667	0.200	-0.400964
2.600000	0.200	-0.424073
2.603333	0.200	-0.452714
2.606667	0.200	-0.483072
2.610000	0.200	-0.512369
2.613333	0.200	-0.539967
2.616667	0.200	-0.566647
2.620000	0.200	-0.592779
2.623333	0.200	-0.617355
2.626667	0.200	-0.638742
2.630000	0.200	-0.655977
2.633333	0.200	-0.669483
2.636667	0.200	-0.680743
2.640000	0.200	-0.691093
2.643333	0.200	-0.700921
2.646667	0.200	-0.710034
2.650000	0.200	-0.718197
2.653333	0.200	-0.725096
2.656667	0.200	-0.730336
2.660000	0.200	-0.733931
2.663333	0.200	-0.736656
2.666667	0.200	-0.739310
2.670000	0.200	-0.741908
2.673333	0.200	-0.744167
2.676667	0.200	-0.746284
2.680000	0.200	-0.748789
2.683333	0.200	-0.751664
2.686667	0.200	-0.753966
2.690000	0.200	-0.754725
2.693333	0.200	-0.753936
2.696667	0.200	-0.752476
2.700000	0.200	-0.751338
2.703333	0.200	-0.751072
2.706667	0.200	-0.751645
2.710000	0.200	-0.752573
2.713333	0.200	-0.753389
2.716667	0.200	-0.753969
2.720000	0.200	-0.754278
2.723333	0.200	-0.754126
2.726667	0.200	-0.753555
2.730000	0.200	-0.753295
2.733333	0.200	-0.754320
2.736667	0.200	-0.756987
2.740000	0.200	-0.760772
2.743333	0.200	-0.764790
2.746667	0.200	-0.768684
2.750000	0.200	-0.772706
2.753333	0.200	-0.776627
2.756667	0.200	-0.779077
2.760000	0.200	-0.778632
2.763333	0.200	-0.775412
2.766667	0.200	-0.771087
2.770000	0.200	-0.767294
2.773333	0.200	-0.764572
2.776667	0.200	-0.762662
2.780000	0.200	-0.761222
2.783333	0.200	-0.760206
2.786667	0.200	-0.759805
2.790000	0.200	-0.760143
2.793333	0.200	-0.760926
2.796667	0.200	-0.761578
2.800000	0.200	-0.761928
2.803333	0.200	-0.762387
2.806667	0.200	-0.763415
2.810000	0.200	-0.765157
2.813333	0.200	-0.767544
2.816667	0.200	-0.770285
2.820000	0.200	-0.772874
2.823333	0.200	-0.775135
2.826667	0.200	-0.777578
2.830000	0.200	-0.780695
2.833333	0.200	-0.784094
2.836667	0.200	-0.786799
2.840000	0.200	-0.788281
2.843333	0.200	-0.788561
2.846667	0.200	-0.787605
2.850000	0.200	-0.785615
2.853333	0.200	-0.783552
2.856667	0.200	-0.782506
2.860000	0.200	-0.782672
2.863333	0.200	-0.783132
2.866667	0.200	-0.782786
2.870000	0.200	-0.781428
2.873333	0.200	-0.779481
2.876667	0.200	-0.777179
2.880000	0.200	-0.774507
2.883333	0.200	-0.771432
2.886667	0.200	-0.768068
2.890000	0.200	-0.764804
2.893333	0.200	-0.762153
2.896667	0.200	-0.760402
2.900000	0.200	-0.759554
2.903333	0.200	-0.759600
2.906667	0.200	-0.760393
2.910000	0.200	-0.761215
2.913333	0.200	-0.760963
2.916667	0.200	-0.758949
2.920000	0.200	-0.755485
2.923333	0.200	-0.751621
2.926667	0.200	-0.748321
2.930000	0.200	-0.746063
2.933333	0.200	-0.745076
2.936667	0.200	-0.745354
2.940000	0.200	-0.746135
2.943333	0.200	-0.745519
2.946667	0.200	-0.740823
2.950000	0.200	-0.729649
2.953333	0.200	-0.710417
2.956667	0.200	-0.681678
2.960000	0.200	-0.641806
2.963333	0.200	-0.589744
2.966667	0.200	-0.525512
2.970000	0.200	-0.450598
2.973333	0.200	-0.369155
2.976667	0.200	-0.288807
2.980000	0.200	-0.219204
2.983333	0.200	-0.169137
2.986667	0.200	-0.144540
2.990000	0.200	-0.147692
2.993333	0.200	-0.176840
2.996667	0.200	-0.226851
3.000000	0.200	-0.291135
3.003333	0.200	-0.362964
3.006667	0.200	-0.435401
3.010000	0.200	-0.501619
3.013333	0.200	-0.556548
3.016667	0.200	-0.598553
3.020000	0.200	-0.629215
3.023333	0.200	-0.651141
3.026667	0.200	-0.666454
3.030000	0.200	-0.677070
3.033333	0.200	-0.684933
3.036667	0.200	-0.691585
3.040000	0.200	-0.697923
3.043333	0.200	-0.704049
3.046667	0.200	-0.709276
3.050000	0.200	-0.713001
3.053333	0.200	-0.715677
3.056667	0.200	-0.718479
3.060000	0.200	-0.721793
3.063333	0.200	-0.724461
3.066667	0.200	-0.725101
3.070000	0.200	-0.723952
3.073333	0.200	-0.722939
3.076667	0.200	-0.723854
3.080000	0.200	-0.726771
3.083333	0.200	-0.730449
3.086667	0.200	-0.733801
3.090000	0.200	-0.736454
3.093333	0.200	-0.738265
3.096667	0.200	-0.739068
3.100000	0.200	-0.738957
3.103333	0.200	-0.738328
3.106667	0.200	-0.737466
3.110000	0.200	-0.736297
3.113333	0.200	-0.734679
3.116667	0.200	-0.732573
3.120000	0.200	-0.729795
3.123333	0.200	-0.726073
3.126667	0.200	-0.721393
3.130000	0.200	-0.716286
3.133333	0.200	-0.711758
3.136667	0.200	-0.708497
3.140000	0.200	-0.706240
3.143333	0.200	-0.704326
3.146667	0.200	-0.702436
3.150000	0.200	-0.700724
3.153333	0.200	-0.699708
3.156667	0.200	-0.700014
3.160000	0.200	-0.702197
3.163333	0.200	-0.706407
3.166667	0.200	-0.711844
3.170000	0.200	-0.717054
3.173333	0.200	-0.720888
3.176667	0.200	-0.722955
3.180000	0.200	-0.723525
3.183333	0.200	-0.723015
3.186667	0.200	-0.721537
3.190000	0.200	-0.719219
3.193333	0.200	-0.716630
3.196667	0.200	-0.714440
3.200000	0.200	-0.712834
3.203333	0.200	-0.711677
3.206667	0.200	-0.711160
3.210000	0.200	-0.711648
3.213333	0.200	-0.712967
3.216667	0.200	-0.714512
3.220000	0.200	-0.715770
3.223333	0.200	-0.716513
3.226667	0.200	-0.716896
3.230000	0.200	-0.717103
3.233333	0.200	-0.716926
3.236667	0.200	-0.716216
3.240000	0.200	-0.715277
3.243333	0.200	-0.714470
3.246667	0.200	-0.713888
3.250000	0.200	-0.713420
3.253333	0.200	-0.712756
3.256667	0.200	-0.711407
3.260000	0.200	-0.708898
3.263333	0.200	-0.705161
3.266667	0.200	-0.701177
3.270000	0.200	-0.698602
3.273333	0.200	-0.698281
3.276667	0.200	-0.699700
3.280000	0.200	-0.701723
3.283333	0.200	-0.703375
3.286667	0.200	-0.704251
3.290000	0.200	-0.704461
3.293333	0.200	-0.704234
3.296667	0.200	-0.703645
3.300000	0.200	-0.702678
3.303333	0.200	-0.701536
3.306667	0.200	-0.700786
3.310000	0.200	-0.701153
3.313333	0.200	-0.703147
3.316667	0.200	-0.706603
3.320000	0.200	-0.710602
3.323333	0.200	-0.714027
3.326667	0.200	-0.716108
3.330000	0.200	-0.716665
3.333333	0.200	-0.716182
3.336667	0.200	-0.715616
3.340000	0.200	-0.715775
3.343333	0.200	-0.716674
3.346667	0.200	-0.717645
3.350000	0.200	-0.717280
3.353333	0.200	-0.711449
3.356667	0.200	-0.688761
3.360000	0.200	-0.620638
3.363333	0.200	-0.439834
3.366667	0.200	-0.001412
3.370000	0.200	0.976441
3.373333	0.200	2.983311
3.376667	0.200	6.770536
3.380000	0.200	13.342596
3.383333	0.200	23.843159
3.386667	0.200	39.324381
3.390000	0.200	60.439142
3.393333	0.200	87.141077
3.396667	0.200	118.491386
3.400000	0.200	152.649819
3.403333	0.200	187.077945
3.406667	0.200	218.918465
3.410000	0.200	245.459890
3.413333	0.200	264.572918
3.416667	0.200	275.015216
3.420000	0.200	276.542634
3.423333	0.200	269.824467
3.426667	0.200	256.212330
3.430000	0.200	237.440347
3.433333	0.200	215.333701
3.436667	0.200	191.580129
3.440000	0.200	167.588737
3.443333	0.200	144.432269
3.446667	0.200	122.851436
3.450000	0.200	103.296145
3.453333	0.200	85.983079
3.456667	0.200	70.955032
3.460000	0.200	58.132614
3.463333	0.200	47.355064
3.466667	0.200	38.412029
3.470000	0.200	31.069384
3.473333	0.200	25.090153
3.476667	0.200	20.249502
3.480000	0.200	16.343497
3.483333	0.200	13.193970
3.486667	0.200	10.651400
3.490000	0.200	8.594669
3.493333	0.200	6.927435
3.496667	0.200	5.573544
3.500000	0.200	4.473042
3.503333	0.200	3.578581
3.506667	0.200	2.852263
3.510000	0.200	2.263215
3.513333	0.200	1.785984
3.516667	0.200	1.399639
3.520000	0.200	1.087192
3.523333	0.200	0.834825
3.526667	0.200	0.630976
3.530000	0.200	0.465832
3.533333	0.200	0.331144
3.536667	0.200	0.220228
3.540000	0.200	0.128275
3.543333	0.200	0.051937
3.546667	0.200	-0.011605
3.550000	0.200	-0.064942
3.553333	0.200	-0.110543
3.556667	0.200	-0.150653
3.560000	0.200	-0.186846
3.563333	0.200	-0.220011
3.566667	0.200	-0.250492
3.570000	0.200	-0.277950
3.573333	0.200	-0.301765
3.576667	0.200	-0.322021
3.580000	0.200	-0.339584
3.583333	0.200	-0.355239
3.586667	0.200	-0.369373
3.590000	0.200	-0.382174
3.593333	0.200	-0.393727
3.596667	0.200	-0.404240
3.600000	0.200	-0.414165
3.603333	0.200	-0.423940
3.606667	0.200	-0.433827
3.610000	0.200	-0.443976
3.613333	0.200	-0.454528
3.616667	0.200	-0.465709
3.620000	0.200	-0.477603
3.623333	0.200	-0.489583
3.626667	0.200	-0.500447
3.630000	0.200	-0.509561
3.633333	0.200	-0.517443
3.636667	0.200	-0.524886
3.640000	0.200	-0.532118
3.643333	0.200	-0.539121
3.646667	0.200	-0.546104
3.650000	0.200	-0.553290
3.653333	0.200	-0.560597
3.656667	0.200	-0.567635
3.660000	0.200	-0.573598
3.663333	0.200	-0.577433
3.666667	0.200	-0.578937
3.670000	0.200	-0.579267
3.673333	0.200	-0.579646
3.676667	0.200	-0.580024
3.680000	0.200	-0.579334
3.683333	0.200	-0.576813
3.686667	0.200	-0.572793
3.690000	0.200	-0.568152
3.693333	0.200	-0.563530
3.696667	0.200	-0.559488
3.700000	0.200	-0.556840
3.703333	0.200	-0.556334
3.706667	0.200	-0.558332
3.710000	0.200	-0.562771
3.713333	0.200	-0.568741
3.716667	0.200	-0.574640
3.720000	0.200	-0.579688
3.723333	0.200	-0.584684
3.726667	0.200	-0.590686
3.730000	0.200	-0.597528
3.733333	0.200	-0.603803
3.736667	0.200	-0.608062
3.740000	0.200	-0.609956
3.743333	0.200	-0.610238
3.746667	0.200	-0.609955
3.750000	0.200	-0.609764
3.753333	0.200	-0.610074
3.756667	0.200	-0.611537
3.760000	0.200	-0.614556
3.763333	0.200	-0.618575
3.766667	0.200	-0.622658
3.770000	0.200	-0.626218
3.773333	0.200	-0.629002
3.776667	0.200	-0.631063
3.780000	0.200	-0.632624
3.783333	0.200	-0.633655
3.786667	0.200	-0.634104
3.790000	0.200	-0.634373
3.793333	0.200	-0.634949
3.796667	0.200	-0.636055
3.800000	0.200	-0.637825
3.803333	0.200	-0.640279
3.806667	0.200	-0.643094
3.810000	0.200	-0.645504
3.813333	0.200	-0.646846
3.816667	0.200	-0.647409
3.820000	0.200	-0.647920
3.823333	0.200	-0.648610
3.826667	0.200	-0.649542
3.830000	0.200	-0.650720
3.833333	0.200	-0.651727
3.836667	0.200	-0.652105
3.840000	0.200	-0.651719
3.843333	0.200	-0.650735
3.846667	0.200	-0.649667
3.850000	0.200	-0.649080
3.853333	0.200	-0.648948
3.856667	0.200	-0.648514
3.860000	0.200	-0.647155
3.863333	0.200	-0.645123
3.866667	0.200	-0.643095
3.870000	0.200	-0.641705
3.873333	0.200	-0.641597
3.876667	0.200	-0.643178
3.880000	0.200	-0.646291
3.883333	0.200	-0.650172
3.886667	0.200	-0.653654
3.890000	0.200	-0.655747
3.893333	0.200	-0.656103
3.896667	0.200	-0.654795
3.900000	0.200	-0.652188
3.903333	0.200	-0.649399
3.906667	0.200	-0.647994
3.910000	0.200	-0.648612
3.913333	0.200	-0.650543
3.916667	0.200	-0.652626
3.920000	0.200	-0.653903
3.923333	0.200	-0.653880
3.926667	0.200	-0.653038
3.930000	0.200	-0.652625
3.933333	0.200	-0.653395
3.936667	0.200	-0.655009
3.940000	0.200	-0.656724
3.943333	0.200	-0.658210
3.946667	0.200	-0.659656
3.950000	0.200	-0.661315
3.953333	0.200	-0.663245
3.956667	0.200	-0.665342
3.960000	0.200	-0.667260
3.963333	0.200	-0.668703
3.966667	0.200	-0.669796
3.970000	0.200	-0.670787
3.973333	0.200	-0.671606
3.976667	0.200	-0.671711
3.980000	0.200	-0.670242
3.983333	0.200	-0.666650
3.986667	0.200	-0.661159
3.990000	0.200	-0.654384
3.993333	0.200	-0.646674
3.996667	0.200	-0.637885
4.000000	0.200	-0.627698
4.003333	0.200	-0.616068
4.006667	0.200	-0.603305
4.010000	0.200	-0.589858
4.013333	0.200	-0.576356
4.016667	0.200	-0.563783
4.020000	0.200	-0.553388
4.023333	0.200	-0.546093
4.026667	0.200	-0.542025
4.030000	0.200	-0.541101
4.033333	0.200	-0.543524
4.036667	0.200	-0.549161
4.040000	0.200	-0.557353
4.043333	0.200	-0.567701
4.046667	0.200	-0.580184
4.050000	0.200	-0.594257
4.053333	0.200	-0.608595
4.056667	0.200	-0.621933
4.060000	0.200	-0.633659
4.063333	0.200	-0.643665
4.066667	0.200	-0.652084
4.070000	0.200	-0.659160
4.073333	0.200	-0.665176
4.076667	0.200	-0.670493
4.080000	0.200	-0.675477
4.083333	0.200	-0.680332
4.086667	0.200	-0.685147
4.090000	0.200	-0.689871
4.093333	0.200	-0.694078
4.096667	0.200	-0.697094
4.100000	0.200	-0.698537
4.103333	0.200	-0.698710
4.106667	0.200	-0.698496
4.110000	0.200	-0.698545
4.113333	0.200	-0.698449
4.116667	0.200	-0.697157
4.120000	0.200	-0.694224
4.123333	0.200	-0.690282
4.126667	0.200	-0.686275
4.130000	0.200	-0.682687
4.133333	0.200	-0.679846
4.136667	0.200	-0.678413
4.140000	0.200	-0.678953
4.143333	0.200	-0.681276
4.146667	0.200	-0.684510
4.150000	0.200	-0.687707
4.153333	0.200	-0.690113
4.156667	0.200	-0.691169
4.160000	0.200	-0.690844
4.163333	0.200	-0.689853
4.166667	0.200	-0.689254
4.170000	0.200	-0.689645
4.173333	0.200	-0.690698
4.176667	0.200	-0.691620
4.180000	0.200	-0.691790
4.183333	0.200	-0.691048
4.186667	0.200	-0.689856
4.190000	0.200	-0.688764
4.193333	0.200	-0.687494
4.196667	0.200	-0.685405
4.200000	0.200	-0.682719
4.203333	0.200	-0.680414
4.206667	0.200	-0.679080
4.210000	0.200	-0.678470
4.213333	0.200	-0.678010
4.216667	0.200	-0.677399
4.220000	0.200	-0.676887
4.223333	0.200	-0.677055
4.226667	0.200	-0.678131
4.230000	0.200	-0.679787
4.233333	0.200	-0.681768
4.236667	0.200	-0.684014
4.240000	0.200	-0.686016
4.243333	0.200	-0.686908
4.246667	0.200	-0.686520
4.250000	0.200	-0.685727
4.253333	0.200	-0.685520
4.256667	0.200	-0.686329
4.260000	0.200	-0.688220
4.263333	0.200	-0.691082
4.266667	0.200	-0.694404
4.270000	0.200	-0.697130
4.273333	0.200	-0.698142
4.276667	0.200	-0.697214
4.280000	0.200	-0.695410
4.283333	0.200	-0.694080
4.286667	0.200	-0.693588
4.290000	0.200	-0.693522
4.293333	0.200	-0.693491
4.296667	0.200	-0.693271
4.300000	0.200	-0.692979
4.303333	0.200	-0.693185
4.306667	0.200	-0.694365
4.310000	0.200	-0.696494
4.313333	0.200	-0.699048
4.316667	0.200	-0.701032
4.320000	0.200	-0.701480
4.323333	0.200	-0.700364
4.326667	0.200	-0.698662
4.330000	0.200	-0.697365
4.333333	0.200	-0.696597
4.336667	0.200	-0.695925
4.340000	0.200	-0.695206
4.343333	0.200	-0.694673
4.346667	0.200	-0.694309
4.350000	0.200	-0.693515
4.353333	0.200	-0.691840
4.356667	0.200	-0.689809
4.360000	0.200	-0.688200
4.363333	0.200	-0.687195
4.366667	0.200	-0.686635
4.370000	0.200	-0.686199
4.373333	0.200	-0.685480
4.376667	0.200	-0.684391
4.380000	0.200	-0.683299
4.383333	0.200	-0.682595
4.386667	0.200	-0.682169
4.390000	0.200	-0.681566
4.393333	0.200	-0.680529
4.396667	0.200	-0.679056
4.400000	0.200	-0.677222
4.403333	0.200	-0.675314
4.406667	0.200	-0.673898
4.410000	0.200	-0.673503
4.413333	0.200	-0.674310
4.416667	0.200	-0.676089
4.420000	0.200	-0.678243
4.423333	0.200	-0.680007
4.426667	0.200	-0.680935
4.430000	0.200	-0.681216
4.433333	0.200	-0.681262
4.436667	0.200	-0.681228
4.440000	0.200	-0.680968
4.443333	0.200	-0.680042
4.446667	0.200	-0.678008
4.450000	0.200	-0.674904
4.453333	0.200	-0.671190
4.456667	0.200	-0.667507
4.460000	0.200	-0.664647
4.463333	0.200	-0.663188
4.466667	0.200	-0.663122
4.470000	0.200	-0.663950
4.473333	0.200	-0.664920
4.476667	0.200	-0.665121
4.480000	0.200	-0.663757
4.483333	0.200	-0.660839
4.486667	0.200	-0.657452
4.490000	0.200	-0.654870
4.493333	0.200	-0.653664
4.496667	0.200	-0.653848
4.500000	0.200	-0.655165
4.503333	0.200	-0.657072
4.506667	0.200	-0.659013
4.510000	0.200	-0.660669
4.513333	0.200	-0.661603
4.516667	0.200	-0.661070
4.520000	0.200	-0.658835
4.523333	0.200	-0.655925
4.526667	0.200	-0.653870
4.530000	0.200	-0.653340
4.533333	0.200	-0.653922
4.536667	0.200	-0.654872
4.540000	0.200	-0.655742
4.543333	0.200	-0.656416
4.546667	0.200	-0.656841
4.550000	0.200	-0.656948
4.553333	0.200	-0.656722
4.556667	0.200	-0.656177
4.560000	0.200	-0.655234
4.563333	0.200	-0.653610
4.566667	0.200	-0.651092
4.570000	0.200	-0.647932
4.573333	0.200	-0.644621
4.576667	0.200	-0.641696
4.580000	0.200	-0.639669
4.583333	0.200	-0.638471
4.586667	0.200	-0.637409
4.590000	0.200	-0.635942
4.593333	0.200	-0.634109
4.596667	0.200	-0.632254
4.600000	0.200	-0.630401
4.603333	0.200	-0.628049
4.606667	0.200	-0.624747
4.610000	0.200	-0.620577
4.613333	0.200	-0.616053
4.616667	0.200	-0.611869
4.620000	0.200	-0.608741
4.623333	0.200	-0.606980
4.626667	0.200	-0.606132
4.630000	0.200	-0.605454
4.633333	0.200	-0.604697
4.636667	0.200	-0.604268
4.640000	0.200	-0.604704
4.643333	0.200	-0.605958
4.646667	0.200	-0.607440
4.650000	0.200	-0.608617
4.653333	0.200	-0.609149
4.656667	0.200	-0.608862
4.660000	0.200	-0.607828
4.663333	0.200	-0.606121
4.666667	0.200	-0.603770
4.670000	0.200	-0.601059
4.673333	0.200	-0.598482
4.676667	0.200	-0.596632
4.680000	0.200	-0.596081
4.683333	0.200	-0.596902
4.686667	0.200	-0.598498
4.690000	0.200	-0.599920
4.693333	0.200	-0.600354
4.696667	0.200	-0.599470
4.700000	0.200	-0.597614
4.703333	0.200	-0.595927
4.706667	0.200	-0.595733
4.710000	0.200	-0.597402
4.713333	0.200	-0.600031
4.716667	0.200	-0.602198
4.720000	0.200	-0.602945
4.723333	0.200	-0.602170
4.726667	0.200	-0.600285
4.730000	0.200	-0.597663
4.733333	0.200	-0.594321
4.736667	0.200	-0.590188
4.740000	0.200	-0.585766
4.743333	0.200	-0.582070
4.746667	0.200	-0.579464
4.750000	0.200	-0.576977
4.753333	0.200	-0.573384
4.756667	0.200	-0.568730
4.760000	0.200	-0.564312
4.763333	0.200	-0.561329
4.766667	0.200	-0.559879
4.770000	0.200	-0.559120
4.773333	0.200	-0.558175
4.776667	0.200	-0.556873
4.780000	0.200	-0.555591
4.783333	0.200	-0.554716
4.786667	0.200	-0.554243
4.790000	0.200	-0.553725
4.793333	0.200	-0.552807
4.796667	0.200	-0.551312
4.800000	0.200	-0.548746
4.803333	0.200	-0.544797
4.806667	0.200	-0.540121
4.810000	0.200	-0.535661
4.813333	0.200	-0.531436
4.816667	0.200	-0.526504
4.820000	0.200	-0.519903
4.823333	0.200	-0.511155
4.826667	0.200	-0.500175
4.830000	0.200	-0.487458
4.833333	0.200	-0.473983
4.836667	0.200	-0.460339
4.840000	0.200	-0.446825
4.843333	0.200	-0.434428
4.846667	0.200	-0.424360
4.850000	0.200	-0.416994
4.853333	0.200	-0.412215
4.856667	0.200	-0.410010
4.860000	0.200	-0.410087
4.863333	0.200	-0.411665
4.866667	0.200	-0.414206
4.870000	0.200	-0.417705
4.873333	0.200	-0.422078
4.876667	0.200	-0.427019
4.880000	0.200	-0.432389
4.883333	0.200	-0.438107
4.886667	0.200	-0.443944
4.890000	0.200	-0.449747
4.893333	0.200	-0.455486
4.896667	0.200	-0.460750
4.900000	0.200	-0.464534
4.903333	0.200	-0.466028
4.906667	0.200	-0.465546
4.910000	0.200	-0.464222
4.913333	0.200	-0.462774
4.916667	0.200	-0.461131
4.920000	0.200	-0.459324
4.923333	0.200	-0.457872
4.926667	0.200	-0.457238
4.930000	0.200	-0.457604
4.933333	0.200	-0.459089
4.936667	0.200	-0.461734
4.940000	0.200	-0.465323
4.943333	0.200	-0.469367
4.946667	0.200	-0.473127
4.950000	0.200	-0.475819
4.953333	0.200	-0.477161
4.956667	0.200	-0.477294
4.960000	0.200	-0.475681
4.963333	0.200	-0.470750
4.966667	0.200	-0.461150
4.970000	0.200	-0.446946
4.973333	0.200	-0.429445
4.976667	0.200	-0.410445
4.980000	0.200	-0.391744
4.983333	0.200	-0.374784
4.986667	0.200	-0.360291
4.990000	0.200	-0.347438
4.993333	0.200	-0.331769
4.996667	0.200	-0.302416
5.000000	0.200	-0.238971
5.003333	0.200	-0.105967
5.006667	0.200	0.156703
5.010000	0.200	0.646500
5.013333	0.200	1.512952
5.016667	0.200	2.972910
5.020000	0.200	5.322181
5.023333	0.200	8.937682
5.026667	0.200	14.264811
5.030000	0.200	21.785364
5.033333	0.200	31.962797
5.036667	0.200	45.166194
5.040000	0.200	61.580628
5.043333	0.200	81.117729
5.046667	0.200	103.346124
5.050000	0.200	127.462876
5.053333	0.200	152.319925
5.056667	0.200	176.509525
5.060000	0.200	198.501954
5.063333	0.200	216.816229
5.066667	0.200	230.196255
5.070000	0.200	237.763845
5.073333	0.200	239.122040
5.076667	0.200	234.389419
5.080000	0.200	224.161151
5.083333	0.200	209.408844
5.086667	0.200	191.341639
5.090000	0.200	171.253990
5.093333	0.200	150.384226
5.096667	0.200	129.803756
5.100000	0.200	110.347735
5.103333	0.200	92.588358
5.106667	0.200	76.845743
5.110000	0.200	63.225757
5.113333	0.200	51.671908
5.116667	0.200	42.020428
5.120000	0.200	34.049994
5.123333	0.200	27.520421
5.126667	0.200	22.198716
5.130000	0.200	17.874170
5.133333	0.200	14.365392
5.136667	0.200	11.521328
5.140000	0.200	9.218543
5.143333	0.200	7.357242
5.146667	0.200	5.856692
5.150000	0.200	4.650558
5.153333	0.200	3.683853
5.156667	0.200	2.911409
5.160000	0.200	2.296392
5.163333	0.200	1.808602
5.166667	0.200	1.422948
5.170000	0.200	1.118343
5.173333	0.200	0.877342
5.176667	0.200	0.686203
5.180000	0.200	0.534442
5.183333	0.200	0.413808
5.186667	0.200	0.317460
5.190000	0.200	0.239775
5.193333	0.200	0.176697
5.196667	0.200	0.126266
5.200000	0.200	0.088315
5.203333	0.200	0.063055
5.206667	0.200	0.050087
5.210000	0.200	0.048721
5.213333	0.200	0.058085
5.216667	0.200	0.076053
5.220000	0.200	0.098322
5.223333	0.200	0.118788
5.226667	0.200	0.131050
5.230000	0.200	0.130151
5.233333	0.200	0.113858
5.236667	0.200	0.083402
5.240000	0.200	0.043190
5.243333	0.200	-0.000695
5.246667	0.200	-0.042465
5.250000	0.200	-0.078299
5.253333	0.200	-0.106899
5.256667	0.200	-0.128817
5.260000	0.200	-0.145474
5.263333	0.200	-0.158121
5.266667	0.200	-0.167171
5.270000	0.200	-0.172852
5.273333	0.200	-0.176334
5.276667	0.200	-0.179453
5.280000	0.200	-0.183253
5.283333	0.200	-0.187597
5.286667	0.200	-0.192204
5.290000	0.200	-0.196927
5.293333	0.200	-0.201135
5.296667	0.200	-0.203946
5.300000	0.200	-0.205294
5.303333	0.200	-0.206237
5.306667	0.200	-0.208010
5.310000	0.200	-0.211224
5.313333	0.200	-0.215986
5.316667	0.200	-0.222188
5.320000	0.200	-0.229570
5.323333	0.200	-0.237792
5.326667	0.200	-0.246413
5.330000	0.200	-0.254764
5.333333	0.200	-0.262041
5.336667	0.200	-0.267707
5.340000	0.200	-0.271767
5.343333	0.200	-0.274464
5.346667	0.200	-0.276040
5.350000	0.200	-0.276842
5.353333	0.200	-0.277096
5.356667	0.200	-0.276646
5.360000	0.200	-0.275236
5.363333	0.200	-0.272731
5.366667	0.200	-0.269059
5.370000	0.200	-0.264341
5.373333	0.200	-0.259031
5.376667	0.200	-0.253876
5.380000	0.200	-0.249662
5.383333	0.200	-0.246786
5.386667	0.200	-0.245162
5.390000	0.200	-0.244423
5.393333	0.200	-0.244021
5.396667	0.200	-0.243266
5.400000	0.200	-0.241542
5.403333	0.200	-0.238843
5.406667	0.200	-0.236090
5.410000	0.200	-0.234628
5.413333	0.200	-0.235356
5.416667	0.200	-0.238282
5.420000	0.200	-0.242742
5.423333	0.200	-0.247831
5.426667	0.200	-0.252420
5.430000	0.200	-0.255456
5.433333	0.200	-0.256907
5.436667	0.200	-0.257985
5.440000	0.200	-0.259982
5.443333	0.200	-0.263163
5.446667	0.200	-0.266836
5.450000	0.200	-0.270136
5.453333	0.200	-0.272549
5.456667	0.200	-0.273923
5.460000	0.200	-0.274354
5.463333	0.200	-0.274159
5.466667	0.200	-0.273844
5.470000	0.200	-0.274012
5.473333	0.200	-0.274950
5.476667	0.200	-0.276256
5.480000	0.200	-0.277477
5.483333	0.200	-0.278787
5.486667	0.200	-0.280387
5.490000	0.200	-0.281883
5.493333	0.200	-0.282776
5.496667	0.200	-0.283146
5.500000	0.200	-0.283601
5.503333	0.200	-0.284580
5.506667	0.200	-0.285774
5.510000	0.200	-0.286456
5.513333	0.200	-0.286341
5.516667	0.200	-0.285625
5.520000	0.200	-0.284084
5.523333	0.200	-0.280718
5.526667	0.200	-0.274396
5.530000	0.200	-0.264559
5.533333	0.200	-0.251423
5.536667	0.200	-0.235810
5.540000	0.200	-0.219039
5.543333	0.200	-0.203028
5.546667	0.200	-0.190061
5.550000	0.200	-0.182098
5.553333	0.200	-0.179908
5.556667	0.200	-0.182409
5.560000	0.200	-0.187266
5.563333	0.200	-0.192430
5.566667	0.200	-0.196794
5.570000	0.200	-0.200013
5.573333	0.200	-0.202544
5.576667	0.200	-0.205365
5.580000	0.200	-0.209303
5.583333	0.200	-0.214653
5.586667	0.200	-0.220921
5.590000	0.200	-0.226898
5.593333	0.200	-0.231432
5.596667	0.200	-0.234230
5.600000	0.200	-0.236007
5.603333	0.200	-0.237895
5.606667	0.200	-0.240500
5.610000	0.200	-0.243560
5.613333	0.200	-0.246358
5.616667	0.200	-0.248238
5.620000	0.200	-0.248965
5.623333	0.200	-0.248587
5.626667	0.200	-0.247183
5.630000	0.200	-0.245216
5.633333	0.200	-0.243604
5.636667	0.200	-0.243118
5.640000	0.200	-0.244084
5.643333	0.200	-0.246228
5.646667	0.200	-0.248577
5.650000	0.200	-0.250103
5.653333	0.200	-0.250619
5.656667	0.200	-0.251059
5.660000	0.200	-0.252924
5.663333	0.200	-0.257213
5.666667	0.200	-0.263701
5.670000	0.200	-0.271199
5.673333	0.200	-0.278319
5.676667	0.200	-0.284144
5.680000	0.200	-0.288383
5.683333	0.200	-0.291143
5.686667	0.200	-0.292986
5.690000	0.200	-0.294928
5.693333	0.200	-0.297586
5.696667	0.200	-0.300385
5.700000	0.200	-0.302184
5.703333	0.200	-0.302337
5.706667	0.200	-0.300789
5.710000	0.200	-0.297859
5.713333	0.200	-0.294317
5.716667	0.200	-0.291229
5.720000	0.200	-0.289612
5.723333	0.200	-0.289933
5.726667	0.200	-0.291666
5.730000	0.200	-0.293659
5.733333	0.200	-0.295046
5.736667	0.200	-0.295478
5.740000	0.200	-0.294504
5.743333	0.200	-0.291526
5.746667	0.200	-0.286727
5.750000	0.200	-0.281350
5.753333	0.200	-0.276664
5.756667	0.200	-0.272995
5.760000	0.200	-0.269934
5.763333	0.200	-0.267099
5.766667	0.200	-0.264510
5.770000	0.200	-0.262504
5.773333	0.200	-0.261207
5.776667	0.200	-0.259996
5.780000	0.200	-0.257944
5.783333	0.200	-0.254684
5.786667	0.200	-0.250486
5.790000	0.200	-0.245778
5.793333	0.200	-0.240680
5.796667	0.200	-0.234731
5.800000	0.200	-0.227174
5.803333	0.200	-0.217726
5.806667	0.200	-0.206944
5.810000	0.200	-0.195699
5.813333	0.200	-0.184587
5.816667	0.200	-0.173959
5.820000	0.200	-0.164279
5.823333	0.200	-0.156349
5.826667	0.200	-0.151091
5.830000	0.200	-0.149086
5.833333	0.200	-0.150301
5.836667	0.200	-0.154123
5.840000	0.200	-0.159768
5.843333	0.200	-0.166841
5.846667	0.200	-0.175424
5.850000	0.200	-0.185365
5.853333	0.200	-0.195559
5.856667	0.200	-0.204711
5.860000	0.200	-0.212595
5.863333	0.200	-0.219617
5.866667	0.200	-0.225640
5.870000	0.200	-0.230260
5.873333	0.200	-0.233750
5.876667	0.200	-0.236894
5.880000	0.200	-0.240157
5.883333	0.200	-0.243445
5.886667	0.200	-0.246295
5.890000	0.200	-0.248121
5.893333	0.200	-0.248767
5.896667	0.200	-0.248785
5.900000	0.200	-0.248803
5.903333	0.200	-0.248700
5.906667	0.200	-0.247706
5.910000	0.200	-0.245185
5.913333	0.200	-0.241019
5.916667	0.200	-0.235503
5.920000	0.200	-0.229267
5.923333	0.200	-0.223144
5.926667	0.200	-0.217914
5.930000	0.200	-0.214092
5.933333	0.200	-0.212098
5.936667	0.200	-0.212424
5.940000	0.200	-0.215162
5.943333	0.200	-0.219653
5.946667	0.200	-0.224853
5.950000	0.200	-0.229700
5.953333	0.200	-0.233369
5.956667	0.200	-0.235761
5.960000	0.200	-0.237364
5.963333	0.200	-0.238492
5.966667	0.200	-0.238964
5.970000	0.200	-0.238090
5.973333	0.200	-0.234564
5.976667	0.200	-0.227011
5.980000	0.200	-0.215456
5.983333	0.200	-0.201969
5.986667	0.200	-0.189508
5.990000	0.200	-0.180719
5.993333	0.200	-0.177486
5.996667	0.200	-0.180260
6.000000	0.200	-0.187637
6.003333	0.200	-0.197115
6.006667	0.200	-0.206500
6.010000	0.200	-0.214703
6.013333	0.200	-0.221455
6.016667	0.200	-0.226617
6.020000	0.200	-0.229941
6.023333	0.200	-0.231390
6.026667	0.200	-0.231505
6.030000	0.200	-0.231275
6.033333	0.200	-0.231611
6.036667	0.200	-0.232959
6.040000	0.200	-0.235318
6.043333	0.200	-0.238694
6.046667	0.200	-0.243180
6.050000	0.200	-0.248453
6.053333	0.200	-0.253592
6.056667	0.200	-0.257409
6.060000	0.200	-0.259005
6.063333	0.200	-0.258343
6.066667	0.200	-0.256246
6.070000	0.200	-0.253883
6.073333	0.200	-0.252235
6.076667	0.200	-0.251532
6.080000	0.200	-0.251259
6.083333	0.200	-0.250987
6.086667	0.200	-0.250776
6.090000	0.200	-0.250684
6.093333	0.200	-0.250476
6.096667	0.200	-0.250016
6.100000	0.200	-0.249495
6.103333	0.200	-0.249057
6.106667	0.200	-0.248490
6.110000	0.200	-0.247440
6.113333	0.200	-0.245633
6.116667	0.200	-0.242774
6.120000	0.200	-0.238481
6.123333	0.200	-0.232578
6.126667	0.200	-0.225682
6.130000	0.200	-0.219254
6.133333	0.200	-0.214609
6.136667	0.200	-0.212174
6.140000	0.200	-0.211829
6.143333	0.200	-0.213288
6.146667	0.200	-0.216191
6.150000	0.200	-0.220122
6.153333	0.200	-0.224385
6.156667	0.200	-0.227919
6.160000	0.200	-0.229928
6.163333	0.200	-0.230668
6.166667	0.200	-0.231221
6.170000	0.200	-0.232349
6.173333	0.200	-0.233792
6.176667	0.200	-0.234734
6.180000	0.200	-0.234763
6.183333	0.200	-0.234276
6.186667	0.200	-0.234135
6.190000	0.200	-0.234827
6.193333	0.200	-0.235958
6.196667	0.200	-0.237059
6.200000	0.200	-0.238505
6.203333	0.200	-0.240841
6.206667	0.200	-0.243892
6.210000	0.200	-0.247066
6.213333	0.200	-0.249851
6.216667	0.200	-0.251912
6.220000	0.200	-0.253174
6.223333	0.200	-0.253904
6.226667	0.200	-0.254437
6.230000	0.200	-0.254778
6.233333	0.200	-0.254730
6.236667	0.200	-0.254275
6.240000	0.200	-0.253562
6.243333	0.200	-0.252819
6.246667	0.200	-0.252431
6.250000	0.200	-0.252710
6.253333	0.200	-0.253395
6.256667	0.200	-0.253641
6.260000	0.200	-0.252615
6.263333	0.200	-0.249852
6.266667	0.200	-0.245029
6.270000	0.200	-0.237891
6.273333	0.200	-0.228384
6.276667	0.200	-0.216459
6.280000	0.200	-0.201944
6.283333	0.200	-0.184945
6.286667	0.200	-0.166124
6.290000	0.200	-0.146338
6.293333	0.200	-0.126350
6.296667	0.200	-0.107241
6.300000	0.200	-0.090935
6.303333	0.200	-0.079991
6.306667	0.200	-0.076629
6.310000	0.200	-0.081690
6.313333	0.200	-0.094117
6.316667	0.200	-0.111344
6.320000	0.200	-0.130467
6.323333	0.200	-0.149258
6.326667	0.200	-0.166317
6.330000	0.200	-0.180815
6.333333	0.200	-0.192429
6.336667	0.200	-0.201187
6.340000	0.200	-0.207161
6.343333	0.200	-0.210399
6.346667	0.200	-0.210925
6.350000	0.200	-0.208854
6.353333	0.200	-0.204673
6.356667	0.200	-0.199145
6.360000	0.200	-0.193144
6.363333	0.200	-0.187878
6.366667	0.200	-0.184771
6.370000	0.200	-0.184688
6.373333	0.200	-0.187535
6.376667	0.200	-0.192699
6.380000	0.200	-0.199199
6.383333	0.200	-0.205421
6.386667	0.200	-0.209737
6.390000	0.200	-0.211491
6.393333	0.200	-0.210901
6.396667	0.200	-0.208740
6.400000	0.200	-0.206585
6.403333	0.200	-0.206260
6.406667	0.200	-0.208373
6.410000	0.200	-0.212062
6.413333	0.200	-0.216085
6.416667	0.200	-0.219439
6.420000	0.200	-0.221444
6.423333	0.200	-0.222119
6.426667	0.200	-0.222207
6.430000	0.200	-0.222392
6.433333	0.200	-0.222788
6.436667	0.200	-0.223225
6.440000	0.200	-0.223551
6.443333	0.200	-0.223803
6.446667	0.200	-0.224248
6.450000	0.200	-0.225082
6.453333	0.200	-0.226093
6.456667	0.200	-0.226608
6.460000	0.200	-0.225794
6.463333	0.200	-0.223299
6.466667	0.200	-0.219724
6.470000	0.200	-0.216077
6.473333	0.200	-0.212753
6.476667	0.200	-0.209615
6.480000	0.200	-0.206751
6.483333	0.200	-0.204653
6.486667	0.200	-0.203937
6.490000	0.200	-0.204958
6.493333	0.200	-0.207559
6.496667	0.200	-0.210996
6.500000	0.200	-0.214069
6.503333	0.200	-0.215735
6.506667	0.200	-0.215696
6.510000	0.200	-0.214449
6.513333	0.200	-0.213011
6.516667	0.200	-0.212346
6.520000	0.200	-0.212878
6.523333	0.200	-0.214359
6.526667	0.200	-0.215831
6.530000	0.200	-0.216070
6.533333	0.200	-0.214621
6.536667	0.200	-0.212305
6.540000	0.200	-0.210366
6.543333	0.200	-0.209271
6.546667	0.200	-0.208660
6.550000	0.200	-0.208101
6.553333	0.200	-0.207377
6.556667	0.200	-0.206371
6.560000	0.200	-0.205361
6.563333	0.200	-0.205171
6.566667	0.200	-0.206368
6.570000	0.200	-0.208468
6.573333	0.200	-0.210326
6.576667	0.200	-0.211019
6.580000	0.200	-0.210084
6.583333	0.200	-0.207483
6.586667	0.200	-0.204064
6.590000	0.200	-0.201513
6.593333	0.200	-0.201072
6.596667	0.200	-0.202572
6.600000	0.200	-0.204823
6.603333	0.200	-0.206474
6.606667	0.200	-0.206676
6.610000	0.200	-0.205460
6.613333	0.200	-0.203478
6.616667	0.200	-0.201323
6.620000	0.200	-0.199234
6.623333	0.200	-0.197320
6.626667	0.200	-0.195950
6.630000	0.200	-0.195642
6.633333	0.200	-0.196454
6.636667	0.200	-0.197914
6.640000	0.200	-0.199122
6.643333	0.200	-0.198657
6.646667	0.200	-0.195639
6.650000	0.200	-0.190865
6.653333	0.200	-0.185873
6.656667	0.200	-0.181632
6.660000	0.200	-0.178528
6.663333	0.200	-0.176578
6.666667	0.200	-0.175434
6.670000	0.200	-0.174724
6.673333	0.200	-0.174459
6.676667	0.200	-0.174900
6.680000	0.200	-0.176105
6.683333	0.200	-0.177865
6.686667	0.200	-0.179848
6.690000	0.200	-0.181533
6.693333	0.200	-0.182599
6.696667	0.200	-0.183469
6.700000	0.200	-0.184693
6.703333	0.200	-0.186209
6.706667	0.200	-0.187817
6.710000	0.200	-0.189618
6.713333	0.200	-0.191802
6.716667	0.200	-0.194336
6.720000	0.200	-0.196819
6.723333	0.200	-0.198829
6.726667	0.200	-0.200288
6.730000	0.200	-0.201107
6.733333	0.200	-0.200790
6.736667	0.200	-0.198971
6.740000	0.200	-0.196199
6.743333	0.200	-0.193531
6.746667	0.200	-0.191528
6.750000	0.200	-0.190235
6.753333	0.200	-0.189745
6.756667	0.200	-0.190160
6.760000	0.200	-0.191325
6.763333	0.200	-0.193116
6.766667	0.200	-0.195515
6.770000	0.200	-0.197895
6.773333	0.200	-0.199020
6.776667	0.200	-0.198310
6.780000	0.200	-0.196527
6.783333	0.200	-0.194924
6.786667	0.200	-0.194186
6.790000	0.200	-0.194318
6.793333	0.200	-0.194930
6.796667	0.200	-0.195398
6.800000	0.200	-0.194986
6.803333	0.200	-0.192950
6.806667	0.200	-0.188553
6.810000	0.200	-0.181417
6.813333	0.200	-0.172072
6.816667	0.200	-0.161582
6.820000	0.200	-0.150618
6.823333	0.200	-0.139346
6.826667	0.200	-0.127863
6.830000	0.200	-0.116534
6.833333	0.200	-0.105920
6.836667	0.200	-0.096308
6.840000	0.200	-0.087571
6.843333	0.200	-0.079655
6.846667	0.200	-0.073068
6.850000	0.200	-0.068800
6.853333	0.200	-0.067771
6.856667	0.200	-0.070440
6.860000	0.200	-0.076611
6.863333	0.200	-0.085360
6.866667	0.200	-0.095392
6.870000	0.200	-0.105246
6.873333	0.200	-0.112599
6.876667	0.200	-0.113251
6.880000	0.200	-0.100302
6.883333	0.200	-0.062468
6.886667	0.200	0.019415
6.890000	0.200	0.177294
6.893333	0.200	0.462389
6.896667	0.200	0.953833
6.900000	0.200	1.767914
6.903333	0.200	3.066049
6.906667	0.200	5.060884
6.910000	0.200	8.018578
6.913333	0.200	12.253063
6.916667	0.200	18.108681
6.920000	0.200	25.929540
6.923333	0.200	36.015799
6.926667	0.200	48.570122
6.930000	0.200	63.641099
6.933333	0.200	81.072773
6.936667	0.200	100.470367
6.940000	0.200	121.190285
6.943333	0.200	142.360875
6.946667	0.200	162.939147
6.950000	0.200	181.799770
6.953333	0.200	197.842826
6.956667	0.200	210.105572
6.960000	0.200	217.863618
6.963333	0.200	220.706210
6.966667	0.200	218.574424
6.970000	0.200	211.757522
6.973333	0.200	200.849020
6.976667	0.200	186.670587
6.980000	0.200	170.175925
6.983333	0.200	152.349468
6.986667	0.200	134.115374
6.990000	0.200	116.268018
6.993333	0.200	99.429186
6.996667	0.200	84.031453
7.000000	0.200	70.323918
7.003333	0.200	58.395804
7.006667	0.200	48.211216
7.010000	0.200	39.646876
7.013333	0.200	32.527529
7.016667	0.200	26.656378
7.020000	0.200	21.838189
7.023333	0.200	17.893805
7.026667	0.200	14.666766
7.030000	0.200	12.024492
7.033333	0.200	9.857419
7.036667	0.200	8.077627
7.040000	0.200	6.615585
7.043333	0.200	5.415186
7.046667	0.200	4.430064
7.050000	0.200	3.622354
7.053333	0.200	2.961796
7.056667	0.200	2.423575
7.060000	0.200	1.986106
7.063333	0.200	1.630456
7.066667	0.200	1.340971
7.070000	0.200	1.105341
7.073333	0.200	0.913663
7.076667	0.200	0.757753
7.080000	0.200	0.631316
7.083333	0.200	0.529578
7.086667	0.200	0.448023
7.090000	0.200	0.381996
7.093333	0.200	0.327395
7.096667	0.200	0.281180
7.100000	0.200	0.241498
7.103333	0.200	0.207468
7.106667	0.200	0.178324
7.110000	0.200	0.153011
7.113333	0.200	0.130908
7.116667	0.200	0.112117
7.120000	0.200	0.096802
7.123333	0.200	0.084702
7.126667	0.200	0.075154
7.130000	0.200	0.067563
7.133333	0.200	0.061642
7.136667	0.200	0.056851
7.140000	0.200	0.052140
7.143333	0.200	0.046785
7.146667	0.200	0.040913
7.150000	0.200	0.034945
7.153333	0.200	0.028931
7.156667	0.200	0.022670
7.160000	0.200	0.016122
7.163333	0.200	0.009215
7.166667	0.200	0.001651
7.170000	0.200	-0.006350
7.173333	0.200	-0.013848
7.176667	0.200	-0.020147
7.180000	0.200	-0.025421
7.183333	0.200	-0.030460
7.186667	0.200	-0.035950
7.190000	0.200	-0.041910
7.193333	0.200	-0.047818
7.196667	0.200	-0.053085
7.200000	0.200	-0.057390
7.203333	0.200	-0.060788
7.206667	0.200	-0.063647
7.210000	0.200	-0.066708
7.213333	0.200	-0.071029
7.216667	0.200	-0.077082
7.220000	0.200	-0.084107
7.223333	0.200	-0.090865
7.226667	0.200	-0.096648
7.230000	0.200	-0.101511
7.233333	0.200	-0.105813
7.236667	0.200	-0.109615
7.240000	0.200	-0.112720
7.243333	0.200	-0.115172
7.246667	0.200	-0.117299
7.250000	0.200	-0.119383
7.253333	0.200	-0.121711
7.256667	0.200	-0.124790
7.260000	0.200	-0.128986
7.263333	0.200	-0.134153
7.266667	0.200	-0.139758
7.270000	0.200	-0.144888
7.273333	0.200	-0.148388
7.276667	0.200	-0.149395
7.280000	0.200	-0.147853
7.283333	0.200	-0.144819
7.286667	0.200	-0.142051
7.290000	0.200	-0.140886
7.293333	0.200	-0.141709
7.296667	0.200	-0.144169
7.300000	0.200	-0.147193
7.303333	0.200	-0.149285
7.306667	0.200	-0.149581
7.310000	0.200	-0.148310
7.313333	0.200	-0.146119
7.316667	0.200	-0.143634
7.320000	0.200	-0.141610
7.323333	0.200	-0.140695
7.326667	0.200	-0.141100
7.330000	0.200	-0.142820
7.333333	0.200	-0.145760
7.336667	0.200	-0.149476
7.340000	0.200	-0.153364
7.343333	0.200	-0.157077
7.346667	0.200	-0.160342
7.350000	0.200	-0.162901
7.353333	0.200	-0.164717
7.356667	0.200	-0.165706
7.360000	0.200	-0.165802
7.363333	0.200	-0.165732
7.366667	0.200	-0.166734
7.370000	0.200	-0.169183
7.373333	0.200	-0.172386
7.376667	0.200	-0.175613
7.380000	0.200	-0.178716
7.383333	0.200	-0.181859
7.386667	0.200	-0.185060
7.390000	0.200	-0.188065
7.393333	0.200	-0.190365
7.396667	0.200	-0.191373
7.400000	0.200	-0.190943
7.403333	0.200	-0.189595
7.406667	0.200	-0.188125
7.410000	0.200	-0.187073
7.413333	0.200	-0.186243
7.416667	0.200	-0.184803
7.420000	0.200	-0.182274
7.423333	0.200	-0.179268
7.426667	0.200	-0.177067
7.430000	0.200	-0.176572
7.433333	0.200	-0.177595
7.436667	0.200	-0.178841
7.440000	0.200	-0.178755
7.443333	0.200	-0.177092
7.446667	0.200	-0.175477
7.450000	0.200	-0.176021
7.453333	0.200	-0.179493
7.456667	0.200	-0.184772
7.460000	0.200	-0.189920
7.463333	0.200	-0.193572
7.466667	0.200	-0.195327
7.470000	0.200	-0.195533
7.473333	0.200	-0.195005
7.476667	0.200	-0.194288
7.480000	0.200	-0.193311
7.483333	0.200	-0.192464
7.486667	0.200	-0.193175
7.490000	0.200	-0.196330
7.493333	0.200	-0.200939
7.496667	0.200	-0.205185
7.500000	0.200	-0.208143
7.503333	0.200	-0.209828
7.506667	0.200	-0.210291
7.510000	0.200	-0.209503
7.513333	0.200	-0.207652
7.516667	0.200	-0.204945
7.520000	0.200	-0.201434
7.523333	0.200	-0.197409
7.526667	0.200	-0.193836
7.530000	0.200	-0.191996
7.533333	0.200	-0.192442
7.536667	0.200	-0.194297
7.540000	0.200	-0.195876
7.543333	0.200	-0.196312
7.546667	0.200	-0.196279
7.550000	0.200	-0.197029
7.553333	0.200	-0.199225
7.556667	0.200	-0.202651
7.560000	0.200	-0.206458
7.563333	0.200	-0.209767
7.566667	0.200	-0.212420
7.570000	0.200	-0.214876
7.573333	0.200	-0.217150
7.576667	0.200	-0.218493
7.580000	0.200	-0.218546
7.583333	0.200	-0.218148
7.586667	0.200	-0.218332
7.590000	0.200	-0.219207
7.593333	0.200	-0.220324
7.596667	0.200	-0.221327
7.600000	0.200	-0.222017
7.603333	0.200	-0.222242
7.606667	0.200	-0.221858
7.610000	0.200	-0.221017
7.613333	0.200	-0.220385
7.616667	0.200	-0.220788
7.620000	0.200	-0.222802
7.623333	0.200	-0.226416
7.626667	0.200	-0.230757
7.630000	0.200	-0.234598
7.633333	0.200	-0.237111
7.636667	0.200	-0.237906
7.640000	0.200	-0.237056
7.643333	0.200	-0.235311
7.646667	0.200	-0.233674
7.650000	0.200	-0.232809
7.653333	0.200	-0.232882
7.656667	0.200	-0.233536
7.660000	0.200	-0.234067
7.663333	0.200	-0.233907
7.666667	0.200	-0.233036
7.670000	0.200	-0.232013
7.673333	0.200	-0.231545
7.676667	0.200	-0.231990
7.680000	0.200	-0.233321
7.683333	0.200	-0.235364
7.686667	0.200	-0.237823
7.690000	0.200	-0.240153
7.693333	0.200	-0.241760
7.696667	0.200	-0.242324
7.700000	0.200	-0.241908
7.703333	0.200	-0.241011
7.706667	0.200	-0.240231
7.710000	0.200	-0.239573
7.713333	0.200	-0.238415
7.716667	0.200	-0.236202
7.720000	0.200	-0.232997
7.723333	0.200	-0.229601
7.726667	0.200	-0.227364
7.730000	0.200	-0.227508
7.733333	0.200	-0.230218
7.736667	0.200	-0.234395
7.740000	0.200	-0.238356
7.743333	0.200	-0.240789
7.746667	0.200	-0.241121
7.750000	0.200	-0.239384
7.753333	0.200	-0.235901
7.756667	0.200	-0.230943
7.760000	0.200	-0.224878
7.763333	0.200	-0.218461
7.766667	0.200	-0.212552
7.770000	0.200	-0.207911
7.773333	0.200	-0.205371
7.776667	0.200	-0.205477
7.780000	0.200	-0.207917
7.783333	0.200	-0.211904
7.786667	0.200	-0.216780
7.790000	0.200	-0.221908
7.793333	0.200	-0.226667
7.796667	0.200	-0.230837
7.800000	0.200	-0.234718
7.803333	0.200	-0.238540
7.806667	0.200	-0.241840
7.810000	0.200	-0.243831
7.813333	0.200	-0.244394
7.816667	0.200	-0.244403
7.820000	0.200	-0.244977
7.823333	0.200	-0.246391
7.826667	0.200	-0.247791
7.830000	0.200	-0.247907
7.833333	0.200	-0.245709
7.836667	0.200	-0.240626
7.840000	0.200	-0.232477
7.843333	0.200	-0.221269
7.846667	0.200	-0.207172
7.850000	0.200	-0.190804
7.853333	0.200	-0.173564
7.856667	0.200	-0.157375
7.860000	0.200	-0.144164
7.863333	0.200	-0.135646
7.866667	0.200	-0.132820
7.870000	0.200	-0.135276
7.873333	0.200	-0.141639
7.876667	0.200	-0.150764
7.880000	0.200	-0.161795
7.883333	0.200	-0.173615
7.886667	0.200	-0.185214
7.890000	0.200	-0.196167
7.893333	0.200	-0.206445
7.896667	0.200	-0.215989
7.900000	0.200	-0.224600
7.903333	0.200	-0.232289
7.906667	0.200	-0.239383
7.910000	0.200	-0.246097
7.913333	0.200	-0.252203
7.916667	0.200	-0.257238
7.920000	0.200	-0.261046
7.923333	0.200	-0.263831
7.926667	0.200	-0.265681
7.930000	0.200	-0.266591
7.933333	0.200	-0.266945
7.936667	0.200	-0.267509
7.940000	0.200	-0.268961
7.943333	0.200	-0.271301
7.946667	0.200	-0.273619
7.950000	0.200	-0.274873
7.953333	0.200	-0.274859
7.956667	0.200	-0.274266
7.960000	0.200	-0.274051
7.963333	0.200	-0.274602
7.966667	0.200	-0.275330
7.970000	0.200	-0.275435
7.973333	0.200	-0.274824
7.976667	0.200	-0.274020
7.980000	0.200	-0.273931
7.983333	0.200	-0.275577
7.986667	0.200	-0.279039
7.990000	0.200	-0.282954
7.993333	0.200	-0.285842
7.996667	0.200	-0.287395
8.000000	0.200	-0.287931
8.003333	0.200	-0.287611
8.006667	0.200	-0.286570
8.010000	0.200	-0.285147
8.013333	0.200	-0.284044
8.016667	0.200	-0.284155
8.020000	0.200	-0.285951
8.023333	0.200	-0.289151
8.026667	0.200	-0.292741
8.030000	0.200	-0.295333
8.033333	0.200	-0.296053
8.036667	0.200	-0.295301
8.040000	0.200	-0.294638
8.043333	0.200	-0.295573
8.046667	0.200	-0.298329
8.050000	0.200	-0.302001
8.053333	0.200	-0.305409
8.056667	0.200	-0.307490
8.060000	0.200	-0.307438
8.063333	0.200	-0.304807
8.066667	0.200	-0.299278
8.070000	0.200	-0.290387
8.073333	0.200	-0.277786
8.076667	0.200	-0.261469
8.080000	0.200	-0.241564
8.083333	0.200	-0.218452
8.086667	0.200	-0.193351
8.090000	0.200	-0.168562
8.093333	0.200	-0.146867
8.096667	0.200	-0.130758
8.100000	0.200	-0.122222
8.103333	0.200	-0.122516
8.106667	0.200	-0.131594
8.110000	0.200	-0.147796
8.113333	0.200	-0.168308
8.116667	0.200	-0.190268
8.120000	0.200	-0.211661
8.123333	0.200	-0.231389
8.126667	0.200	-0.248877
8.130000	0.200	-0.263741
8.133333	0.200	-0.275701
8.136667	0.200	-0.284754
8.140000	0.200	-0.291198
8.143333	0.200	-0.295328
8.146667	0.200	-0.297336
8.150000	0.200	-0.297164
8.153333	0.200	-0.294570
8.156667	0.200	-0.289965
8.160000	0.200	-0.284467
8.163333	0.200	-0.278926
8.166667	0.200	-0.273748
8.170000	0.200	-0.269232
8.173333	0.200	-0.265266
8.176667	0.200	-0.260857
8.180000	0.200	-0.254221
8.183333	0.200	-0.243602
8.186667	0.200	-0.228606
8.190000	0.200	-0.210795
8.193333	0.200	-0.192734
8.196667	0.200	-0.176861
8.200000	0.200	-0.165177
8.203333	0.200	-0.159209
8.206667	0.200	-0.159883
8.210000	0.200	-0.167284
8.213333	0.200	-0.180622
8.216667	0.200	-0.198546
8.220000	0.200	-0.219236
8.223333	0.200	-0.240546
8.226667	0.200	-0.260446
8.230000	0.200	-0.277097
8.233333	0.200	-0.289140
8.236667	0.200	-0.296438
8.240000	0.200	-0.299774
8.243333	0.200	-0.299941
8.246667	0.200	-0.297742
8.250000	0.200	-0.294366
8.253333	0.200	-0.291115
8.256667	0.200	-0.288949
8.260000	0.200	-0.288296
8.263333	0.200	-0.289188
8.266667	0.200	-0.291649
8.270000	0.200	-0.295558
8.273333	0.200	-0.300285
8.276667	0.200	-0.305136
8.280000	0.200	-0.309691
8.283333	0.200	-0.313307
8.286667	0.200	-0.315163
8.290000	0.200	-0.315270
8.293333	0.200	-0.314918
8.296667	0.200	-0.315535
8.300000	0.200	-0.317396
8.303333	0.200	-0.319748
8.306667	0.200	-0.321715
8.310000	0.200	-0.323056
8.313333	0.200	-0.324156
8.316667	0.200	-0.325087
8.320000	0.200	-0.325205
8.323333	0.200	-0.323818
8.326667	0.200	-0.320712
8.330000	0.200	-0.316431
8.333333	0.200	-0.312319
8.336667	0.200	-0.309744
8.340000	0.200	-0.309448
8.343333	0.200	-0.311613
8.346667	0.200	-0.315848
8.350000	0.200	-0.321084
8.353333	0.200	-0.325904
8.356667	0.200	-0.329228
8.360000	0.200	-0.330777
8.363333	0.200	-0.330942
8.366667	0.200	-0.330475
8.370000	0.200	-0.330055
8.373333	0.200	-0.329693
8.376667	0.200	-0.328962
8.380000	0.200	-0.328015
8.383333	0.200	-0.327659
8.386667	0.200	-0.328392
8.390000	0.200	-0.330059
8.393333	0.200	-0.332091
8.396667	0.200	-0.333640
8.400000	0.200	-0.333922
8.403333	0.200	-0.332761
8.406667	0.200	-0.330921
8.410000	0.200	-0.329836
8.413333	0.200	-0.330625
8.416667	0.200	-0.333231
8.420000	0.200	-0.336688
8.423333	0.200	-0.340110
8.426667	0.200	-0.343059
8.430000	0.200	-0.345321
8.433333	0.200	-0.346999
8.436667	0.200	-0.348419
8.440000	0.200	-0.349547
8.443333	0.200	-0.349981
8.446667	0.200	-0.349691
8.450000	0.200	-0.349277
8.453333	0.200	-0.349169
8.456667	0.200	-0.349204
8.460000	0.200	-0.349217
8.463333	0.200	-0.349108
8.466667	0.200	-0.348557
8.470000	0.200	-0.347585
8.473333	0.200	-0.346842
8.476667	0.200	-0.346744
8.480000	0.200	-0.346912
8.483333	0.200	-0.346610
8.486667	0.200	-0.345328
8.490000	0.200	-0.343300
8.493333	0.200	-0.341631
8.496667	0.200	-0.341464
8.500000	0.200	-0.343059
8.503333	0.200	-0.345870
8.506667	0.200	-0.349082
8.510000	0.200	-0.351783
8.513333	0.200	-0.353064
8.516667	0.200	-0.352603
8.520000	0.200	-0.350997
8.523333	0.200	-0.349260
8.526667	0.200	-0.348302
8.530000	0.200	-0.348774
8.533333	0.200	-0.350738
8.536667	0.200	-0.353422
8.540000	0.200	-0.355567
8.543333	0.200	-0.356300
8.546667	0.200	-0.355800
8.550000	0.200	-0.355008
8.553333	0.200	-0.354659
8.556667	0.200	-0.354847
8.560000	0.200	-0.355430
8.563333	0.200	-0.356388
8.566667	0.200	-0.357867
8.570000	0.200	-0.360162
8.573333	0.200	-0.363555
8.576667	0.200	-0.367944
8.580000	0.200	-0.372719
8.583333	0.200	-0.377038
8.586667	0.200	-0.379902
8.590000	0.200	-0.380286
8.593333	0.200	-0.378004
8.596667	0.200	-0.374234
8.600000	0.200	-0.370639
8.603333	0.200	-0.368073
8.606667	0.200	-0.366341
8.610000	0.200	-0.365162
8.613333	0.200	-0.364739
8.616667	0.200	-0.365116
8.620000	0.200	-0.365692
8.623333	0.200	-0.365844
8.626667	0.200	-0.365674
8.630000	0.200	-0.365756
8.633333	0.200	-0.366302
8.636667	0.200	-0.366860
8.640000	0.200	-0.366730
8.643333	0.200	-0.365472
8.646667	0.200	-0.363420
8.650000	0.200	-0.361634
8.653333	0.200	-0.360933
8.656667	0.200	-0.361319
8.660000	0.200	-0.362275
8.663333	0.200	-0.363003
8.666667	0.200	-0.362576
8.670000	0.200	-0.360455
8.673333	0.200	-0.357177
8.676667	0.200	-0.354290
8.680000	0.200	-0.353075
8.683333	0.200	-0.353493
8.686667	0.200	-0.354785
8.690000	0.200	-0.356632
8.693333	0.200	-0.359308
8.696667	0.200	-0.363159
8.700000	0.200	-0.368154
8.703333	0.200	-0.373804
8.706667	0.200	-0.379479
8.710000	0.200	-0.384502
8.713333	0.200	-0.388263
8.716667	0.200	-0.390714
8.720000	0.200	-0.392417
8.723333	0.200	-0.393930
8.726667	0.200	-0.395335
8.730000	0.200	-0.396280
8.733333	0.200	-0.396518
8.736667	0.200	-0.396477
8.740000	0.200	-0.396887
8.743333	0.200	-0.397598
8.746667	0.200	-0.397360
8.750000	0.200	-0.395144
8.753333	0.200	-0.391348
8.756667	0.200	-0.387628
8.760000	0.200	-0.385692
8.763333	0.200	-0.386034
8.766667	0.200	-0.387757
8.770000	0.200	-0.389600
8.773333	0.200	-0.390726
8.776667	0.200	-0.390662
8.780000	0.200	-0.389169
8.783333	0.200	-0.386528
8.786667	0.200	-0.383490
8.790000	0.200	-0.380685
8.793333	0.200	-0.378382
8.796667	0.200	-0.376607
8.800000	0.200	-0.375179
8.803333	0.200	-0.374117
8.806667	0.200	-0.374088
8.810000	0.200	-0.376010
8.813333	0.200	-0.380159
8.816667	0.200	-0.385749
8.820000	0.200	-0.391345
8.823333	0.200	-0.395682
8.826667	0.200	-0.398331
8.830000	0.200	-0.399777
8.833333	0.200	-0.400794
8.836667	0.200	-0.401988
8.840000	0.200	-0.403884
8.843333	0.200	-0.406613
8.846667	0.200	-0.409485
8.850000	0.200	-0.411666
8.853333	0.200	-0.413115
8.856667	0.200	-0.414348
8.860000	0.200	-0.415581
8.863333	0.200	-0.416535
8.866667	0.200	-0.416589
8.870000	0.200	-0.414487
8.873333	0.200	-0.408287
8.876667	0.200	-0.396042
8.880000	0.200	-0.376125
8.883333	0.200	-0.347036
8.886667	0.200	-0.308015
8.890000	0.200	-0.260485
8.893333	0.200	-0.208882
8.896667	0.200	-0.159859
8.900000	0.200	-0.120172
8.903333	0.200	-0.094979
8.906667	0.200	-0.087676
8.910000	0.200	-0.099909
8.913333	0.200	-0.130652
8.916667	0.200	-0.175635
8.920000	0.200	-0.228381
8.923333	0.200	-0.282138
8.926667	0.200	-0.331748
8.930000	0.200	-0.374565
8.933333	0.200	-0.409731
8.936667	0.200	-0.437149
8.940000	0.200	-0.457566
8.943333	0.200	-0.472634
8.946667	0.200	-0.483958
8.950000	0.200	-0.492462
8.953333	0.200	-0.498821
8.956667	0.200	-0.503759
8.960000	0.200	-0.507742
8.963333	0.200	-0.510994
8.966667	0.200	-0.513975
8.970000	0.200	-0.517411
8.973333	0.200	-0.521564
8.976667	0.200	-0.525752
8.980000	0.200	-0.528707
8.983333	0.200	-0.529406
8.986667	0.200	-0.527891
8.990000	0.200	-0.525284
8.993333	0.200	-0.522757
8.996667	0.200	-0.520573
9.000000	0.200	-0.517803
9.003333	0.200	-0.512580
9.006667	0.200	-0.503001
9.010000	0.200	-0.488046
9.013333	0.200	-0.467571
9.016667	0.200	-0.442011
9.020000	0.200	-0.412706
9.023333	0.200	-0.382232
9.026667	0.200	-0.353897
9.030000	0.200	-0.330848
9.033333	0.200	-0.315686
9.036667	0.200	-0.310429
9.040000	0.200	-0.316097
9.043333	0.200	-0.332137
9.046667	0.200	-0.356400
9.050000	0.200	-0.385505
9.053333	0.200	-0.415374
9.056667	0.200	-0.442444
9.060000	0.200	-0.464872
9.063333	0.200	-0.482444
9.066667	0.200	-0.495921
9.070000	0.200	-0.506607
9.073333	0.200	-0.515732
9.076667	0.200	-0.523909
9.080000	0.200	-0.531141
9.083333	0.200	-0.537246
9.086667	0.200	-0.542160
9.090000	0.200	-0.545898
9.093333	0.200	-0.548537
9.096667	0.200	-0.550268
9.100000	0.200	-0.551239
9.103333	0.200	-0.551454
9.106667	0.200	-0.551046
9.110000	0.200	-0.550452
9.113333	0.200	-0.550012
9.116667	0.200	-0.549611
9.120000	0.200	-0.549175
9.123333	0.200	-0.549239
9.126667	0.200	-0.550415
9.130000	0.200	-0.552460
9.133333	0.200	-0.554110
9.136667	0.200	-0.553995
9.140000	0.200	-0.551979
9.143333	0.200	-0.549524
9.146667	0.200	-0.548391
9.150000	0.200	-0.549115
9.153333	0.200	-0.551098
9.156667	0.200	-0.553523
9.160000	0.200	-0.555618
9.163333	0.200	-0.556666
9.166667	0.200	-0.556292
9.170000	0.200	-0.554731
9.173333	0.200	-0.552727
9.176667	0.200	-0.550907
9.180000	0.200	-0.549110
9.183333	0.200	-0.546723
9.186667	0.200	-0.543847
9.190000	0.200	-0.541736
9.193333	0.200	-0.541708
9.196667	0.200	-0.543627
9.200000	0.200	-0.546158
9.203333	0.200	-0.548325
9.206667	0.200	-0.549770
9.210000	0.200	-0.550147
9.213333	0.200	-0.549508
9.216667	0.200	-0.548662
9.220000	0.200	-0.548260
9.223333	0.200	-0.548312
9.226667	0.200	-0.548966
9.230000	0.200	-0.550601
9.233333	0.200	-0.552913
9.236667	0.200	-0.554874
9.240000	0.200	-0.555545
9.243333	0.200	-0.554309
9.246667	0.200	-0.550927
9.250000	0.200	-0.545908
9.253333	0.200	-0.540268
9.256667	0.200	-0.534930
9.260000	0.200	-0.530700
9.263333	0.200	-0.528452
9.266667	0.200	-0.528817
9.270000	0.200	-0.531722
9.273333	0.200	-0.536381
9.276667	0.200	-0.541661
9.280000	0.200	-0.546429
9.283333	0.200	-0.549666
9.286667	0.200	-0.550657
9.290000	0.200	-0.549387
9.293333	0.200	-0.546529
9.296667	0.200	-0.543169
9.300000	0.200	-0.540485
9.303333	0.200	-0.539366
9.306667	0.200	-0.540245
9.310000	0.200	-0.542969
9.313333	0.200	-0.546824
9.316667	0.200	-0.550694
9.320000	0.200	-0.553122
9.323333	0.200	-0.552805
9.326667	0.200	-0.549314
9.330000	0.200	-0.543129
9.333333	0.200	-0.535323
9.336667	0.200	-0.527568
9.340000	0.200	-0.521956
9.343333	0.200	-0.520078
9.346667	0.200	-0.522165
9.350000	0.200	-0.527082
9.353333	0.200	-0.533110
9.356667	0.200	-0.538979
9.360000	0.200	-0.544230
9.363333	0.200	-0.548593
9.366667	0.200	-0.551636
9.370000	0.200	-0.553268
9.373333	0.200	-0.553929
9.376667	0.200	-0.554015
9.380000	0.200	-0.553660
9.383333	0.200	-0.553123
9.386667	0.200	-0.552668
9.390000	0.200	-0.552376
9.393333	0.200	-0.552457
9.396667	0.200	-0.552560
9.400000	0.200	-0.550820
9.403333	0.200	-0.545346
9.406667	0.200	-0.536447
9.410000	0.200	-0.526422
9.413333	0.200	-0.517778
9.416667	0.200	-0.512129
9.420000	0.200	-0.510110
9.423333	0.200	-0.511619
9.426667	0.200	-0.516212
9.430000	0.200	-0.523410
9.433333	0.200	-0.532354
9.436667	0.200	-0.541461
9.440000	0.200	-0.548955
9.443333	0.200	-0.553673
9.446667	0.200	-0.555355
9.450000	0.200	-0.554525
9.453333	0.200	-0.552240
9.456667	0.200	-0.549873
9.460000	0.200	-0.548862
9.463333	0.200	-0.549930
9.466667	0.200	-0.552548
9.470000	0.200	-0.555567
9.473333	0.200	-0.557771
9.476667	0.200	-0.557542
9.480000	0.200	-0.553287
9.483333	0.200	-0.544954
9.486667	0.200	-0.534313
9.490000	0.200	-0.523811
9.493333	0.200	-0.515799
9.496667	0.200	-0.512088
9.500000	0.200	-0.513248
9.503333	0.200	-0.518256
9.506667	0.200	-0.525103
9.510000	0.200	-0.532120
9.513333	0.200	-0.538842
9.516667	0.200	-0.545399
9.520000	0.200	-0.551446
9.523333	0.200	-0.556111
9.526667	0.200	-0.558679
9.530000	0.200	-0.559105
9.533333	0.200	-0.558180
9.536667	0.200	-0.557158
9.540000	0.200	-0.556946
9.543333	0.200	-0.557674
9.546667	0.200	-0.558973
9.550000	0.200	-0.560282
9.553333	0.200	-0.560306
9.556667	0.200	-0.556819
9.560000	0.200	-0.548520
9.563333	0.200	-0.537001
9.566667	0.200	-0.525955
9.570000	0.200	-0.518649
9.573333	0.200	-0.516358
9.576667	0.200	-0.518429
9.580000	0.200	-0.523006
9.583333	0.200	-0.528036
9.586667	0.200	-0.532410
9.590000	0.200	-0.536500
9.593333	0.200	-0.541523
9.596667	0.200	-0.548015
9.600000	0.200	-0.554821
9.603333	0.200	-0.559911
9.606667	0.200	-0.562263
9.610000	0.200	-0.562719
9.613333	0.200	-0.563071
9.616667	0.200	-0.564551
9.620000	0.200	-0.567118
9.623333	0.200	-0.569807
9.626667	0.200	-0.571352
9.630000	0.200	-0.570370
9.633333	0.200	-0.565640
9.636667	0.200	-0.557066
9.640000	0.200	-0.546307
9.643333	0.200	-0.536035
9.646667	0.200	-0.528692
9.650000	0.200	-0.525655
9.653333	0.200	-0.526907
9.656667	0.200	-0.531287
9.660000	0.200	-0.537320
9.663333	0.200	-0.544073
9.666667	0.200	-0.551178
9.670000	0.200	-0.558354
9.673333	0.200	-0.565483
9.676667	0.200	-0.572260
9.680000	0.200	-0.577406
9.683333	0.200	-0.579382
9.686667	0.200	-0.577927
9.690000	0.200	-0.574310
9.693333	0.200	-0.570546
9.696667	0.200	-0.568634
9.700000	0.200	-0.569583
9.703333	0.200	-0.572625
9.706667	0.200	-0.575575
9.710000	0.200	-0.575934
9.713333	0.200	-0.572252
9.716667	0.200	-0.565010
9.720000	0.200	-0.556204
9.723333	0.200	-0.548162
9.726667	0.200	-0.542525
9.730000	0.200	-0.539916
9.733333	0.200	-0.540201
9.736667	0.200	-0.542821
9.740000	0.200	-0.547233
9.743333	0.200	-0.553249
9.746667	0.200	-0.561014
9.750000	0.200	-0.570555
9.753333	0.200	-0.580971
9.756667	0.200	-0.590083
9.760000	0.200	-0.595368
9.763333	0.200	-0.595687
9.766667	0.200	-0.592224
9.770000	0.200	-0.587740
9.773333	0.200	-0.584851
9.776667	0.200	-0.584642
9.780000	0.200	-0.586519
9.783333	0.200	-0.589121
9.786667	0.200	-0.591070
9.790000	0.200	-0.591313
9.793333	0.200	-0.589717
9.796667	0.200	-0.587175
9.800000	0.200	-0.584660
9.803333	0.200	-0.582431
9.806667	0.200	-0.580000
9.810000	0.200	-0.576794
9.813333	0.200	-0.573070
9.816667	0.200	-0.569917
9.820000	0.200	-0.568532
9.823333	0.200	-0.569721
9.826667	0.200	-0.573622
9.830000	0.200	-0.579386
9.833333	0.200	-0.585146
9.836667	0.200	-0.588912
9.840000	0.200	-0.589854
9.843333	0.200	-0.588771
9.846667	0.200	-0.587346
9.850000	0.200	-0.587011
9.853333	0.200	-0.588268
9.856667	0.200	-0.590591
9.860000	0.200	-0.592764
9.863333	0.200	-0.593646
9.866667	0.200	-0.593025
9.870000	0.200	-0.591650
9.873333	0.200	-0.590481
9.876667	0.200	-0.590160
9.880000	0.200	-0.590773
9.883333	0.200	-0.591876
9.886667	0.200	-0.593056
9.890000	0.200	-0.594276
9.893333	0.200	-0.595421
9.896667	0.200	-0.596010
9.900000	0.200	-0.595769
9.903333	0.200	-0.595185
9.906667	0.200	-0.595210
9.910000	0.200	-0.596380
9.913333	0.200	-0.598101
9.916667	0.200	-0.599097
9.920000	0.200	-0.598699
9.923333	0.200	-0.597412
9.926667	0.200	-0.596396
9.930000	0.200	-0.596628
9.933333	0.200	-0.598355
9.936667	0.200	-0.600990
9.940000	0.200	-0.603470
9.943333	0.200	-0.605053
9.946667	0.200	-0.605929
9.950000	0.200	-0.606655
9.953333	0.200	-0.607024
9.956667	0.200	-0.606253
9.960000	0.200	-0.604191
9.963333	0.200	-0.601566
9.966667	0.200	-0.599467
9.970000	0.200	-0.598760
9.973333	0.200	-0.599285
9.976667	0.200	-0.599966
9.980000	0.200	-0.600019
9.983333	0.200	-0.599358
9.986667	0.200	-0.598165
9.990000	0.200	-0.596569
9.993333	0.200	-0.594393
9.996667	0.200	-0.591362
10.000000	0.200	-0.587763
10.003333	0.200	-0.584597
10.006667	0.200	-0.582942
10.010000	0.200	-0.583256
10.013333	0.200	-0.585353
10.016667	0.200	-0.588633
10.020000	0.200	-0.592312
10.023333	0.200	-0.595911
10.026667	0.200	-0.599327
10.030000	0.200	-0.602199
10.033333	0.200	-0.603618
10.036667	0.200	-0.602744
10.040000	0.200	-0.599665
10.043333	0.200	-0.595481
10.046667	0.200	-0.591389
10.050000	0.200	-0.588058
10.053333	0.200	-0.585961
10.056667	0.200	-0.585533
10.060000	0.200	-0.586796
10.063333	0.200	-0.589151
10.066667	0.200	-0.591454
10.070000	0.200	-0.592343
10.073333	0.200	-0.590811
10.076667	0.200	-0.586746
10.080000	0.200	-0.581278
10.083333	0.200	-0.576487
10.086667	0.200	-0.574114
10.090000	0.200	-0.574309
10.093333	0.200	-0.575742
10.096667	0.200	-0.577060
10.100000	0.200	-0.578108
10.103333	0.200	-0.579453
10.106667	0.200	-0.581103
10.110000	0.200	-0.582185
10.113333	0.200	-0.581728
10.116667	0.200	-0.579664
10.120000	0.200	-0.577079
10.123333	0.200	-0.575410
10.126667	0.200	-0.575411
10.130000	0.200	-0.576816
10.133333	0.200	-0.578728
10.136667	0.200	-0.580305
10.140000	0.200	-0.581099
10.143333	0.200	-0.580926
10.146667	0.200	-0.579711
10.150000	0.200	-0.577448
10.153333	0.200	-0.574237
10.156667	0.200	-0.570399
10.160000	0.200	-0.566629
10.163333	0.200	-0.563950
10.166667	0.200	-0.562981
10.170000	0.200	-0.563236
10.173333	0.200	-0.563845
10.176667	0.200	-0.564770
10.180000	0.200	-0.566485
10.183333	0.200	-0.568624
10.186667	0.200	-0.569890
10.190000	0.200	-0.569241
10.193333	0.200	-0.566723
10.196667	0.200	-0.563331
10.200000	0.200	-0.560203
10.203333	0.200	-0.557838
10.206667	0.200	-0.556087
10.210000	0.200	-0.554710
10.213333	0.200	-0.553706
10.216667	0.200	-0.553099
10.220000	0.200	-0.552571
10.223333	0.200	-0.551594
10.226667	0.200	-0.549762
10.230000	0.200	-0.546725
10.233333	0.200	-0.542175
10.236667	0.200	-0.536313
10.240000	0.200	-0.530294
10.243333	0.200	-0.526082
10.246667	0.200	-0.525300
10.250000	0.200	-0.527809
10.253333	0.200	-0.531999
10.256667	0.200	-0.536464
10.260000	0.200	-0.540626
10.263333	0.200	-0.544080
10.266667	0.200	-0.546393
10.270000	0.200	-0.547638
10.273333	0.200	-0.548459
10.276667	0.200	-0.549242
10.280000	0.200	-0.549798
10.283333	0.200	-0.549995
10.286667	0.200	-0.550037
10.290000	0.200	-0.550409
10.293333	0.200	-0.551894
10.296667	0.200	-0.555102
10.300000	0.200	-0.559539
10.303333	0.200	-0.563253
10.306667	0.200	-0.564080
10.310000	0.200	-0.561773
10.313333	0.200	-0.558436
10.316667	0.200	-0.556594
10.320000	0.200	-0.557419
10.323333	0.200	-0.560606
10.326667	0.200	-0.565023
10.330000	0.200	-0.569530
10.333333	0.200	-0.573403
10.336667	0.200	-0.576036
10.340000	0.200	-0.577024
10.343333	0.200	-0.576591
10.346667	0.200	-0.575261
10.350000	0.200	-0.573533
10.353333	0.200	-0.572061
10.356667	0.200	-0.571392
10.360000	0.200	-0.571584
10.363333	0.200	-0.572422
10.366667	0.200	-0.573824
10.370000	0.200	-0.576005
10.373333	0.200	-0.579166
10.376667	0.200	-0.582945
10.380000	0.200	-0.586028
10.383333	0.200	-0.586656
10.386667	0.200	-0.584254
10.390000	0.200	-0.580216
10.393333	0.200	-0.576641
10.396667	0.200	-0.574961
10.400000	0.200	-0.575724
10.403333	0.200	-0.578747
10.406667	0.200	-0.583219
10.410000	0.200	-0.588088
10.413333	0.200	-0.592693
10.416667	0.200	-0.597047
10.420000	0.200	-0.601399
10.423333	0.200	-0.605570
10.426667	0.200	-0.608918
10.430000	0.200	-0.611042
10.433333	0.200	-0.612170
10.436667	0.200	-0.612532
10.440000	0.200	-0.611956
10.443333	0.200	-0.610629
10.446667	0.200	-0.609499
10.450000	0.200	-0.609379
10.453333	0.200	-0.610030
10.456667	0.200	-0.610053
10.460000	0.200	-0.607972
10.463333	0.200	-0.603578
10.466667	0.200	-0.597921
10.470000	0.200	-0.592581
10.473333	0.200	-0.589223
10.476667	0.200	-0.588848
10.480000	0.200	-0.591160
10.483333	0.200	-0.595030
10.486667	0.200	-0.599495
10.490000	0.200	-0.604304
10.493333	0.200	-0.609674
10.496667	0.200	-0.615529
10.500000	0.200	-0.621128
10.503333	0.200	-0.625399
10.506667	0.200	-0.627514
10.510000	0.200	-0.627309
10.513333	0.200	-0.625180
10.516667	0.200	-0.621760
10.520000	0.200	-0.617967
10.523333	0.200	-0.614867
10.526667	0.200	-0.613379
10.530000	0.200	-0.614292
10.533333	0.200	-0.617845
10.536667	0.200	-0.622804
10.540000	0.200	-0.626543
10.543333	0.200	-0.626756
10.546667	0.200	-0.623131
10.550000	0.200	-0.617410
10.553333	0.200	-0.612036
10.556667	0.200	-0.608562
10.560000	0.200	-0.607003
10.563333	0.200	-0.606449
10.566667	0.200	-0.606142
10.570000	0.200	-0.605882
10.573333	0.200	-0.605524
10.576667	0.200	-0.604590
10.580000	0.200	-0.602404
10.583333	0.200	-0.598388
10.586667	0.200	-0.592534
10.590000	0.200	-0.585615
10.593333	0.200	-0.578644
10.596667	0.200	-0.572539
10.600000	0.200	-0.568311
10.603333	0.200	-0.566771
10.606667	0.200	-0.567866
10.610000	0.200	-0.570491
10.613333	0.200	-0.572842
10.616667	0.200	-0.573357
10.620000	0.200	-0.571668
10.623333	0.200	-0.568395
10.626667	0.200	-0.563992
10.630000	0.200	-0.558309
10.633333	0.200	-0.551329
10.636667	0.200	-0.543753
10.640000	0.200	-0.536698
10.643333	0.200	-0.530854
10.646667	0.200	-0.526098
10.650000	0.200	-0.522013
10.653333	0.200	-0.518117
10.656667	0.200	-0.513542
10.660000	0.200	-0.507227
10.663333	0.200	-0.498415
10.666667	0.200	-0.486905
10.670000	0.200	-0.473295
10.673333	0.200	-0.458534
10.676667	0.200	-0.442623
10.680000	0.200	-0.424730
10.683333	0.200	-0.404540
10.686667	0.200	-0.382546
10.690000	0.200	-0.359797
10.693333	0.200	-0.337783
10.696667	0.200	-0.317707
10.700000	0.200	-0.299898
10.703333	0.200	-0.284130
10.706667	0.200	-0.270144
10.710000	0.200	-0.257993
10.713333	0.200	-0.247922
10.716667	0.200	-0.239934
10.720000	0.200	-0.233843
10.723333	0.200	-0.229498
10.726667	0.200	-0.226636
10.730000	0.200	-0.224839
10.733333	0.200	-0.223724
10.736667	0.200	-0.222886
10.740000	0.200	-0.221634
10.743333	0.200	-0.219290
10.746667	0.200	-0.215968
10.750000	0.200	-0.212633
10.753333	0.200	-0.210126
10.756667	0.200	-0.208300
10.760000	0.200	-0.206512
10.763333	0.200	-0.204647
10.766667	0.200	-0.202906
10.770000	0.200	-0.200958
10.773333	0.200	-0.197801
10.776667	0.200	-0.192577
10.780000	0.200	-0.185609
10.783333	0.200	-0.178320
10.786667	0.200	-0.172245
10.790000	0.200	-0.168297
10.793333	0.200	-0.166609
10.796667	0.200	-0.166688
10.800000	0.200	-0.167592
10.803333	0.200	-0.168203
10.806667	0.200	-0.167655
10.810000	0.200	-0.165633
10.813333	0.200	-0.162488
10.816667	0.200	-0.159193
10.820000	0.200	-0.156684
10.823333	0.200	-0.154998
10.826667	0.200	-0.153459
10.830000	0.200	-0.151612
10.833333	0.200	-0.149521
10.836667	0.200	-0.147507
10.840000	0.200	-0.145969
10.843333	0.200	-0.144982
10.846667	0.200	-0.143797
10.850000	0.200	-0.141215
10.853333	0.200	-0.136705
10.856667	0.200	-0.130876
10.860000	0.200	-0.124888
10.863333	0.200	-0.119836
10.866667	0.200	-0.116537
10.870000	0.200	-0.115305
10.873333	0.200	-0.115864
10.876667	0.200	-0.117412
10.880000	0.200	-0.119034
10.883333	0.200	-0.120479
10.886667	0.200	-0.122020
10.890000	0.200	-0.123458
10.893333	0.200	-0.123885
10.896667	0.200	-0.122393
10.900000	0.200	-0.118806
10.903333	0.200	-0.113692
10.906667	0.200	-0.107877
10.910000	0.200	-0.102238
10.913333	0.200	-0.097457
10.916667	0.200	-0.093465
10.920000	0.200	-0.089723
10.923333	0.200	-0.086199
10.926667	0.200	-0.083253
10.930000	0.200	-0.080939
10.933333	0.200	-0.079084
10.936667	0.200	-0.077353
10.940000	0.200	-0.075131
10.943333	0.200	-0.071988
10.946667	0.200	-0.068041
10.950000	0.200	-0.063736
10.953333	0.200	-0.059513
10.956667	0.200	-0.055580
10.960000	0.200	-0.052093
10.963333	0.200	-0.049348
10.966667	0.200	-0.047367
10.970000	0.200	-0.045404
10.973333	0.200	-0.042277
10.976667	0.200	-0.037453
10.980000	0.200	-0.031613
10.983333	0.200	-0.025863
10.986667	0.200	-0.020583
10.990000	0.200	-0.015182
10.993333	0.200	-0.009061
10.996667	0.200	-0.002749
11.000000	0.200	0.002546
