File Path	chrom://nnfcb-l0286/ChromeleonLocal/metk/20171013_HMP_C61_metk.seq/811.smp/UV_VIS_2.channel/UV_VIS_2.chm
Channel	UV_VIS_2

Injection Information:
Data Vault	ChromeleonLocal
Injection	20171013_HMP_C61_ISO_P1_GA9
Injection Number	30
Position	GA9
Comment	
Processing Method	HMP New ProcMethod
Instrument Method	HM_metode_ZorBax_0,02%_Acetic_acid_ver6
Type	Unknown
Status	Finished
Injection Date	10/13/2017
Injection Time	8:01:42 PM
Injection Volume (µl)	1.000
Dilution Factor	1.0000
Weight	1.0000

Raw Data Information:
Time Min. (min)	0.000000
Time Max. (min)	11.000000
Data Points	3301
Detector	UV
Exporting Data System	Chromeleon 7.1.3.2425
Operator	
Signal Quantity	Absorbance
Signal Unit	mAU
Signal Min.	-0.891797
Signal Max.	328.193563
Channel	UV_VIS_2
Driver Name	DAD3000.dll
Channel Type	Evaluation
Min. Step (s)	0.200
Max. Step (s)	0.200
Average Step (s)	0.200

Signal Parameter Information:
Signal Info	WVL:280 nm

Raw Data:
Time (min)	Step (s)	Value (mAU)
0.000000	0.000	0.000000
0.003333	0.200	-0.002094
0.006667	0.200	-0.015088
0.010000	0.200	-0.050593
0.013333	0.200	-0.106851
0.016667	0.200	-0.163126
0.020000	0.200	-0.196131
0.023333	0.200	-0.196963
0.026667	0.200	-0.172662
0.030000	0.200	-0.138065
0.033333	0.200	-0.106559
0.036667	0.200	-0.084586
0.040000	0.200	-0.072210
0.043333	0.200	-0.067215
0.046667	0.200	-0.067892
0.050000	0.200	-0.073316
0.053333	0.200	-0.082782
0.056667	0.200	-0.095317
0.060000	0.200	-0.109518
0.063333	0.200	-0.123868
0.066667	0.200	-0.137424
0.070000	0.200	-0.150122
0.073333	0.200	-0.162342
0.076667	0.200	-0.174338
0.080000	0.200	-0.186084
0.083333	0.200	-0.197350
0.086667	0.200	-0.207853
0.090000	0.200	-0.217465
0.093333	0.200	-0.226393
0.096667	0.200	-0.235165
0.100000	0.200	-0.244298
0.103333	0.200	-0.253966
0.106667	0.200	-0.263903
0.110000	0.200	-0.273557
0.113333	0.200	-0.282463
0.116667	0.200	-0.290509
0.120000	0.200	-0.297948
0.123333	0.200	-0.305269
0.126667	0.200	-0.312893
0.130000	0.200	-0.320804
0.133333	0.200	-0.328590
0.136667	0.200	-0.336038
0.140000	0.200	-0.343442
0.143333	0.200	-0.350917
0.146667	0.200	-0.357866
0.150000	0.200	-0.363768
0.153333	0.200	-0.369193
0.156667	0.200	-0.375483
0.160000	0.200	-0.383428
0.163333	0.200	-0.392436
0.166667	0.200	-0.401042
0.170000	0.200	-0.408267
0.173333	0.200	-0.414394
0.176667	0.200	-0.420348
0.180000	0.200	-0.426632
0.183333	0.200	-0.433180
0.186667	0.200	-0.439738
0.190000	0.200	-0.445849
0.193333	0.200	-0.450929
0.196667	0.200	-0.454903
0.200000	0.200	-0.458435
0.203333	0.200	-0.462357
0.206667	0.200	-0.467223
0.210000	0.200	-0.473306
0.213333	0.200	-0.480390
0.216667	0.200	-0.487647
0.220000	0.200	-0.494317
0.223333	0.200	-0.500386
0.226667	0.200	-0.506179
0.230000	0.200	-0.511643
0.233333	0.200	-0.516674
0.236667	0.200	-0.521847
0.240000	0.200	-0.527797
0.243333	0.200	-0.534003
0.246667	0.200	-0.539290
0.250000	0.200	-0.543391
0.253333	0.200	-0.547097
0.256667	0.200	-0.551182
0.260000	0.200	-0.555972
0.263333	0.200	-0.561553
0.266667	0.200	-0.567666
0.270000	0.200	-0.573734
0.273333	0.200	-0.579488
0.276667	0.200	-0.585103
0.280000	0.200	-0.590419
0.283333	0.200	-0.594794
0.286667	0.200	-0.597935
0.290000	0.200	-0.600199
0.293333	0.200	-0.602045
0.296667	0.200	-0.603736
0.300000	0.200	-0.605580
0.303333	0.200	-0.608034
0.306667	0.200	-0.611424
0.310000	0.200	-0.615619
0.313333	0.200	-0.619978
0.316667	0.200	-0.623756
0.320000	0.200	-0.626565
0.323333	0.200	-0.628496
0.326667	0.200	-0.630223
0.330000	0.200	-0.632740
0.333333	0.200	-0.636470
0.336667	0.200	-0.641027
0.340000	0.200	-0.645885
0.343333	0.200	-0.650713
0.346667	0.200	-0.655079
0.350000	0.200	-0.658425
0.353333	0.200	-0.660637
0.356667	0.200	-0.662217
0.360000	0.200	-0.663770
0.363333	0.200	-0.665655
0.366667	0.200	-0.668007
0.370000	0.200	-0.670745
0.373333	0.200	-0.673696
0.376667	0.200	-0.676954
0.380000	0.200	-0.680900
0.383333	0.200	-0.685460
0.386667	0.200	-0.689854
0.390000	0.200	-0.693520
0.393333	0.200	-0.696597
0.396667	0.200	-0.699490
0.400000	0.200	-0.702453
0.403333	0.200	-0.705394
0.406667	0.200	-0.708112
0.410000	0.200	-0.710714
0.413333	0.200	-0.713321
0.416667	0.200	-0.715569
0.420000	0.200	-0.716986
0.423333	0.200	-0.717831
0.426667	0.200	-0.719042
0.430000	0.200	-0.721253
0.433333	0.200	-0.724391
0.436667	0.200	-0.728167
0.440000	0.200	-0.732315
0.443333	0.200	-0.736420
0.446667	0.200	-0.740100
0.450000	0.200	-0.743123
0.453333	0.200	-0.745293
0.456667	0.200	-0.746765
0.460000	0.200	-0.748020
0.463333	0.200	-0.749239
0.466667	0.200	-0.750183
0.470000	0.200	-0.750537
0.473333	0.200	-0.750349
0.476667	0.200	-0.750305
0.480000	0.200	-0.751013
0.483333	0.200	-0.752235
0.486667	0.200	-0.753453
0.490000	0.200	-0.754670
0.493333	0.200	-0.756298
0.496667	0.200	-0.758551
0.500000	0.200	-0.761003
0.503333	0.200	-0.762970
0.506667	0.200	-0.764286
0.510000	0.200	-0.765296
0.513333	0.200	-0.766331
0.516667	0.200	-0.767550
0.520000	0.200	-0.769291
0.523333	0.200	-0.772039
0.526667	0.200	-0.775528
0.530000	0.200	-0.778602
0.533333	0.200	-0.780448
0.536667	0.200	-0.781423
0.540000	0.200	-0.782597
0.543333	0.200	-0.784760
0.546667	0.200	-0.787882
0.550000	0.200	-0.791342
0.553333	0.200	-0.794483
0.556667	0.200	-0.797219
0.560000	0.200	-0.800044
0.563333	0.200	-0.803278
0.566667	0.200	-0.806509
0.570000	0.200	-0.808831
0.573333	0.200	-0.809654
0.576667	0.200	-0.809320
0.580000	0.200	-0.808825
0.583333	0.200	-0.809138
0.586667	0.200	-0.810815
0.590000	0.200	-0.813726
0.593333	0.200	-0.817041
0.596667	0.200	-0.819789
0.600000	0.200	-0.821543
0.603333	0.200	-0.822381
0.606667	0.200	-0.822542
0.610000	0.200	-0.822401
0.613333	0.200	-0.822512
0.616667	0.200	-0.823303
0.620000	0.200	-0.824433
0.623333	0.200	-0.824812
0.626667	0.200	-0.823908
0.630000	0.200	-0.822521
0.633333	0.200	-0.821941
0.636667	0.200	-0.823001
0.640000	0.200	-0.825838
0.643333	0.200	-0.829998
0.646667	0.200	-0.834821
0.650000	0.200	-0.839532
0.653333	0.200	-0.842880
0.656667	0.200	-0.843786
0.660000	0.200	-0.842534
0.663333	0.200	-0.840446
0.666667	0.200	-0.838446
0.670000	0.200	-0.836681
0.673333	0.200	-0.835469
0.676667	0.200	-0.835722
0.680000	0.200	-0.837908
0.683333	0.200	-0.841216
0.686667	0.200	-0.844416
0.690000	0.200	-0.846972
0.693333	0.200	-0.848749
0.696667	0.200	-0.849470
0.700000	0.200	-0.849151
0.703333	0.200	-0.848478
0.706667	0.200	-0.848342
0.710000	0.200	-0.849170
0.713333	0.200	-0.850711
0.716667	0.200	-0.852414
0.720000	0.200	-0.853792
0.723333	0.200	-0.854501
0.726667	0.200	-0.854549
0.730000	0.200	-0.854387
0.733333	0.200	-0.854567
0.736667	0.200	-0.855391
0.740000	0.200	-0.856738
0.743333	0.200	-0.858157
0.746667	0.200	-0.859481
0.750000	0.200	-0.861198
0.753333	0.200	-0.863643
0.756667	0.200	-0.866200
0.760000	0.200	-0.867855
0.763333	0.200	-0.868196
0.766667	0.200	-0.867572
0.770000	0.200	-0.866741
0.773333	0.200	-0.866555
0.776667	0.200	-0.867569
0.780000	0.200	-0.869822
0.783333	0.200	-0.873001
0.786667	0.200	-0.876637
0.790000	0.200	-0.880174
0.793333	0.200	-0.883237
0.796667	0.200	-0.885724
0.800000	0.200	-0.887213
0.803333	0.200	-0.886839
0.806667	0.200	-0.884413
0.810000	0.200	-0.880862
0.813333	0.200	-0.877135
0.816667	0.200	-0.873711
0.820000	0.200	-0.871283
0.823333	0.200	-0.870726
0.826667	0.200	-0.872241
0.830000	0.200	-0.875335
0.833333	0.200	-0.879327
0.836667	0.200	-0.883426
0.840000	0.200	-0.887006
0.843333	0.200	-0.889838
0.846667	0.200	-0.891661
0.850000	0.200	-0.891797
0.853333	0.200	-0.889106
0.856667	0.200	-0.881561
0.860000	0.200	-0.865623
0.863333	0.200	-0.836446
0.866667	0.200	-0.789265
0.870000	0.200	-0.721008
0.873333	0.200	-0.630330
0.876667	0.200	-0.515547
0.880000	0.200	-0.372178
0.883333	0.200	-0.189487
0.886667	0.200	0.063860
0.890000	0.200	0.479985
0.893333	0.200	1.263870
0.896667	0.200	2.724233
0.900000	0.200	5.127761
0.903333	0.200	8.460981
0.906667	0.200	12.290628
0.910000	0.200	15.892826
0.913333	0.200	18.592896
0.916667	0.200	20.060586
0.920000	0.200	20.365017
0.923333	0.200	19.814377
0.926667	0.200	18.743844
0.930000	0.200	17.386125
0.933333	0.200	15.852970
0.936667	0.200	14.184196
0.940000	0.200	12.410566
0.943333	0.200	10.594191
0.946667	0.200	8.831256
0.950000	0.200	7.225802
0.953333	0.200	5.859078
0.956667	0.200	4.773623
0.960000	0.200	3.975273
0.963333	0.200	3.445838
0.966667	0.200	3.156343
0.970000	0.200	3.074095
0.973333	0.200	3.163388
0.976667	0.200	3.383737
0.980000	0.200	3.689399
0.983333	0.200	4.032015
0.986667	0.200	4.366449
0.990000	0.200	4.657870
0.993333	0.200	4.886634
0.996667	0.200	5.048986
1.000000	0.200	5.154384
1.003333	0.200	5.220999
1.006667	0.200	5.272709
1.010000	0.200	5.346438
1.013333	0.200	5.517902
1.016667	0.200	5.930939
1.020000	0.200	6.782181
1.023333	0.200	8.221153
1.026667	0.200	10.207832
1.030000	0.200	12.450413
1.033333	0.200	14.504936
1.036667	0.200	15.974850
1.040000	0.200	16.665797
1.043333	0.200	16.610632
1.046667	0.200	15.990937
1.050000	0.200	15.033277
1.053333	0.200	13.937235
1.056667	0.200	12.846515
1.060000	0.200	11.847920
1.063333	0.200	10.982133
1.066667	0.200	10.258347
1.070000	0.200	9.670785
1.073333	0.200	9.215388
1.076667	0.200	8.900497
1.080000	0.200	8.743814
1.083333	0.200	8.754832
1.086667	0.200	8.912706
1.090000	0.200	9.155084
1.093333	0.200	9.387803
1.096667	0.200	9.512555
1.100000	0.200	9.460653
1.103333	0.200	9.218778
1.106667	0.200	8.835286
1.110000	0.200	8.405336
1.113333	0.200	8.042659
1.116667	0.200	7.848345
1.120000	0.200	7.886405
1.123333	0.200	8.173140
1.126667	0.200	8.681371
1.130000	0.200	9.354266
1.133333	0.200	10.119746
1.136667	0.200	10.898344
1.140000	0.200	11.604382
1.143333	0.200	12.146588
1.146667	0.200	12.434996
1.150000	0.200	12.396593
1.153333	0.200	11.995903
1.156667	0.200	11.251611
1.160000	0.200	10.239658
1.163333	0.200	9.078408
1.166667	0.200	7.899601
1.170000	0.200	6.815901
1.173333	0.200	5.897347
1.176667	0.200	5.163736
1.180000	0.200	4.592903
1.183333	0.200	4.139033
1.186667	0.200	3.752376
1.190000	0.200	3.393864
1.193333	0.200	3.042111
1.196667	0.200	2.693984
1.200000	0.200	2.361449
1.203333	0.200	2.066097
1.206667	0.200	1.832471
1.210000	0.200	1.681710
1.213333	0.200	1.625881
1.216667	0.200	1.662732
1.220000	0.200	1.772184
1.223333	0.200	1.917371
1.226667	0.200	2.051939
1.230000	0.200	2.132129
1.233333	0.200	2.129005
1.236667	0.200	2.036436
1.240000	0.200	1.872878
1.243333	0.200	1.676974
1.246667	0.200	1.498826
1.250000	0.200	1.389317
1.253333	0.200	1.388962
1.256667	0.200	1.517809
1.260000	0.200	1.768773
1.263333	0.200	2.108818
1.266667	0.200	2.493421
1.270000	0.200	2.892931
1.273333	0.200	3.319740
1.276667	0.200	3.843476
1.280000	0.200	4.582978
1.283333	0.200	5.662639
1.286667	0.200	7.133921
1.290000	0.200	8.897542
1.293333	0.200	10.683328
1.296667	0.200	12.120375
1.300000	0.200	12.872710
1.303333	0.200	12.768846
1.306667	0.200	11.856322
1.310000	0.200	10.362373
1.313333	0.200	8.596068
1.316667	0.200	6.846601
1.320000	0.200	5.316815
1.323333	0.200	4.103796
1.326667	0.200	3.216055
1.330000	0.200	2.606845
1.333333	0.200	2.206653
1.336667	0.200	1.946830
1.340000	0.200	1.772724
1.343333	0.200	1.647798
1.346667	0.200	1.551627
1.350000	0.200	1.475160
1.353333	0.200	1.415892
1.356667	0.200	1.373797
1.360000	0.200	1.348607
1.363333	0.200	1.339383
1.366667	0.200	1.345404
1.370000	0.200	1.366296
1.373333	0.200	1.401239
1.376667	0.200	1.448491
1.380000	0.200	1.505605
1.383333	0.200	1.569985
1.386667	0.200	1.639176
1.390000	0.200	1.710498
1.393333	0.200	1.780723
1.396667	0.200	1.846436
1.400000	0.200	1.904571
1.403333	0.200	1.952457
1.406667	0.200	1.987410
1.410000	0.200	2.006360
1.413333	0.200	2.005821
1.416667	0.200	1.982558
1.420000	0.200	1.934883
1.423333	0.200	1.863502
1.426667	0.200	1.771615
1.430000	0.200	1.664590
1.433333	0.200	1.549101
1.436667	0.200	1.432019
1.440000	0.200	1.319269
1.443333	0.200	1.215134
1.446667	0.200	1.122564
1.450000	0.200	1.043977
1.453333	0.200	0.981965
1.456667	0.200	0.939813
1.460000	0.200	0.921812
1.463333	0.200	0.933666
1.466667	0.200	0.982566
1.470000	0.200	1.076257
1.473333	0.200	1.221798
1.476667	0.200	1.424901
1.480000	0.200	1.689973
1.483333	0.200	2.019973
1.486667	0.200	2.414961
1.490000	0.200	2.869527
1.493333	0.200	3.370148
1.496667	0.200	3.894021
1.500000	0.200	4.410800
1.503333	0.200	4.886558
1.506667	0.200	5.288194
1.510000	0.200	5.587475
1.513333	0.200	5.764395
1.516667	0.200	5.809676
1.520000	0.200	5.725899
1.523333	0.200	5.526630
1.526667	0.200	5.234102
1.530000	0.200	4.876360
1.533333	0.200	4.483588
1.536667	0.200	4.084028
1.540000	0.200	3.701152
1.543333	0.200	3.352378
1.546667	0.200	3.048558
1.550000	0.200	2.794382
1.553333	0.200	2.589523
1.556667	0.200	2.429656
1.560000	0.200	2.307228
1.563333	0.200	2.212358
1.566667	0.200	2.133902
1.570000	0.200	2.060788
1.573333	0.200	1.983601
1.576667	0.200	1.895702
1.580000	0.200	1.793342
1.583333	0.200	1.675175
1.586667	0.200	1.541666
1.590000	0.200	1.394703
1.593333	0.200	1.237560
1.596667	0.200	1.074744
1.600000	0.200	0.911363
1.603333	0.200	0.752494
1.606667	0.200	0.602924
1.610000	0.200	0.466784
1.613333	0.200	0.347060
1.616667	0.200	0.245457
1.620000	0.200	0.162231
1.623333	0.200	0.096132
1.626667	0.200	0.044980
1.630000	0.200	0.006261
1.633333	0.200	-0.022445
1.636667	0.200	-0.042709
1.640000	0.200	-0.055122
1.643333	0.200	-0.060495
1.646667	0.200	-0.061107
1.650000	0.200	-0.060499
1.653333	0.200	-0.061800
1.656667	0.200	-0.066378
1.660000	0.200	-0.074170
1.663333	0.200	-0.084604
1.666667	0.200	-0.097011
1.670000	0.200	-0.110634
1.673333	0.200	-0.124357
1.676667	0.200	-0.136529
1.680000	0.200	-0.145386
1.683333	0.200	-0.149739
1.686667	0.200	-0.149342
1.690000	0.200	-0.144498
1.693333	0.200	-0.135072
1.696667	0.200	-0.120054
1.700000	0.200	-0.098085
1.703333	0.200	-0.067885
1.706667	0.200	-0.028233
1.710000	0.200	0.021583
1.713333	0.200	0.081054
1.716667	0.200	0.148658
1.720000	0.200	0.222786
1.723333	0.200	0.302201
1.726667	0.200	0.385522
1.730000	0.200	0.470443
1.733333	0.200	0.553827
1.736667	0.200	0.632393
1.740000	0.200	0.702936
1.743333	0.200	0.762270
1.746667	0.200	0.807466
1.750000	0.200	0.836203
1.753333	0.200	0.847195
1.756667	0.200	0.840489
1.760000	0.200	0.817193
1.763333	0.200	0.778887
1.766667	0.200	0.727411
1.770000	0.200	0.665288
1.773333	0.200	0.596106
1.776667	0.200	0.523800
1.780000	0.200	0.451329
1.783333	0.200	0.380419
1.786667	0.200	0.312519
1.790000	0.200	0.249589
1.793333	0.200	0.194355
1.796667	0.200	0.150527
1.800000	0.200	0.122372
1.803333	0.200	0.113664
1.806667	0.200	0.127219
1.810000	0.200	0.165095
1.813333	0.200	0.228387
1.816667	0.200	0.316021
1.820000	0.200	0.423417
1.823333	0.200	0.542323
1.826667	0.200	0.661748
1.830000	0.200	0.769542
1.833333	0.200	0.854637
1.836667	0.200	0.909151
1.840000	0.200	0.929354
1.843333	0.200	0.916074
1.846667	0.200	0.875320
1.850000	0.200	0.817929
1.853333	0.200	0.757540
1.856667	0.200	0.708232
1.860000	0.200	0.682660
1.863333	0.200	0.690599
1.866667	0.200	0.737892
1.870000	0.200	0.825646
1.873333	0.200	0.949752
1.876667	0.200	1.101065
1.880000	0.200	1.266268
1.883333	0.200	1.428965
1.886667	0.200	1.571208
1.890000	0.200	1.676143
1.893333	0.200	1.730722
1.896667	0.200	1.727146
1.900000	0.200	1.663374
1.903333	0.200	1.543150
1.906667	0.200	1.375461
1.910000	0.200	1.173273
1.913333	0.200	0.951348
1.916667	0.200	0.723824
1.920000	0.200	0.502615
1.923333	0.200	0.296851
1.926667	0.200	0.112875
1.930000	0.200	-0.045789
1.933333	0.200	-0.178523
1.936667	0.200	-0.287181
1.940000	0.200	-0.375099
1.943333	0.200	-0.445650
1.946667	0.200	-0.500981
1.950000	0.200	-0.542213
1.953333	0.200	-0.570335
1.956667	0.200	-0.585785
1.960000	0.200	-0.587100
1.963333	0.200	-0.569816
1.966667	0.200	-0.525394
1.970000	0.200	-0.439596
1.973333	0.200	-0.290451
1.976667	0.200	-0.046528
1.980000	0.200	0.334507
1.983333	0.200	0.906752
1.986667	0.200	1.734251
1.990000	0.200	2.885720
1.993333	0.200	4.427183
1.996667	0.200	6.412364
2.000000	0.200	8.869736
2.003333	0.200	11.788108
2.006667	0.200	15.105241
2.010000	0.200	18.703318
2.013333	0.200	22.412551
2.016667	0.200	26.023002
2.020000	0.200	29.304430
2.023333	0.200	32.032209
2.026667	0.200	34.014937
2.030000	0.200	35.118727
2.033333	0.200	35.283577
2.036667	0.200	34.528228
2.040000	0.200	32.943714
2.043333	0.200	30.678589
2.046667	0.200	27.917963
2.050000	0.200	24.859546
2.053333	0.200	21.691999
2.056667	0.200	18.578797
2.060000	0.200	15.647764
2.063333	0.200	12.986123
2.066667	0.200	10.641104
2.070000	0.200	8.625951
2.073333	0.200	6.929457
2.076667	0.200	5.525012
2.080000	0.200	4.377006
2.083333	0.200	3.445997
2.086667	0.200	2.693432
2.090000	0.200	2.084957
2.093333	0.200	1.591886
2.096667	0.200	1.191152
2.100000	0.200	0.864249
2.103333	0.200	0.596136
2.106667	0.200	0.374933
2.110000	0.200	0.191722
2.113333	0.200	0.039851
2.116667	0.200	-0.085776
2.120000	0.200	-0.189169
2.123333	0.200	-0.273525
2.126667	0.200	-0.341502
2.130000	0.200	-0.395621
2.133333	0.200	-0.438430
2.136667	0.200	-0.472541
2.140000	0.200	-0.500493
2.143333	0.200	-0.524281
2.146667	0.200	-0.544982
2.150000	0.200	-0.562711
2.153333	0.200	-0.576901
2.156667	0.200	-0.586897
2.160000	0.200	-0.592563
2.163333	0.200	-0.594347
2.166667	0.200	-0.592891
2.170000	0.200	-0.588879
2.173333	0.200	-0.582862
2.176667	0.200	-0.575036
2.180000	0.200	-0.565637
2.183333	0.200	-0.555313
2.186667	0.200	-0.544946
2.190000	0.200	-0.535302
2.193333	0.200	-0.526605
2.196667	0.200	-0.518504
2.200000	0.200	-0.510565
2.203333	0.200	-0.502297
2.206667	0.200	-0.492922
2.210000	0.200	-0.481833
2.213333	0.200	-0.468798
2.216667	0.200	-0.453113
2.220000	0.200	-0.432878
2.223333	0.200	-0.405013
2.226667	0.200	-0.364979
2.230000	0.200	-0.304775
2.233333	0.200	-0.209141
2.236667	0.200	-0.052226
2.240000	0.200	0.202059
2.243333	0.200	0.593527
2.246667	0.200	1.153602
2.250000	0.200	1.890884
2.253333	0.200	2.776571
2.256667	0.200	3.732838
2.260000	0.200	4.633587
2.263333	0.200	5.328331
2.266667	0.200	5.686802
2.270000	0.200	5.644051
2.273333	0.200	5.222796
2.276667	0.200	4.523849
2.280000	0.200	3.692195
2.283333	0.200	2.875761
2.286667	0.200	2.193301
2.290000	0.200	1.719346
2.293333	0.200	1.485276
2.296667	0.200	1.490616
2.300000	0.200	1.717398
2.303333	0.200	2.142109
2.306667	0.200	2.742313
2.310000	0.200	3.497962
2.313333	0.200	4.389844
2.316667	0.200	5.397711
2.320000	0.200	6.498870
2.323333	0.200	7.667189
2.326667	0.200	8.872496
2.330000	0.200	10.081086
2.333333	0.200	11.258070
2.336667	0.200	12.370242
2.340000	0.200	13.388153
2.343333	0.200	14.287456
2.346667	0.200	15.049204
2.350000	0.200	15.659565
2.353333	0.200	16.110289
2.356667	0.200	16.399428
2.360000	0.200	16.530746
2.363333	0.200	16.512382
2.366667	0.200	16.356518
2.370000	0.200	16.079105
2.373333	0.200	15.698063
2.376667	0.200	15.231424
2.380000	0.200	14.696705
2.383333	0.200	14.110723
2.386667	0.200	13.489476
2.390000	0.200	12.848103
2.393333	0.200	12.200599
2.396667	0.200	11.559307
2.400000	0.200	10.934438
2.403333	0.200	10.334063
2.406667	0.200	9.764633
2.410000	0.200	9.231369
2.413333	0.200	8.738300
2.416667	0.200	8.288429
2.420000	0.200	7.884005
2.423333	0.200	7.526685
2.426667	0.200	7.217169
2.430000	0.200	6.954535
2.433333	0.200	6.736696
2.436667	0.200	6.561630
2.440000	0.200	6.427686
2.443333	0.200	6.333077
2.446667	0.200	6.275556
2.450000	0.200	6.252986
2.453333	0.200	6.264490
2.456667	0.200	6.310663
2.460000	0.200	6.392744
2.463333	0.200	6.512052
2.466667	0.200	6.669955
2.470000	0.200	6.867574
2.473333	0.200	7.105390
2.476667	0.200	7.383258
2.480000	0.200	7.700226
2.483333	0.200	8.054032
2.486667	0.200	8.440361
2.490000	0.200	8.851888
2.493333	0.200	9.277880
2.496667	0.200	9.704797
2.500000	0.200	10.117341
2.503333	0.200	10.499103
2.506667	0.200	10.833207
2.510000	0.200	11.103784
2.513333	0.200	11.297530
2.516667	0.200	11.405246
2.520000	0.200	11.423522
2.523333	0.200	11.354932
2.526667	0.200	11.206344
2.530000	0.200	10.986805
2.533333	0.200	10.705669
2.536667	0.200	10.371648
2.540000	0.200	9.992610
2.543333	0.200	9.574876
2.546667	0.200	9.122615
2.550000	0.200	8.638332
2.553333	0.200	8.123897
2.556667	0.200	7.581649
2.560000	0.200	7.015598
2.563333	0.200	6.432254
2.566667	0.200	5.840606
2.570000	0.200	5.251503
2.573333	0.200	4.677071
2.576667	0.200	4.130032
2.580000	0.200	3.621927
2.583333	0.200	3.161027
2.586667	0.200	2.751802
2.590000	0.200	2.395445
2.593333	0.200	2.090339
2.596667	0.200	1.832636
2.600000	0.200	1.616826
2.603333	0.200	1.436500
2.606667	0.200	1.285492
2.610000	0.200	1.158414
2.613333	0.200	1.050447
2.616667	0.200	0.957277
2.620000	0.200	0.875275
2.623333	0.200	0.801461
2.626667	0.200	0.733172
2.630000	0.200	0.668107
2.633333	0.200	0.605174
2.636667	0.200	0.544945
2.640000	0.200	0.488736
2.643333	0.200	0.437356
2.646667	0.200	0.391010
2.650000	0.200	0.350067
2.653333	0.200	0.315252
2.656667	0.200	0.287042
2.660000	0.200	0.265209
2.663333	0.200	0.248628
2.666667	0.200	0.235208
2.670000	0.200	0.222366
2.673333	0.200	0.207798
2.676667	0.200	0.189866
2.680000	0.200	0.167590
2.683333	0.200	0.140611
2.686667	0.200	0.109429
2.690000	0.200	0.075447
2.693333	0.200	0.040384
2.696667	0.200	0.005766
2.700000	0.200	-0.027160
2.703333	0.200	-0.057315
2.706667	0.200	-0.083581
2.710000	0.200	-0.104621
2.713333	0.200	-0.118893
2.716667	0.200	-0.124959
2.720000	0.200	-0.121713
2.723333	0.200	-0.108309
2.726667	0.200	-0.084489
2.730000	0.200	-0.051140
2.733333	0.200	-0.010189
2.736667	0.200	0.035863
2.740000	0.200	0.084126
2.743333	0.200	0.131378
2.746667	0.200	0.174204
2.750000	0.200	0.209645
2.753333	0.200	0.236004
2.756667	0.200	0.252538
2.760000	0.200	0.258508
2.763333	0.200	0.253158
2.766667	0.200	0.236713
2.770000	0.200	0.210825
2.773333	0.200	0.177860
2.776667	0.200	0.140344
2.780000	0.200	0.100623
2.783333	0.200	0.060168
2.786667	0.200	0.019721
2.790000	0.200	-0.019738
2.793333	0.200	-0.056929
2.796667	0.200	-0.091011
2.800000	0.200	-0.122106
2.803333	0.200	-0.151228
2.806667	0.200	-0.179487
2.810000	0.200	-0.207446
2.813333	0.200	-0.235306
2.816667	0.200	-0.262994
2.820000	0.200	-0.290072
2.823333	0.200	-0.316189
2.826667	0.200	-0.341454
2.830000	0.200	-0.365900
2.833333	0.200	-0.388952
2.836667	0.200	-0.409902
2.840000	0.200	-0.428515
2.843333	0.200	-0.444881
2.846667	0.200	-0.459033
2.850000	0.200	-0.470872
2.853333	0.200	-0.480472
2.856667	0.200	-0.488172
2.860000	0.200	-0.493794
2.863333	0.200	-0.496117
2.866667	0.200	-0.493744
2.870000	0.200	-0.485895
2.873333	0.200	-0.472360
2.876667	0.200	-0.453438
2.880000	0.200	-0.429756
2.883333	0.200	-0.401824
2.886667	0.200	-0.369856
2.890000	0.200	-0.334155
2.893333	0.200	-0.296029
2.896667	0.200	-0.258214
2.900000	0.200	-0.223992
2.903333	0.200	-0.195938
2.906667	0.200	-0.175275
2.910000	0.200	-0.161967
2.913333	0.200	-0.155237
2.916667	0.200	-0.153519
2.920000	0.200	-0.153758
2.923333	0.200	-0.151731
2.926667	0.200	-0.143972
2.930000	0.200	-0.129230
2.933333	0.200	-0.108395
2.936667	0.200	-0.084006
2.940000	0.200	-0.059616
2.943333	0.200	-0.038989
2.946667	0.200	-0.025636
2.950000	0.200	-0.022209
2.953333	0.200	-0.029563
2.956667	0.200	-0.046794
2.960000	0.200	-0.072128
2.963333	0.200	-0.103067
2.966667	0.200	-0.136566
2.970000	0.200	-0.170217
2.973333	0.200	-0.202577
2.976667	0.200	-0.232387
2.980000	0.200	-0.258439
2.983333	0.200	-0.279690
2.986667	0.200	-0.294995
2.990000	0.200	-0.303439
2.993333	0.200	-0.305128
2.996667	0.200	-0.301212
3.000000	0.200	-0.293015
3.003333	0.200	-0.281002
3.006667	0.200	-0.264630
3.010000	0.200	-0.243247
3.013333	0.200	-0.216943
3.016667	0.200	-0.186877
3.020000	0.200	-0.155250
3.023333	0.200	-0.124925
3.026667	0.200	-0.098694
3.030000	0.200	-0.078743
3.033333	0.200	-0.066795
3.036667	0.200	-0.064216
3.040000	0.200	-0.071541
3.043333	0.200	-0.088157
3.046667	0.200	-0.112496
3.050000	0.200	-0.142224
3.053333	0.200	-0.174479
3.056667	0.200	-0.206471
3.060000	0.200	-0.236203
3.063333	0.200	-0.262751
3.066667	0.200	-0.285841
3.070000	0.200	-0.305388
3.073333	0.200	-0.321406
3.076667	0.200	-0.333948
3.080000	0.200	-0.343198
3.083333	0.200	-0.349666
3.086667	0.200	-0.353908
3.090000	0.200	-0.356142
3.093333	0.200	-0.356694
3.096667	0.200	-0.356504
3.100000	0.200	-0.356706
3.103333	0.200	-0.358147
3.106667	0.200	-0.361478
3.110000	0.200	-0.367091
3.113333	0.200	-0.374830
3.116667	0.200	-0.383681
3.120000	0.200	-0.391783
3.123333	0.200	-0.397182
3.126667	0.200	-0.398872
3.130000	0.200	-0.397237
3.133333	0.200	-0.393316
3.136667	0.200	-0.387297
3.140000	0.200	-0.377813
3.143333	0.200	-0.362841
3.146667	0.200	-0.341350
3.150000	0.200	-0.314273
3.153333	0.200	-0.284065
3.156667	0.200	-0.253587
3.160000	0.200	-0.225307
3.163333	0.200	-0.201058
3.166667	0.200	-0.182379
3.170000	0.200	-0.170775
3.173333	0.200	-0.167052
3.176667	0.200	-0.170430
3.180000	0.200	-0.178891
3.183333	0.200	-0.190501
3.186667	0.200	-0.203979
3.190000	0.200	-0.218021
3.193333	0.200	-0.231069
3.196667	0.200	-0.242051
3.200000	0.200	-0.250849
3.203333	0.200	-0.258274
3.206667	0.200	-0.265503
3.210000	0.200	-0.273153
3.213333	0.200	-0.281179
3.216667	0.200	-0.289496
3.220000	0.200	-0.298076
3.223333	0.200	-0.306514
3.226667	0.200	-0.313957
3.230000	0.200	-0.319625
3.233333	0.200	-0.323479
3.236667	0.200	-0.326430
3.240000	0.200	-0.329611
3.243333	0.200	-0.333276
3.246667	0.200	-0.336567
3.250000	0.200	-0.338087
3.253333	0.200	-0.336351
3.256667	0.200	-0.329895
3.260000	0.200	-0.317107
3.263333	0.200	-0.296208
3.266667	0.200	-0.265722
3.270000	0.200	-0.224947
3.273333	0.200	-0.174374
3.276667	0.200	-0.115880
3.280000	0.200	-0.052423
3.283333	0.200	0.012347
3.286667	0.200	0.074665
3.290000	0.200	0.131368
3.293333	0.200	0.179822
3.296667	0.200	0.217692
3.300000	0.200	0.243510
3.303333	0.200	0.257143
3.306667	0.200	0.259142
3.310000	0.200	0.249884
3.313333	0.200	0.229614
3.316667	0.200	0.199142
3.320000	0.200	0.160633
3.323333	0.200	0.117726
3.326667	0.200	0.074503
3.330000	0.200	0.034344
3.333333	0.200	-0.000611
3.336667	0.200	-0.029437
3.340000	0.200	-0.051755
3.343333	0.200	-0.067013
3.346667	0.200	-0.073816
3.350000	0.200	-0.067684
3.353333	0.200	-0.034800
3.356667	0.200	0.062215
3.360000	0.200	0.313251
3.363333	0.200	0.911382
3.366667	0.200	2.225017
3.370000	0.200	4.875748
3.373333	0.200	9.786256
3.376667	0.200	18.147395
3.380000	0.200	31.260758
3.383333	0.200	50.255794
3.386667	0.200	75.741637
3.390000	0.200	107.497207
3.393333	0.200	144.304905
3.396667	0.200	183.993405
3.400000	0.200	223.695108
3.403333	0.200	260.267247
3.406667	0.200	290.782409
3.410000	0.200	312.973211
3.413333	0.200	325.529583
3.416667	0.200	328.193563
3.420000	0.200	321.657832
3.423333	0.200	307.325443
3.426667	0.200	287.008633
3.430000	0.200	262.637253
3.433333	0.200	236.026503
3.436667	0.200	208.727778
3.440000	0.200	181.961463
3.443333	0.200	156.613346
3.446667	0.200	133.269889
3.450000	0.200	112.269939
3.453333	0.200	93.757841
3.456667	0.200	77.730908
3.460000	0.200	64.079660
3.463333	0.200	52.621234
3.466667	0.200	43.126221
3.470000	0.200	35.340626
3.473333	0.200	29.005083
3.476667	0.200	23.870943
3.480000	0.200	19.712270
3.483333	0.200	16.333525
3.486667	0.200	13.573126
3.490000	0.200	11.303213
3.493333	0.200	9.425858
3.496667	0.200	7.866997
3.500000	0.200	6.570316
3.503333	0.200	5.492252
3.506667	0.200	4.597860
3.510000	0.200	3.857733
3.513333	0.200	3.246391
3.516667	0.200	2.741693
3.520000	0.200	2.324871
3.523333	0.200	1.980417
3.526667	0.200	1.695295
3.530000	0.200	1.458391
3.533333	0.200	1.260370
3.536667	0.200	1.093334
3.540000	0.200	0.950550
3.543333	0.200	0.826480
3.546667	0.200	0.717257
3.550000	0.200	0.621165
3.553333	0.200	0.538248
3.556667	0.200	0.469414
3.560000	0.200	0.415762
3.563333	0.200	0.378359
3.566667	0.200	0.358539
3.570000	0.200	0.358259
3.573333	0.200	0.379469
3.576667	0.200	0.422766
3.580000	0.200	0.487035
3.583333	0.200	0.569859
3.586667	0.200	0.667135
3.590000	0.200	0.772490
3.593333	0.200	0.877685
3.596667	0.200	0.973589
3.600000	0.200	1.051416
3.603333	0.200	1.104089
3.606667	0.200	1.126914
3.610000	0.200	1.117623
3.613333	0.200	1.076425
3.616667	0.200	1.005824
3.620000	0.200	0.910139
3.623333	0.200	0.795477
3.626667	0.200	0.669750
3.630000	0.200	0.541448
3.633333	0.200	0.417554
3.636667	0.200	0.302291
3.640000	0.200	0.197705
3.643333	0.200	0.105132
3.646667	0.200	0.025809
3.650000	0.200	-0.039783
3.653333	0.200	-0.092696
3.656667	0.200	-0.135094
3.660000	0.200	-0.169164
3.663333	0.200	-0.196810
3.666667	0.200	-0.219740
3.670000	0.200	-0.239138
3.673333	0.200	-0.255656
3.676667	0.200	-0.270002
3.680000	0.200	-0.283019
3.683333	0.200	-0.295166
3.686667	0.200	-0.306354
3.690000	0.200	-0.316216
3.693333	0.200	-0.324244
3.696667	0.200	-0.330124
3.700000	0.200	-0.334270
3.703333	0.200	-0.337709
3.706667	0.200	-0.341298
3.710000	0.200	-0.345103
3.713333	0.200	-0.348356
3.716667	0.200	-0.349820
3.720000	0.200	-0.348337
3.723333	0.200	-0.343426
3.726667	0.200	-0.335480
3.730000	0.200	-0.325372
3.733333	0.200	-0.314075
3.736667	0.200	-0.302698
3.740000	0.200	-0.292470
3.743333	0.200	-0.284457
3.746667	0.200	-0.279428
3.750000	0.200	-0.277791
3.753333	0.200	-0.279260
3.756667	0.200	-0.282648
3.760000	0.200	-0.286363
3.763333	0.200	-0.289098
3.766667	0.200	-0.290360
3.770000	0.200	-0.290950
3.773333	0.200	-0.292507
3.776667	0.200	-0.296403
3.780000	0.200	-0.303215
3.783333	0.200	-0.312595
3.786667	0.200	-0.323509
3.790000	0.200	-0.334971
3.793333	0.200	-0.346289
3.796667	0.200	-0.356840
3.800000	0.200	-0.366088
3.803333	0.200	-0.373856
3.806667	0.200	-0.380371
3.810000	0.200	-0.385365
3.813333	0.200	-0.386819
3.816667	0.200	-0.380911
3.820000	0.200	-0.363208
3.823333	0.200	-0.329454
3.826667	0.200	-0.275023
3.830000	0.200	-0.194109
3.833333	0.200	-0.079646
3.836667	0.200	0.076408
3.840000	0.200	0.281936
3.843333	0.200	0.542179
3.846667	0.200	0.858175
3.850000	0.200	1.226949
3.853333	0.200	1.641001
3.856667	0.200	2.087231
3.860000	0.200	2.547130
3.863333	0.200	2.997750
3.866667	0.200	3.413335
3.870000	0.200	3.768147
3.873333	0.200	4.039602
3.876667	0.200	4.210680
3.880000	0.200	4.271603
3.883333	0.200	4.220850
3.886667	0.200	4.065008
3.890000	0.200	3.817507
3.893333	0.200	3.496987
3.896667	0.200	3.125439
3.900000	0.200	2.725997
3.903333	0.200	2.320562
3.906667	0.200	1.927789
3.910000	0.200	1.561975
3.913333	0.200	1.232413
3.916667	0.200	0.943178
3.920000	0.200	0.694523
3.923333	0.200	0.484896
3.926667	0.200	0.311528
3.930000	0.200	0.170417
3.933333	0.200	0.057123
3.936667	0.200	-0.032562
3.940000	0.200	-0.102996
3.943333	0.200	-0.159035
3.946667	0.200	-0.204956
3.950000	0.200	-0.243028
3.953333	0.200	-0.273785
3.956667	0.200	-0.297758
3.960000	0.200	-0.316548
3.963333	0.200	-0.332066
3.966667	0.200	-0.345294
3.970000	0.200	-0.356478
3.973333	0.200	-0.366018
3.976667	0.200	-0.374524
3.980000	0.200	-0.382474
3.983333	0.200	-0.390339
3.986667	0.200	-0.398821
3.990000	0.200	-0.408525
3.993333	0.200	-0.419328
3.996667	0.200	-0.430529
4.000000	0.200	-0.441435
4.003333	0.200	-0.451329
4.006667	0.200	-0.459567
4.010000	0.200	-0.466220
4.013333	0.200	-0.471894
4.016667	0.200	-0.476914
4.020000	0.200	-0.481195
4.023333	0.200	-0.484715
4.026667	0.200	-0.487772
4.030000	0.200	-0.490768
4.033333	0.200	-0.493776
4.036667	0.200	-0.496537
4.040000	0.200	-0.499024
4.043333	0.200	-0.501582
4.046667	0.200	-0.504444
4.050000	0.200	-0.507632
4.053333	0.200	-0.511067
4.056667	0.200	-0.514219
4.060000	0.200	-0.515891
4.063333	0.200	-0.514913
4.066667	0.200	-0.511238
4.070000	0.200	-0.506121
4.073333	0.200	-0.501015
4.076667	0.200	-0.496284
4.080000	0.200	-0.490947
4.083333	0.200	-0.483785
4.086667	0.200	-0.474868
4.090000	0.200	-0.465842
4.093333	0.200	-0.458720
4.096667	0.200	-0.454524
4.100000	0.200	-0.452822
4.103333	0.200	-0.452309
4.106667	0.200	-0.451802
4.110000	0.200	-0.450748
4.113333	0.200	-0.449274
4.116667	0.200	-0.448215
4.120000	0.200	-0.448612
4.123333	0.200	-0.450821
4.126667	0.200	-0.454439
4.130000	0.200	-0.458915
4.133333	0.200	-0.463817
4.136667	0.200	-0.468800
4.140000	0.200	-0.473713
4.143333	0.200	-0.478592
4.146667	0.200	-0.483302
4.150000	0.200	-0.487390
4.153333	0.200	-0.490396
4.156667	0.200	-0.492165
4.160000	0.200	-0.492930
4.163333	0.200	-0.493061
4.166667	0.200	-0.492995
4.170000	0.200	-0.493600
4.173333	0.200	-0.495991
4.176667	0.200	-0.500640
4.180000	0.200	-0.506890
4.183333	0.200	-0.513374
4.186667	0.200	-0.518709
4.190000	0.200	-0.522139
4.193333	0.200	-0.524131
4.196667	0.200	-0.526146
4.200000	0.200	-0.529194
4.203333	0.200	-0.532800
4.206667	0.200	-0.535631
4.210000	0.200	-0.536658
4.213333	0.200	-0.535743
4.216667	0.200	-0.533781
4.220000	0.200	-0.532061
4.223333	0.200	-0.531257
4.226667	0.200	-0.531408
4.230000	0.200	-0.532576
4.233333	0.200	-0.534589
4.236667	0.200	-0.536258
4.240000	0.200	-0.535988
4.243333	0.200	-0.533192
4.246667	0.200	-0.528259
4.250000	0.200	-0.521728
4.253333	0.200	-0.514307
4.256667	0.200	-0.506888
4.260000	0.200	-0.499856
4.263333	0.200	-0.492980
4.266667	0.200	-0.486206
4.270000	0.200	-0.479971
4.273333	0.200	-0.474524
4.276667	0.200	-0.469371
4.280000	0.200	-0.463763
4.283333	0.200	-0.457646
4.286667	0.200	-0.451906
4.290000	0.200	-0.447611
4.293333	0.200	-0.445316
4.296667	0.200	-0.445255
4.300000	0.200	-0.447698
4.303333	0.200	-0.452625
4.306667	0.200	-0.459399
4.310000	0.200	-0.467085
4.313333	0.200	-0.475036
4.316667	0.200	-0.483186
4.320000	0.200	-0.491838
4.323333	0.200	-0.501240
4.326667	0.200	-0.511313
4.330000	0.200	-0.521612
4.333333	0.200	-0.531568
4.336667	0.200	-0.540686
4.340000	0.200	-0.548668
4.343333	0.200	-0.555533
4.346667	0.200	-0.561286
4.350000	0.200	-0.565666
4.353333	0.200	-0.568681
4.356667	0.200	-0.570887
4.360000	0.200	-0.572915
4.363333	0.200	-0.575005
4.366667	0.200	-0.577084
4.370000	0.200	-0.579205
4.373333	0.200	-0.581746
4.376667	0.200	-0.585095
4.380000	0.200	-0.589287
4.383333	0.200	-0.593741
4.386667	0.200	-0.597217
4.390000	0.200	-0.598525
4.393333	0.200	-0.597361
4.396667	0.200	-0.594267
4.400000	0.200	-0.590227
4.403333	0.200	-0.586434
4.406667	0.200	-0.583805
4.410000	0.200	-0.582413
4.413333	0.200	-0.581614
4.416667	0.200	-0.580738
4.420000	0.200	-0.579504
4.423333	0.200	-0.577809
4.426667	0.200	-0.575266
4.430000	0.200	-0.571287
4.433333	0.200	-0.565718
4.436667	0.200	-0.559115
4.440000	0.200	-0.552465
4.443333	0.200	-0.546533
4.446667	0.200	-0.541007
4.450000	0.200	-0.534526
4.453333	0.200	-0.525776
4.456667	0.200	-0.514375
4.460000	0.200	-0.500842
4.463333	0.200	-0.485784
4.466667	0.200	-0.469136
4.470000	0.200	-0.450441
4.473333	0.200	-0.429609
4.476667	0.200	-0.406977
4.480000	0.200	-0.382901
4.483333	0.200	-0.357804
4.486667	0.200	-0.332499
4.490000	0.200	-0.308108
4.493333	0.200	-0.285909
4.496667	0.200	-0.267251
4.500000	0.200	-0.252925
4.503333	0.200	-0.242727
4.506667	0.200	-0.236001
4.510000	0.200	-0.232114
4.513333	0.200	-0.230513
4.516667	0.200	-0.231268
4.520000	0.200	-0.235227
4.523333	0.200	-0.242828
4.526667	0.200	-0.253159
4.530000	0.200	-0.264569
4.533333	0.200	-0.275841
4.536667	0.200	-0.286519
4.540000	0.200	-0.296594
4.543333	0.200	-0.306170
4.546667	0.200	-0.315062
4.550000	0.200	-0.322595
4.553333	0.200	-0.328057
4.556667	0.200	-0.331229
4.560000	0.200	-0.332601
4.563333	0.200	-0.333259
4.566667	0.200	-0.334242
4.570000	0.200	-0.335975
4.573333	0.200	-0.338424
4.576667	0.200	-0.341455
4.580000	0.200	-0.345102
4.583333	0.200	-0.349865
4.586667	0.200	-0.356405
4.590000	0.200	-0.364818
4.593333	0.200	-0.374684
4.596667	0.200	-0.385607
4.600000	0.200	-0.397118
4.603333	0.200	-0.408443
4.606667	0.200	-0.419085
4.610000	0.200	-0.429271
4.613333	0.200	-0.439367
4.616667	0.200	-0.449376
4.620000	0.200	-0.459044
4.623333	0.200	-0.468108
4.626667	0.200	-0.476339
4.630000	0.200	-0.483351
4.633333	0.200	-0.488600
4.636667	0.200	-0.491539
4.640000	0.200	-0.491416
4.643333	0.200	-0.487081
4.646667	0.200	-0.477694
4.650000	0.200	-0.463642
4.653333	0.200	-0.446145
4.656667	0.200	-0.426214
4.660000	0.200	-0.404436
4.663333	0.200	-0.381071
4.666667	0.200	-0.355813
4.670000	0.200	-0.328096
4.673333	0.200	-0.297974
4.676667	0.200	-0.266393
4.680000	0.200	-0.234715
4.683333	0.200	-0.204371
4.686667	0.200	-0.176912
4.690000	0.200	-0.153838
4.693333	0.200	-0.136317
4.696667	0.200	-0.125214
4.700000	0.200	-0.120916
4.703333	0.200	-0.123250
4.706667	0.200	-0.131931
4.710000	0.200	-0.146294
4.713333	0.200	-0.164579
4.716667	0.200	-0.184309
4.720000	0.200	-0.203368
4.723333	0.200	-0.220762
4.726667	0.200	-0.236631
4.730000	0.200	-0.251327
4.733333	0.200	-0.264469
4.736667	0.200	-0.274868
4.740000	0.200	-0.281026
4.743333	0.200	-0.281761
4.746667	0.200	-0.276781
4.750000	0.200	-0.266926
4.753333	0.200	-0.253896
4.756667	0.200	-0.239555
4.760000	0.200	-0.225276
4.763333	0.200	-0.211762
4.766667	0.200	-0.199176
4.770000	0.200	-0.187383
4.773333	0.200	-0.176361
4.776667	0.200	-0.166758
4.780000	0.200	-0.159934
4.783333	0.200	-0.157129
4.786667	0.200	-0.158629
4.790000	0.200	-0.163407
4.793333	0.200	-0.169348
4.796667	0.200	-0.174407
4.800000	0.200	-0.177665
4.803333	0.200	-0.178922
4.806667	0.200	-0.177437
4.810000	0.200	-0.171606
4.813333	0.200	-0.159784
4.816667	0.200	-0.140781
4.820000	0.200	-0.114126
4.823333	0.200	-0.080646
4.826667	0.200	-0.042142
4.830000	0.200	-0.000132
4.833333	0.200	0.044487
4.836667	0.200	0.090546
4.840000	0.200	0.135933
4.843333	0.200	0.177823
4.846667	0.200	0.213259
4.850000	0.200	0.239513
4.853333	0.200	0.254310
4.856667	0.200	0.256255
4.860000	0.200	0.245179
4.863333	0.200	0.222032
4.866667	0.200	0.188486
4.870000	0.200	0.146506
4.873333	0.200	0.098321
4.876667	0.200	0.046663
4.880000	0.200	-0.005637
4.883333	0.200	-0.056479
4.886667	0.200	-0.104621
4.890000	0.200	-0.149163
4.893333	0.200	-0.189344
4.896667	0.200	-0.224892
4.900000	0.200	-0.256085
4.903333	0.200	-0.283261
4.906667	0.200	-0.306610
4.910000	0.200	-0.326327
4.913333	0.200	-0.342636
4.916667	0.200	-0.355787
4.920000	0.200	-0.366059
4.923333	0.200	-0.373850
4.926667	0.200	-0.379777
4.930000	0.200	-0.384357
4.933333	0.200	-0.387499
4.936667	0.200	-0.388361
4.940000	0.200	-0.385748
4.943333	0.200	-0.378892
4.946667	0.200	-0.368037
4.950000	0.200	-0.354250
4.953333	0.200	-0.338505
4.956667	0.200	-0.321146
4.960000	0.200	-0.302160
4.963333	0.200	-0.281301
4.966667	0.200	-0.258270
4.970000	0.200	-0.233269
4.973333	0.200	-0.206935
4.976667	0.200	-0.179977
4.980000	0.200	-0.153364
4.983333	0.200	-0.128448
4.986667	0.200	-0.106577
4.990000	0.200	-0.088670
4.993333	0.200	-0.075235
4.996667	0.200	-0.066736
5.000000	0.200	-0.063474
5.003333	0.200	-0.064814
5.006667	0.200	-0.068886
5.010000	0.200	-0.073418
5.013333	0.200	-0.076903
5.016667	0.200	-0.078580
5.020000	0.200	-0.077323
5.023333	0.200	-0.071303
5.026667	0.200	-0.058628
5.030000	0.200	-0.037597
5.033333	0.200	-0.006582
5.036667	0.200	0.035941
5.040000	0.200	0.091261
5.043333	0.200	0.159728
5.046667	0.200	0.239754
5.050000	0.200	0.327679
5.053333	0.200	0.418409
5.056667	0.200	0.506099
5.060000	0.200	0.584552
5.063333	0.200	0.647759
5.066667	0.200	0.691163
5.070000	0.200	0.712566
5.073333	0.200	0.711734
5.076667	0.200	0.689521
5.080000	0.200	0.647471
5.083333	0.200	0.588420
5.086667	0.200	0.517379
5.090000	0.200	0.440855
5.093333	0.200	0.364936
5.096667	0.200	0.294322
5.100000	0.200	0.232161
5.103333	0.200	0.179358
5.106667	0.200	0.134258
5.110000	0.200	0.094040
5.113333	0.200	0.056748
5.116667	0.200	0.022016
5.120000	0.200	-0.009579
5.123333	0.200	-0.037260
5.126667	0.200	-0.060264
5.130000	0.200	-0.077815
5.133333	0.200	-0.089266
5.136667	0.200	-0.094352
5.140000	0.200	-0.093056
5.143333	0.200	-0.084982
5.146667	0.200	-0.069023
5.150000	0.200	-0.043827
5.153333	0.200	-0.008384
5.156667	0.200	0.037841
5.160000	0.200	0.095035
5.163333	0.200	0.163291
5.166667	0.200	0.243113
5.170000	0.200	0.335950
5.173333	0.200	0.444151
5.176667	0.200	0.570261
5.180000	0.200	0.715879
5.183333	0.200	0.880648
5.186667	0.200	1.061748
5.190000	0.200	1.253259
5.193333	0.200	1.445156
5.196667	0.200	1.622993
5.200000	0.200	1.769412
5.203333	0.200	1.867543
5.206667	0.200	1.904858
5.210000	0.200	1.875630
5.213333	0.200	1.781472
5.216667	0.200	1.630673
5.220000	0.200	1.436834
5.223333	0.200	1.216888
5.226667	0.200	0.988794
5.230000	0.200	0.768935
5.233333	0.200	0.569633
5.236667	0.200	0.398083
5.240000	0.200	0.257337
5.243333	0.200	0.148681
5.246667	0.200	0.074253
5.250000	0.200	0.038931
5.253333	0.200	0.051336
5.256667	0.200	0.124151
5.260000	0.200	0.272539
5.263333	0.200	0.508755
5.266667	0.200	0.834449
5.270000	0.200	1.235112
5.273333	0.200	1.678580
5.276667	0.200	2.117501
5.280000	0.200	2.496492
5.283333	0.200	2.763253
5.286667	0.200	2.880569
5.290000	0.200	2.835232
5.293333	0.200	2.640587
5.296667	0.200	2.331627
5.300000	0.200	1.954966
5.303333	0.200	1.558267
5.306667	0.200	1.181948
5.310000	0.200	0.853408
5.313333	0.200	0.584722
5.316667	0.200	0.375266
5.320000	0.200	0.217354
5.323333	0.200	0.100849
5.326667	0.200	0.015765
5.330000	0.200	-0.046290
5.333333	0.200	-0.091823
5.336667	0.200	-0.125716
5.340000	0.200	-0.151338
5.343333	0.200	-0.170843
5.346667	0.200	-0.185535
5.350000	0.200	-0.196233
5.353333	0.200	-0.203826
5.356667	0.200	-0.209502
5.360000	0.200	-0.214468
5.363333	0.200	-0.219626
5.366667	0.200	-0.225300
5.370000	0.200	-0.231046
5.373333	0.200	-0.235987
5.376667	0.200	-0.239586
5.380000	0.200	-0.241935
5.383333	0.200	-0.243150
5.386667	0.200	-0.242809
5.390000	0.200	-0.240585
5.393333	0.200	-0.237082
5.396667	0.200	-0.233504
5.400000	0.200	-0.230926
5.403333	0.200	-0.229873
5.406667	0.200	-0.229924
5.410000	0.200	-0.229942
5.413333	0.200	-0.228906
5.416667	0.200	-0.226298
5.420000	0.200	-0.222141
5.423333	0.200	-0.217073
5.426667	0.200	-0.212031
5.430000	0.200	-0.207677
5.433333	0.200	-0.204414
5.436667	0.200	-0.202685
5.440000	0.200	-0.202710
5.443333	0.200	-0.204151
5.446667	0.200	-0.206349
5.450000	0.200	-0.208701
5.453333	0.200	-0.210761
5.456667	0.200	-0.212299
5.460000	0.200	-0.213335
5.463333	0.200	-0.214030
5.466667	0.200	-0.214510
5.470000	0.200	-0.214578
5.473333	0.200	-0.213529
5.476667	0.200	-0.210451
5.480000	0.200	-0.204818
5.483333	0.200	-0.196853
5.486667	0.200	-0.187172
5.490000	0.200	-0.176076
5.493333	0.200	-0.163760
5.496667	0.200	-0.151110
5.500000	0.200	-0.139528
5.503333	0.200	-0.129948
5.506667	0.200	-0.122171
5.510000	0.200	-0.115014
5.513333	0.200	-0.107118
5.516667	0.200	-0.097783
5.520000	0.200	-0.086980
5.523333	0.200	-0.074743
5.526667	0.200	-0.061184
5.530000	0.200	-0.047043
5.533333	0.200	-0.033522
5.536667	0.200	-0.021595
5.540000	0.200	-0.011847
5.543333	0.200	-0.004701
5.546667	0.200	-0.000425
5.550000	0.200	0.000830
5.553333	0.200	-0.001114
5.556667	0.200	-0.006441
5.560000	0.200	-0.014961
5.563333	0.200	-0.025667
5.566667	0.200	-0.037160
5.570000	0.200	-0.048677
5.573333	0.200	-0.060047
5.576667	0.200	-0.070745
5.580000	0.200	-0.079677
5.583333	0.200	-0.085829
5.586667	0.200	-0.088767
5.590000	0.200	-0.088870
5.593333	0.200	-0.087195
5.596667	0.200	-0.084748
5.600000	0.200	-0.082226
5.603333	0.200	-0.080492
5.606667	0.200	-0.080380
5.610000	0.200	-0.081994
5.613333	0.200	-0.084684
5.616667	0.200	-0.087684
5.620000	0.200	-0.090744
5.623333	0.200	-0.094049
5.626667	0.200	-0.097386
5.630000	0.200	-0.099305
5.633333	0.200	-0.097729
5.636667	0.200	-0.091891
5.640000	0.200	-0.082964
5.643333	0.200	-0.072559
5.646667	0.200	-0.061450
5.650000	0.200	-0.049743
5.653333	0.200	-0.037578
5.656667	0.200	-0.025548
5.660000	0.200	-0.014386
5.663333	0.200	-0.004185
5.666667	0.200	0.005577
5.670000	0.200	0.015194
5.673333	0.200	0.024220
5.676667	0.200	0.031370
5.680000	0.200	0.034865
5.683333	0.200	0.033458
5.686667	0.200	0.027053
5.690000	0.200	0.016237
5.693333	0.200	0.002018
5.696667	0.200	-0.013873
5.700000	0.200	-0.029635
5.703333	0.200	-0.044575
5.706667	0.200	-0.058851
5.710000	0.200	-0.072036
5.713333	0.200	-0.082651
5.716667	0.200	-0.089366
5.720000	0.200	-0.092140
5.723333	0.200	-0.091660
5.726667	0.200	-0.088287
5.730000	0.200	-0.081994
5.733333	0.200	-0.072746
5.736667	0.200	-0.060793
5.740000	0.200	-0.046587
5.743333	0.200	-0.030589
5.746667	0.200	-0.013618
5.750000	0.200	0.002958
5.753333	0.200	0.017557
5.756667	0.200	0.028509
5.760000	0.200	0.034444
5.763333	0.200	0.035263
5.766667	0.200	0.032422
5.770000	0.200	0.027971
5.773333	0.200	0.023403
5.776667	0.200	0.019176
5.780000	0.200	0.014947
5.783333	0.200	0.010193
5.786667	0.200	0.004813
5.790000	0.200	-0.000578
5.793333	0.200	-0.004900
5.796667	0.200	-0.007178
5.800000	0.200	-0.006944
5.803333	0.200	-0.004093
5.806667	0.200	0.001564
5.810000	0.200	0.009992
5.813333	0.200	0.019956
5.816667	0.200	0.028925
5.820000	0.200	0.034187
5.823333	0.200	0.033757
5.826667	0.200	0.026875
5.830000	0.200	0.014506
5.833333	0.200	-0.001000
5.836667	0.200	-0.017209
5.840000	0.200	-0.032412
5.843333	0.200	-0.045608
5.846667	0.200	-0.056306
5.850000	0.200	-0.064197
5.853333	0.200	-0.068899
5.856667	0.200	-0.070408
5.860000	0.200	-0.069682
5.863333	0.200	-0.068227
5.866667	0.200	-0.067120
5.870000	0.200	-0.066632
5.873333	0.200	-0.066345
5.876667	0.200	-0.065290
5.880000	0.200	-0.061889
5.883333	0.200	-0.053891
5.886667	0.200	-0.038824
5.890000	0.200	-0.014879
5.893333	0.200	0.018188
5.896667	0.200	0.058420
5.900000	0.200	0.101897
5.903333	0.200	0.143877
5.906667	0.200	0.179924
5.910000	0.200	0.206519
5.913333	0.200	0.221368
5.916667	0.200	0.223571
5.920000	0.200	0.213826
5.923333	0.200	0.194416
5.926667	0.200	0.168751
5.930000	0.200	0.140643
5.933333	0.200	0.113356
5.936667	0.200	0.088625
5.940000	0.200	0.066387
5.943333	0.200	0.045568
5.946667	0.200	0.025348
5.950000	0.200	0.005864
5.953333	0.200	-0.011941
5.956667	0.200	-0.026949
5.960000	0.200	-0.038510
5.963333	0.200	-0.046592
5.966667	0.200	-0.051631
5.970000	0.200	-0.054454
5.973333	0.200	-0.055786
5.976667	0.200	-0.055832
5.980000	0.200	-0.054706
5.983333	0.200	-0.052867
5.986667	0.200	-0.050835
5.990000	0.200	-0.048850
5.993333	0.200	-0.046882
5.996667	0.200	-0.044660
6.000000	0.200	-0.041984
6.003333	0.200	-0.039061
6.006667	0.200	-0.036275
6.010000	0.200	-0.033801
6.013333	0.200	-0.031364
6.016667	0.200	-0.028374
6.020000	0.200	-0.024736
6.023333	0.200	-0.021063
6.026667	0.200	-0.017446
6.030000	0.200	-0.012956
6.033333	0.200	-0.006812
6.036667	0.200	0.000978
6.040000	0.200	0.010183
6.043333	0.200	0.020850
6.046667	0.200	0.033344
6.050000	0.200	0.048252
6.053333	0.200	0.066203
6.056667	0.200	0.087614
6.060000	0.200	0.112359
6.063333	0.200	0.139567
6.066667	0.200	0.167749
6.070000	0.200	0.194952
6.073333	0.200	0.219155
6.076667	0.200	0.239105
6.080000	0.200	0.254472
6.083333	0.200	0.265334
6.086667	0.200	0.271978
6.090000	0.200	0.274789
6.093333	0.200	0.274149
6.096667	0.200	0.270767
6.100000	0.200	0.266020
6.103333	0.200	0.261719
6.106667	0.200	0.259529
6.110000	0.200	0.260653
6.113333	0.200	0.265718
6.116667	0.200	0.274304
6.120000	0.200	0.284830
6.123333	0.200	0.295354
6.126667	0.200	0.304138
6.130000	0.200	0.309662
6.133333	0.200	0.310851
6.136667	0.200	0.307358
6.140000	0.200	0.299360
6.143333	0.200	0.287329
6.146667	0.200	0.272148
6.150000	0.200	0.255156
6.153333	0.200	0.237838
6.156667	0.200	0.221490
6.160000	0.200	0.206973
6.163333	0.200	0.194494
6.166667	0.200	0.183615
6.170000	0.200	0.173631
6.173333	0.200	0.163817
6.176667	0.200	0.153347
6.180000	0.200	0.141598
6.183333	0.200	0.128561
6.186667	0.200	0.114447
6.190000	0.200	0.099298
6.193333	0.200	0.083403
6.196667	0.200	0.067713
6.200000	0.200	0.053625
6.203333	0.200	0.042352
6.206667	0.200	0.034340
6.210000	0.200	0.029072
6.213333	0.200	0.025257
6.216667	0.200	0.021438
6.220000	0.200	0.016697
6.223333	0.200	0.010671
6.226667	0.200	0.003287
6.230000	0.200	-0.004789
6.233333	0.200	-0.012040
6.236667	0.200	-0.017080
6.240000	0.200	-0.019441
6.243333	0.200	-0.019443
6.246667	0.200	-0.017654
6.250000	0.200	-0.014657
6.253333	0.200	-0.011167
6.256667	0.200	-0.007957
6.260000	0.200	-0.005567
6.263333	0.200	-0.004157
6.266667	0.200	-0.003483
6.270000	0.200	-0.003148
6.273333	0.200	-0.002907
6.276667	0.200	-0.002878
6.280000	0.200	-0.003728
6.283333	0.200	-0.006301
6.286667	0.200	-0.011025
6.290000	0.200	-0.017907
6.293333	0.200	-0.026484
6.296667	0.200	-0.035436
6.300000	0.200	-0.042875
6.303333	0.200	-0.047440
6.306667	0.200	-0.048762
6.310000	0.200	-0.046943
6.313333	0.200	-0.042223
6.316667	0.200	-0.035258
6.320000	0.200	-0.027060
6.323333	0.200	-0.018215
6.326667	0.200	-0.008563
6.330000	0.200	0.001997
6.333333	0.200	0.012977
6.336667	0.200	0.023714
6.340000	0.200	0.033487
6.343333	0.200	0.041236
6.346667	0.200	0.045803
6.350000	0.200	0.046285
6.353333	0.200	0.042135
6.356667	0.200	0.033510
6.360000	0.200	0.021757
6.363333	0.200	0.009159
6.366667	0.200	-0.002138
6.370000	0.200	-0.011158
6.373333	0.200	-0.018110
6.376667	0.200	-0.023412
6.380000	0.200	-0.026840
6.383333	0.200	-0.027583
6.386667	0.200	-0.025115
6.390000	0.200	-0.020120
6.393333	0.200	-0.014439
6.396667	0.200	-0.010150
6.400000	0.200	-0.008482
6.403333	0.200	-0.009010
6.406667	0.200	-0.010036
6.410000	0.200	-0.010062
6.413333	0.200	-0.008529
6.416667	0.200	-0.005191
6.420000	0.200	0.000547
6.423333	0.200	0.009623
6.426667	0.200	0.022875
6.430000	0.200	0.040599
6.433333	0.200	0.062464
6.436667	0.200	0.087683
6.440000	0.200	0.115464
6.443333	0.200	0.145287
6.446667	0.200	0.176224
6.450000	0.200	0.206244
6.453333	0.200	0.232653
6.456667	0.200	0.252986
6.460000	0.200	0.265454
6.463333	0.200	0.269164
6.466667	0.200	0.264183
6.470000	0.200	0.251417
6.473333	0.200	0.232446
6.476667	0.200	0.209128
6.480000	0.200	0.183028
6.483333	0.200	0.155275
6.486667	0.200	0.126978
6.490000	0.200	0.099474
6.493333	0.200	0.073923
6.496667	0.200	0.050992
6.500000	0.200	0.031047
6.503333	0.200	0.014153
6.506667	0.200	-0.000063
6.510000	0.200	-0.012191
6.513333	0.200	-0.022893
6.516667	0.200	-0.032873
6.520000	0.200	-0.042504
6.523333	0.200	-0.051555
6.526667	0.200	-0.059366
6.530000	0.200	-0.065435
6.533333	0.200	-0.070092
6.536667	0.200	-0.074308
6.540000	0.200	-0.078681
6.543333	0.200	-0.082976
6.546667	0.200	-0.086661
6.550000	0.200	-0.089577
6.553333	0.200	-0.091922
6.556667	0.200	-0.093833
6.560000	0.200	-0.095380
6.563333	0.200	-0.096789
6.566667	0.200	-0.098223
6.570000	0.200	-0.099470
6.573333	0.200	-0.099989
6.576667	0.200	-0.099239
6.580000	0.200	-0.097345
6.583333	0.200	-0.095210
6.586667	0.200	-0.093641
6.590000	0.200	-0.092702
6.593333	0.200	-0.091950
6.596667	0.200	-0.091148
6.600000	0.200	-0.090824
6.603333	0.200	-0.091642
6.606667	0.200	-0.093171
6.610000	0.200	-0.094133
6.613333	0.200	-0.093893
6.616667	0.200	-0.092995
6.620000	0.200	-0.092239
6.623333	0.200	-0.091902
6.626667	0.200	-0.091740
6.630000	0.200	-0.091168
6.633333	0.200	-0.089778
6.636667	0.200	-0.087816
6.640000	0.200	-0.085872
6.643333	0.200	-0.084372
6.646667	0.200	-0.083301
6.650000	0.200	-0.082082
6.653333	0.200	-0.079795
6.656667	0.200	-0.075642
6.660000	0.200	-0.069473
6.663333	0.200	-0.061912
6.666667	0.200	-0.053778
6.670000	0.200	-0.045596
6.673333	0.200	-0.037753
6.676667	0.200	-0.030830
6.680000	0.200	-0.025541
6.683333	0.200	-0.022450
6.686667	0.200	-0.021657
6.690000	0.200	-0.022670
6.693333	0.200	-0.024941
6.696667	0.200	-0.028383
6.700000	0.200	-0.032954
6.703333	0.200	-0.038016
6.706667	0.200	-0.042638
6.710000	0.200	-0.046577
6.713333	0.200	-0.050436
6.716667	0.200	-0.054707
6.720000	0.200	-0.059121
6.723333	0.200	-0.062980
6.726667	0.200	-0.065600
6.730000	0.200	-0.066477
6.733333	0.200	-0.065602
6.736667	0.200	-0.063287
6.740000	0.200	-0.059639
6.743333	0.200	-0.054772
6.746667	0.200	-0.048995
6.750000	0.200	-0.042660
6.753333	0.200	-0.036284
6.756667	0.200	-0.030613
6.760000	0.200	-0.026298
6.763333	0.200	-0.023674
6.766667	0.200	-0.023028
6.770000	0.200	-0.024657
6.773333	0.200	-0.028281
6.776667	0.200	-0.032784
6.780000	0.200	-0.036942
6.783333	0.200	-0.040247
6.786667	0.200	-0.042813
6.790000	0.200	-0.044999
6.793333	0.200	-0.047406
6.796667	0.200	-0.050657
6.800000	0.200	-0.054637
6.803333	0.200	-0.058159
6.806667	0.200	-0.059720
6.810000	0.200	-0.058831
6.813333	0.200	-0.056318
6.816667	0.200	-0.053378
6.820000	0.200	-0.050989
6.823333	0.200	-0.049803
6.826667	0.200	-0.049875
6.830000	0.200	-0.050744
6.833333	0.200	-0.051952
6.836667	0.200	-0.053522
6.840000	0.200	-0.055983
6.843333	0.200	-0.059791
6.846667	0.200	-0.064819
6.850000	0.200	-0.070323
6.853333	0.200	-0.075145
6.856667	0.200	-0.078413
6.860000	0.200	-0.080292
6.863333	0.200	-0.081575
6.866667	0.200	-0.082579
6.870000	0.200	-0.082917
6.873333	0.200	-0.082123
6.876667	0.200	-0.079776
6.880000	0.200	-0.074409
6.883333	0.200	-0.061905
6.886667	0.200	-0.034998
6.890000	0.200	0.017087
6.893333	0.200	0.111629
6.896667	0.200	0.277302
6.900000	0.200	0.558608
6.903333	0.200	1.020012
6.906667	0.200	1.750459
6.910000	0.200	2.867287
6.913333	0.200	4.516838
6.916667	0.200	6.869751
6.920000	0.200	10.110984
6.923333	0.200	14.423575
6.926667	0.200	19.965225
6.930000	0.200	26.839935
6.933333	0.200	35.067796
6.936667	0.200	44.557300
6.940000	0.200	55.086883
6.943333	0.200	66.301239
6.946667	0.200	77.724741
6.950000	0.200	88.792478
6.953333	0.200	98.897381
6.956667	0.200	107.448063
6.960000	0.200	113.929160
6.963333	0.200	117.956516
6.966667	0.200	119.319025
6.970000	0.200	117.998488
6.973333	0.200	114.164498
6.976667	0.200	108.147920
6.980000	0.200	100.398318
6.983333	0.200	91.431969
6.986667	0.200	81.778585
6.990000	0.200	71.933868
6.993333	0.200	62.322476
6.996667	0.200	53.274551
7.000000	0.200	45.017226
7.003333	0.200	37.679079
7.006667	0.200	31.303510
7.010000	0.200	25.867393
7.013333	0.200	21.301782
7.016667	0.200	17.511414
7.020000	0.200	14.390411
7.023333	0.200	11.833542
7.026667	0.200	9.743679
7.030000	0.200	8.035913
7.033333	0.200	6.638704
7.036667	0.200	5.493140
7.040000	0.200	4.551445
7.043333	0.200	3.775111
7.046667	0.200	3.133181
7.050000	0.200	2.601050
7.053333	0.200	2.159453
7.056667	0.200	1.793255
7.060000	0.200	1.490040
7.063333	0.200	1.239267
7.066667	0.200	1.032323
7.070000	0.200	0.862114
7.073333	0.200	0.722085
7.076667	0.200	0.606094
7.080000	0.200	0.509074
7.083333	0.200	0.427354
7.086667	0.200	0.358631
7.090000	0.200	0.301703
7.093333	0.200	0.255642
7.096667	0.200	0.218932
7.100000	0.200	0.189386
7.103333	0.200	0.164715
7.106667	0.200	0.143241
7.110000	0.200	0.124115
7.113333	0.200	0.106943
7.116667	0.200	0.091344
7.120000	0.200	0.076907
7.123333	0.200	0.063646
7.126667	0.200	0.052019
7.130000	0.200	0.042174
7.133333	0.200	0.033926
7.136667	0.200	0.027265
7.140000	0.200	0.022019
7.143333	0.200	0.017285
7.146667	0.200	0.011847
7.150000	0.200	0.005227
7.153333	0.200	-0.001962
7.156667	0.200	-0.008738
7.160000	0.200	-0.014596
7.163333	0.200	-0.019765
7.166667	0.200	-0.024642
7.170000	0.200	-0.029212
7.173333	0.200	-0.033293
7.176667	0.200	-0.036666
7.180000	0.200	-0.039143
7.183333	0.200	-0.041044
7.186667	0.200	-0.043102
7.190000	0.200	-0.045935
7.193333	0.200	-0.049778
7.196667	0.200	-0.054493
7.200000	0.200	-0.059746
7.203333	0.200	-0.065133
7.206667	0.200	-0.070322
7.210000	0.200	-0.075203
7.213333	0.200	-0.079710
7.216667	0.200	-0.083474
7.220000	0.200	-0.085704
7.223333	0.200	-0.085310
7.226667	0.200	-0.081424
7.230000	0.200	-0.073998
7.233333	0.200	-0.063457
7.236667	0.200	-0.049424
7.240000	0.200	-0.030184
7.243333	0.200	-0.003379
7.246667	0.200	0.033624
7.250000	0.200	0.083951
7.253333	0.200	0.151228
7.256667	0.200	0.239407
7.260000	0.200	0.352085
7.263333	0.200	0.491150
7.266667	0.200	0.655880
7.270000	0.200	0.843327
7.273333	0.200	1.049242
7.276667	0.200	1.268129
7.280000	0.200	1.492785
7.283333	0.200	1.714435
7.286667	0.200	1.923191
7.290000	0.200	2.108658
7.293333	0.200	2.260949
7.296667	0.200	2.372066
7.300000	0.200	2.437215
7.303333	0.200	2.454980
7.306667	0.200	2.426215
7.310000	0.200	2.353246
7.313333	0.200	2.240316
7.316667	0.200	2.094065
7.320000	0.200	1.922910
7.323333	0.200	1.735961
7.326667	0.200	1.542225
7.330000	0.200	1.349526
7.333333	0.200	1.163633
7.336667	0.200	0.988665
7.340000	0.200	0.827759
7.343333	0.200	0.682883
7.346667	0.200	0.554803
7.350000	0.200	0.443747
7.353333	0.200	0.349545
7.356667	0.200	0.270907
7.360000	0.200	0.205284
7.363333	0.200	0.149998
7.366667	0.200	0.103418
7.370000	0.200	0.064908
7.373333	0.200	0.033985
7.376667	0.200	0.009888
7.380000	0.200	-0.008328
7.383333	0.200	-0.021658
7.386667	0.200	-0.030889
7.390000	0.200	-0.036156
7.393333	0.200	-0.037077
7.396667	0.200	-0.033492
7.400000	0.200	-0.025596
7.403333	0.200	-0.013674
7.406667	0.200	0.001622
7.410000	0.200	0.019137
7.413333	0.200	0.037722
7.416667	0.200	0.056476
7.420000	0.200	0.074555
7.423333	0.200	0.091192
7.426667	0.200	0.105753
7.430000	0.200	0.117551
7.433333	0.200	0.125889
7.436667	0.200	0.130277
7.440000	0.200	0.130255
7.443333	0.200	0.125419
7.446667	0.200	0.115926
7.450000	0.200	0.102428
7.453333	0.200	0.085553
7.456667	0.200	0.065894
7.460000	0.200	0.044147
7.463333	0.200	0.021203
7.466667	0.200	-0.001636
7.470000	0.200	-0.022937
7.473333	0.200	-0.041730
7.476667	0.200	-0.057724
7.480000	0.200	-0.071183
7.483333	0.200	-0.082447
7.486667	0.200	-0.091570
7.490000	0.200	-0.098710
7.493333	0.200	-0.104522
7.496667	0.200	-0.109820
7.500000	0.200	-0.114975
7.503333	0.200	-0.119571
7.506667	0.200	-0.122742
7.510000	0.200	-0.124035
7.513333	0.200	-0.123785
7.516667	0.200	-0.122651
7.520000	0.200	-0.121040
7.523333	0.200	-0.118996
7.526667	0.200	-0.116390
7.530000	0.200	-0.113143
7.533333	0.200	-0.109436
7.536667	0.200	-0.105703
7.540000	0.200	-0.102123
7.543333	0.200	-0.098294
7.546667	0.200	-0.093714
7.550000	0.200	-0.088213
7.553333	0.200	-0.081796
7.556667	0.200	-0.074353
7.560000	0.200	-0.065525
7.563333	0.200	-0.055197
7.566667	0.200	-0.044469
7.570000	0.200	-0.035320
7.573333	0.200	-0.029062
7.576667	0.200	-0.025638
7.580000	0.200	-0.024099
7.583333	0.200	-0.023461
7.586667	0.200	-0.023199
7.590000	0.200	-0.023175
7.593333	0.200	-0.023677
7.596667	0.200	-0.025329
7.600000	0.200	-0.028461
7.603333	0.200	-0.032789
7.606667	0.200	-0.037678
7.610000	0.200	-0.042595
7.613333	0.200	-0.047514
7.616667	0.200	-0.052916
7.620000	0.200	-0.059320
7.623333	0.200	-0.066611
7.626667	0.200	-0.073828
7.630000	0.200	-0.079878
7.633333	0.200	-0.084456
7.636667	0.200	-0.087954
7.640000	0.200	-0.090707
7.643333	0.200	-0.092815
7.646667	0.200	-0.094534
7.650000	0.200	-0.096608
7.653333	0.200	-0.100066
7.656667	0.200	-0.105421
7.660000	0.200	-0.112462
7.663333	0.200	-0.120842
7.666667	0.200	-0.130069
7.670000	0.200	-0.139122
7.673333	0.200	-0.147035
7.676667	0.200	-0.153616
7.680000	0.200	-0.159041
7.683333	0.200	-0.163275
7.686667	0.200	-0.166264
7.690000	0.200	-0.168231
7.693333	0.200	-0.169545
7.696667	0.200	-0.170405
7.700000	0.200	-0.170704
7.703333	0.200	-0.170279
7.706667	0.200	-0.169054
7.710000	0.200	-0.166580
7.713333	0.200	-0.161711
7.716667	0.200	-0.152562
7.720000	0.200	-0.135583
7.723333	0.200	-0.104112
7.726667	0.200	-0.047545
7.730000	0.200	0.049724
7.733333	0.200	0.209850
7.736667	0.200	0.461757
7.740000	0.200	0.839189
7.743333	0.200	1.377404
7.746667	0.200	2.108316
7.750000	0.200	3.053436
7.753333	0.200	4.215761
7.756667	0.200	5.572819
7.760000	0.200	7.073001
7.763333	0.200	8.636333
7.766667	0.200	10.160307
7.770000	0.200	11.530708
7.773333	0.200	12.635885
7.776667	0.200	13.382538
7.780000	0.200	13.710063
7.783333	0.200	13.599372
7.786667	0.200	13.074166
7.790000	0.200	12.195460
7.793333	0.200	11.051303
7.796667	0.200	9.743497
7.800000	0.200	8.373538
7.803333	0.200	7.030805
7.806667	0.200	5.784074
7.810000	0.200	4.676938
7.813333	0.200	3.728730
7.816667	0.200	2.939728
7.820000	0.200	2.297533
7.823333	0.200	1.782928
7.826667	0.200	1.374464
7.830000	0.200	1.051321
7.833333	0.200	0.794962
7.836667	0.200	0.590401
7.840000	0.200	0.426770
7.843333	0.200	0.296524
7.846667	0.200	0.194138
7.850000	0.200	0.115196
7.853333	0.200	0.055747
7.856667	0.200	0.011787
7.860000	0.200	-0.020785
7.863333	0.200	-0.045631
7.866667	0.200	-0.065313
7.870000	0.200	-0.081237
7.873333	0.200	-0.094170
7.876667	0.200	-0.104708
7.880000	0.200	-0.113578
7.883333	0.200	-0.121711
7.886667	0.200	-0.129610
7.890000	0.200	-0.136669
7.893333	0.200	-0.141621
7.896667	0.200	-0.143655
7.900000	0.200	-0.143212
7.903333	0.200	-0.141919
7.906667	0.200	-0.141514
7.910000	0.200	-0.142716
7.913333	0.200	-0.145064
7.916667	0.200	-0.147626
7.920000	0.200	-0.149920
7.923333	0.200	-0.152266
7.926667	0.200	-0.155143
7.930000	0.200	-0.158429
7.933333	0.200	-0.161637
7.936667	0.200	-0.164554
7.940000	0.200	-0.167175
7.943333	0.200	-0.169421
7.946667	0.200	-0.171167
7.950000	0.200	-0.172276
7.953333	0.200	-0.172661
7.956667	0.200	-0.172524
7.960000	0.200	-0.172293
7.963333	0.200	-0.172165
7.966667	0.200	-0.171911
7.970000	0.200	-0.171129
7.973333	0.200	-0.169579
7.976667	0.200	-0.167260
7.980000	0.200	-0.164241
7.983333	0.200	-0.160751
7.986667	0.200	-0.157360
7.990000	0.200	-0.154313
7.993333	0.200	-0.150424
7.996667	0.200	-0.143140
8.000000	0.200	-0.129690
8.003333	0.200	-0.107911
8.006667	0.200	-0.076751
8.010000	0.200	-0.036704
8.013333	0.200	0.010481
8.016667	0.200	0.062407
8.020000	0.200	0.116161
8.023333	0.200	0.168136
8.026667	0.200	0.214034
8.030000	0.200	0.249587
8.033333	0.200	0.271487
8.036667	0.200	0.277873
8.040000	0.200	0.268617
8.043333	0.200	0.245262
8.046667	0.200	0.210624
8.050000	0.200	0.168359
8.053333	0.200	0.122584
8.056667	0.200	0.077400
8.060000	0.200	0.035947
8.063333	0.200	-0.000368
8.066667	0.200	-0.031461
8.070000	0.200	-0.057761
8.073333	0.200	-0.079979
8.076667	0.200	-0.098726
8.080000	0.200	-0.114088
8.083333	0.200	-0.126161
8.086667	0.200	-0.135644
8.090000	0.200	-0.143420
8.093333	0.200	-0.149916
8.096667	0.200	-0.154970
8.100000	0.200	-0.158133
8.103333	0.200	-0.159368
8.106667	0.200	-0.159504
8.110000	0.200	-0.159652
8.113333	0.200	-0.160526
8.116667	0.200	-0.162441
8.120000	0.200	-0.165334
8.123333	0.200	-0.168780
8.126667	0.200	-0.172258
8.130000	0.200	-0.175383
8.133333	0.200	-0.178221
8.136667	0.200	-0.181458
8.140000	0.200	-0.185651
8.143333	0.200	-0.190524
8.146667	0.200	-0.195637
8.150000	0.200	-0.201064
8.153333	0.200	-0.206646
8.156667	0.200	-0.211291
8.160000	0.200	-0.213788
8.163333	0.200	-0.213887
8.166667	0.200	-0.212194
8.170000	0.200	-0.209591
8.173333	0.200	-0.206906
8.176667	0.200	-0.204377
8.180000	0.200	-0.201675
8.183333	0.200	-0.199075
8.186667	0.200	-0.197796
8.190000	0.200	-0.198565
8.193333	0.200	-0.200639
8.196667	0.200	-0.202611
8.200000	0.200	-0.203657
8.203333	0.200	-0.203765
8.206667	0.200	-0.203253
8.210000	0.200	-0.202345
8.213333	0.200	-0.201131
8.216667	0.200	-0.199952
8.220000	0.200	-0.199404
8.223333	0.200	-0.199643
8.226667	0.200	-0.200161
8.230000	0.200	-0.200406
8.233333	0.200	-0.200348
8.236667	0.200	-0.200435
8.240000	0.200	-0.201189
8.243333	0.200	-0.202944
8.246667	0.200	-0.205751
8.250000	0.200	-0.209167
8.253333	0.200	-0.212398
8.256667	0.200	-0.214947
8.260000	0.200	-0.216912
8.263333	0.200	-0.218726
8.266667	0.200	-0.220877
8.270000	0.200	-0.223571
8.273333	0.200	-0.226354
8.276667	0.200	-0.228406
8.280000	0.200	-0.229363
8.283333	0.200	-0.229569
8.286667	0.200	-0.229522
8.290000	0.200	-0.229228
8.293333	0.200	-0.228207
8.296667	0.200	-0.226218
8.300000	0.200	-0.223671
8.303333	0.200	-0.221278
8.306667	0.200	-0.219558
8.310000	0.200	-0.218449
8.313333	0.200	-0.217495
8.316667	0.200	-0.216546
8.320000	0.200	-0.215628
8.323333	0.200	-0.214146
8.326667	0.200	-0.210858
8.330000	0.200	-0.204463
8.333333	0.200	-0.194294
8.336667	0.200	-0.180856
8.340000	0.200	-0.165716
8.343333	0.200	-0.151316
8.346667	0.200	-0.140669
8.350000	0.200	-0.135978
8.353333	0.200	-0.137458
8.356667	0.200	-0.143762
8.360000	0.200	-0.152988
8.363333	0.200	-0.163228
8.366667	0.200	-0.173080
8.370000	0.200	-0.181983
8.373333	0.200	-0.189587
8.376667	0.200	-0.194881
8.380000	0.200	-0.196486
8.383333	0.200	-0.193700
8.386667	0.200	-0.187074
8.390000	0.200	-0.178264
8.393333	0.200	-0.169451
8.396667	0.200	-0.162590
8.400000	0.200	-0.158904
8.403333	0.200	-0.158858
8.406667	0.200	-0.162364
8.410000	0.200	-0.168888
8.413333	0.200	-0.177827
8.416667	0.200	-0.188915
8.420000	0.200	-0.201674
8.423333	0.200	-0.214653
8.426667	0.200	-0.226050
8.430000	0.200	-0.234829
8.433333	0.200	-0.240924
8.436667	0.200	-0.244963
8.440000	0.200	-0.247851
8.443333	0.200	-0.250174
8.446667	0.200	-0.252145
8.450000	0.200	-0.253944
8.453333	0.200	-0.255598
8.456667	0.200	-0.256953
8.460000	0.200	-0.258102
8.463333	0.200	-0.259228
8.466667	0.200	-0.260161
8.470000	0.200	-0.260672
8.473333	0.200	-0.260942
8.476667	0.200	-0.261422
8.480000	0.200	-0.262322
8.483333	0.200	-0.263349
8.486667	0.200	-0.264085
8.490000	0.200	-0.264433
8.493333	0.200	-0.264522
8.496667	0.200	-0.264569
8.500000	0.200	-0.265151
8.503333	0.200	-0.267091
8.506667	0.200	-0.270426
8.510000	0.200	-0.273787
8.513333	0.200	-0.275240
8.516667	0.200	-0.273659
8.520000	0.200	-0.269209
8.523333	0.200	-0.263045
8.526667	0.200	-0.256763
8.530000	0.200	-0.251422
8.533333	0.200	-0.246726
8.536667	0.200	-0.241276
8.540000	0.200	-0.233768
8.543333	0.200	-0.224144
8.546667	0.200	-0.213407
8.550000	0.200	-0.202329
8.553333	0.200	-0.190855
8.556667	0.200	-0.178798
8.560000	0.200	-0.166610
8.563333	0.200	-0.155207
8.566667	0.200	-0.145065
8.570000	0.200	-0.136034
8.573333	0.200	-0.128402
8.576667	0.200	-0.123378
8.580000	0.200	-0.121981
8.583333	0.200	-0.124173
8.586667	0.200	-0.129316
8.590000	0.200	-0.136599
8.593333	0.200	-0.144752
8.596667	0.200	-0.152277
8.600000	0.200	-0.158373
8.603333	0.200	-0.163374
8.606667	0.200	-0.168557
8.610000	0.200	-0.175537
8.613333	0.200	-0.185021
8.616667	0.200	-0.196019
8.620000	0.200	-0.206699
8.623333	0.200	-0.215673
8.626667	0.200	-0.222362
8.630000	0.200	-0.226884
8.633333	0.200	-0.230077
8.636667	0.200	-0.233276
8.640000	0.200	-0.237519
8.643333	0.200	-0.242757
8.646667	0.200	-0.248010
8.650000	0.200	-0.252451
8.653333	0.200	-0.255939
8.656667	0.200	-0.258381
8.660000	0.200	-0.259417
8.663333	0.200	-0.258901
8.666667	0.200	-0.257120
8.670000	0.200	-0.254584
8.673333	0.200	-0.251809
8.676667	0.200	-0.249295
8.680000	0.200	-0.247598
8.683333	0.200	-0.247457
8.686667	0.200	-0.249679
8.690000	0.200	-0.254505
8.693333	0.200	-0.261057
8.696667	0.200	-0.267879
8.700000	0.200	-0.273899
8.703333	0.200	-0.278816
8.706667	0.200	-0.283127
8.710000	0.200	-0.287666
8.713333	0.200	-0.292597
8.716667	0.200	-0.296957
8.720000	0.200	-0.299524
8.723333	0.200	-0.300237
8.726667	0.200	-0.300230
8.730000	0.200	-0.300304
8.733333	0.200	-0.300247
8.736667	0.200	-0.299867
8.740000	0.200	-0.299929
8.743333	0.200	-0.301569
8.746667	0.200	-0.304953
8.750000	0.200	-0.308882
8.753333	0.200	-0.311619
8.756667	0.200	-0.312080
8.760000	0.200	-0.310577
8.763333	0.200	-0.308195
8.766667	0.200	-0.305588
8.770000	0.200	-0.302878
8.773333	0.200	-0.300092
8.776667	0.200	-0.297316
8.780000	0.200	-0.294863
8.783333	0.200	-0.293294
8.786667	0.200	-0.293032
8.790000	0.200	-0.293957
8.793333	0.200	-0.295426
8.796667	0.200	-0.296723
8.800000	0.200	-0.297500
8.803333	0.200	-0.297935
8.806667	0.200	-0.298549
8.810000	0.200	-0.299843
8.813333	0.200	-0.301996
8.816667	0.200	-0.304936
8.820000	0.200	-0.308581
8.823333	0.200	-0.312556
8.826667	0.200	-0.315868
8.830000	0.200	-0.317485
8.833333	0.200	-0.317167
8.836667	0.200	-0.315746
8.840000	0.200	-0.314759
8.843333	0.200	-0.315431
8.846667	0.200	-0.317918
8.850000	0.200	-0.321688
8.853333	0.200	-0.326242
8.856667	0.200	-0.331071
8.860000	0.200	-0.335438
8.863333	0.200	-0.338794
8.866667	0.200	-0.341270
8.870000	0.200	-0.343623
8.873333	0.200	-0.346715
8.876667	0.200	-0.350888
8.880000	0.200	-0.356009
8.883333	0.200	-0.361940
8.886667	0.200	-0.368504
8.890000	0.200	-0.375308
8.893333	0.200	-0.381928
8.896667	0.200	-0.388076
8.900000	0.200	-0.393711
8.903333	0.200	-0.398854
8.906667	0.200	-0.402835
8.910000	0.200	-0.404392
8.913333	0.200	-0.402997
8.916667	0.200	-0.399119
8.920000	0.200	-0.392787
8.923333	0.200	-0.382404
8.926667	0.200	-0.364980
8.930000	0.200	-0.337674
8.933333	0.200	-0.299086
8.936667	0.200	-0.249358
8.940000	0.200	-0.190502
8.943333	0.200	-0.127129
8.946667	0.200	-0.066140
8.950000	0.200	-0.015153
8.953333	0.200	0.019575
8.956667	0.200	0.034668
8.960000	0.200	0.029998
8.963333	0.200	0.008194
8.966667	0.200	-0.026161
8.970000	0.200	-0.067355
8.973333	0.200	-0.109630
8.976667	0.200	-0.148298
8.980000	0.200	-0.180300
8.983333	0.200	-0.204407
8.986667	0.200	-0.221373
8.990000	0.200	-0.233489
8.993333	0.200	-0.243275
8.996667	0.200	-0.252387
9.000000	0.200	-0.261761
9.003333	0.200	-0.272211
9.006667	0.200	-0.284471
9.010000	0.200	-0.298938
9.013333	0.200	-0.315468
9.016667	0.200	-0.333140
9.020000	0.200	-0.350425
9.023333	0.200	-0.366019
9.026667	0.200	-0.379581
9.030000	0.200	-0.391498
9.033333	0.200	-0.401972
9.036667	0.200	-0.410524
9.040000	0.200	-0.416596
9.043333	0.200	-0.420596
9.046667	0.200	-0.423877
9.050000	0.200	-0.427614
9.053333	0.200	-0.432008
9.056667	0.200	-0.436223
9.060000	0.200	-0.438955
9.063333	0.200	-0.439610
9.066667	0.200	-0.438831
9.070000	0.200	-0.437565
9.073333	0.200	-0.436258
9.076667	0.200	-0.435272
9.080000	0.200	-0.434945
9.083333	0.200	-0.434918
9.086667	0.200	-0.434325
9.090000	0.200	-0.432750
9.093333	0.200	-0.430613
9.096667	0.200	-0.428848
9.100000	0.200	-0.428286
9.103333	0.200	-0.428961
9.106667	0.200	-0.430063
9.110000	0.200	-0.430936
9.113333	0.200	-0.431966
9.116667	0.200	-0.434290
9.120000	0.200	-0.438640
9.123333	0.200	-0.444549
9.126667	0.200	-0.450635
9.130000	0.200	-0.455263
9.133333	0.200	-0.457368
9.136667	0.200	-0.457215
9.140000	0.200	-0.456035
9.143333	0.200	-0.454879
9.146667	0.200	-0.454123
9.150000	0.200	-0.453888
9.153333	0.200	-0.454548
9.156667	0.200	-0.456573
9.160000	0.200	-0.459884
9.163333	0.200	-0.463653
9.166667	0.200	-0.466917
9.170000	0.200	-0.469084
9.173333	0.200	-0.469939
9.176667	0.200	-0.469663
9.180000	0.200	-0.468696
9.183333	0.200	-0.467319
9.186667	0.200	-0.465550
9.190000	0.200	-0.463274
9.193333	0.200	-0.460432
9.196667	0.200	-0.457330
9.200000	0.200	-0.454704
9.203333	0.200	-0.453413
9.206667	0.200	-0.453745
9.210000	0.200	-0.454776
9.213333	0.200	-0.454615
9.216667	0.200	-0.451346
9.220000	0.200	-0.443903
9.223333	0.200	-0.432467
9.226667	0.200	-0.418415
9.230000	0.200	-0.403942
9.233333	0.200	-0.391188
9.236667	0.200	-0.381258
9.240000	0.200	-0.374178
9.243333	0.200	-0.369631
9.246667	0.200	-0.367499
9.250000	0.200	-0.367976
9.253333	0.200	-0.371393
9.256667	0.200	-0.377783
9.260000	0.200	-0.386359
9.263333	0.200	-0.395460
9.266667	0.200	-0.403279
9.270000	0.200	-0.408666
9.273333	0.200	-0.411337
9.276667	0.200	-0.411899
9.280000	0.200	-0.411720
9.283333	0.200	-0.412209
9.286667	0.200	-0.413933
9.290000	0.200	-0.416185
9.293333	0.200	-0.417444
9.296667	0.200	-0.416827
9.300000	0.200	-0.415042
9.303333	0.200	-0.413485
9.306667	0.200	-0.412982
9.310000	0.200	-0.413833
9.313333	0.200	-0.416028
9.316667	0.200	-0.418721
9.320000	0.200	-0.419975
9.323333	0.200	-0.417491
9.326667	0.200	-0.410024
9.330000	0.200	-0.398525
9.333333	0.200	-0.385829
9.336667	0.200	-0.374779
9.340000	0.200	-0.366678
9.343333	0.200	-0.361491
9.346667	0.200	-0.358705
9.350000	0.200	-0.357915
9.353333	0.200	-0.359272
9.356667	0.200	-0.363062
9.360000	0.200	-0.368789
9.363333	0.200	-0.375275
9.366667	0.200	-0.381395
9.370000	0.200	-0.386307
9.373333	0.200	-0.389542
9.376667	0.200	-0.391331
9.380000	0.200	-0.392464
9.383333	0.200	-0.393835
9.386667	0.200	-0.396123
9.390000	0.200	-0.399421
9.393333	0.200	-0.403260
9.396667	0.200	-0.406991
9.400000	0.200	-0.409673
9.403333	0.200	-0.410186
9.406667	0.200	-0.408380
9.410000	0.200	-0.405726
9.413333	0.200	-0.404301
9.416667	0.200	-0.405303
9.420000	0.200	-0.408371
9.423333	0.200	-0.412244
9.426667	0.200	-0.416053
9.430000	0.200	-0.419838
9.433333	0.200	-0.424245
9.436667	0.200	-0.429880
9.440000	0.200	-0.436643
9.443333	0.200	-0.443669
9.446667	0.200	-0.450012
9.450000	0.200	-0.455183
9.453333	0.200	-0.458918
9.456667	0.200	-0.460761
9.460000	0.200	-0.460495
9.463333	0.200	-0.459088
9.466667	0.200	-0.458291
9.470000	0.200	-0.459080
9.473333	0.200	-0.461031
9.476667	0.200	-0.462606
9.480000	0.200	-0.461807
9.483333	0.200	-0.457595
9.486667	0.200	-0.450862
9.490000	0.200	-0.443699
9.493333	0.200	-0.437965
9.496667	0.200	-0.434501
9.500000	0.200	-0.433346
9.503333	0.200	-0.434392
9.506667	0.200	-0.437451
9.510000	0.200	-0.441780
9.513333	0.200	-0.446103
9.516667	0.200	-0.449566
9.520000	0.200	-0.452429
9.523333	0.200	-0.455276
9.526667	0.200	-0.457932
9.530000	0.200	-0.459603
9.533333	0.200	-0.459653
9.536667	0.200	-0.458211
9.540000	0.200	-0.456380
9.543333	0.200	-0.455685
9.546667	0.200	-0.456890
9.550000	0.200	-0.459291
9.553333	0.200	-0.461166
9.556667	0.200	-0.460408
9.560000	0.200	-0.455132
9.563333	0.200	-0.445174
9.566667	0.200	-0.433159
9.570000	0.200	-0.423227
9.573333	0.200	-0.418440
9.576667	0.200	-0.419277
9.580000	0.200	-0.424199
9.583333	0.200	-0.431235
9.586667	0.200	-0.438885
9.590000	0.200	-0.446004
9.593333	0.200	-0.451870
9.596667	0.200	-0.456530
9.600000	0.200	-0.460427
9.603333	0.200	-0.463745
9.606667	0.200	-0.466155
9.610000	0.200	-0.467021
9.613333	0.200	-0.466167
9.616667	0.200	-0.464398
9.620000	0.200	-0.463125
9.623333	0.200	-0.463599
9.626667	0.200	-0.466238
9.630000	0.200	-0.470215
9.633333	0.200	-0.473299
9.636667	0.200	-0.472580
9.640000	0.200	-0.466706
9.643333	0.200	-0.457366
9.646667	0.200	-0.447811
9.650000	0.200	-0.440447
9.653333	0.200	-0.436293
9.656667	0.200	-0.435866
9.660000	0.200	-0.439378
9.663333	0.200	-0.446076
9.666667	0.200	-0.454208
9.670000	0.200	-0.461897
9.673333	0.200	-0.468148
9.676667	0.200	-0.473198
9.680000	0.200	-0.477575
9.683333	0.200	-0.481161
9.686667	0.200	-0.483589
9.690000	0.200	-0.484818
9.693333	0.200	-0.485256
9.696667	0.200	-0.485672
9.700000	0.200	-0.486667
9.703333	0.200	-0.488205
9.706667	0.200	-0.489576
9.710000	0.200	-0.489627
9.713333	0.200	-0.487148
9.716667	0.200	-0.481487
9.720000	0.200	-0.473178
9.723333	0.200	-0.463869
9.726667	0.200	-0.455763
9.730000	0.200	-0.450870
9.733333	0.200	-0.449931
9.736667	0.200	-0.452270
9.740000	0.200	-0.456739
9.743333	0.200	-0.462242
9.746667	0.200	-0.467774
9.750000	0.200	-0.472855
9.753333	0.200	-0.477859
9.756667	0.200	-0.483214
9.760000	0.200	-0.488287
9.763333	0.200	-0.491553
9.766667	0.200	-0.491907
9.770000	0.200	-0.489844
9.773333	0.200	-0.487302
9.776667	0.200	-0.486052
9.780000	0.200	-0.486440
9.783333	0.200	-0.487827
9.786667	0.200	-0.489564
9.790000	0.200	-0.491097
9.793333	0.200	-0.491691
9.796667	0.200	-0.490870
9.800000	0.200	-0.488939
9.803333	0.200	-0.486649
9.806667	0.200	-0.484616
9.810000	0.200	-0.483075
9.813333	0.200	-0.481903
9.816667	0.200	-0.480870
9.820000	0.200	-0.479977
9.823333	0.200	-0.479783
9.826667	0.200	-0.481041
9.830000	0.200	-0.483895
9.833333	0.200	-0.487923
9.836667	0.200	-0.492577
9.840000	0.200	-0.497256
9.843333	0.200	-0.501437
9.846667	0.200	-0.504649
9.850000	0.200	-0.506375
9.853333	0.200	-0.506670
9.856667	0.200	-0.506525
9.860000	0.200	-0.506795
9.863333	0.200	-0.507287
9.866667	0.200	-0.507691
9.870000	0.200	-0.508476
9.873333	0.200	-0.509929
9.876667	0.200	-0.511288
9.880000	0.200	-0.511481
9.883333	0.200	-0.509813
9.886667	0.200	-0.506029
9.890000	0.200	-0.500689
9.893333	0.200	-0.495248
9.896667	0.200	-0.491121
9.900000	0.200	-0.488993
9.903333	0.200	-0.489107
9.906667	0.200	-0.491348
9.910000	0.200	-0.494627
9.913333	0.200	-0.496902
9.916667	0.200	-0.496577
9.920000	0.200	-0.493768
9.923333	0.200	-0.490055
9.926667	0.200	-0.487397
9.930000	0.200	-0.487247
9.933333	0.200	-0.489873
9.936667	0.200	-0.494143
9.940000	0.200	-0.498300
9.943333	0.200	-0.501149
9.946667	0.200	-0.502601
9.950000	0.200	-0.503326
9.953333	0.200	-0.503815
9.956667	0.200	-0.503812
9.960000	0.200	-0.502810
9.963333	0.200	-0.500770
9.966667	0.200	-0.498111
9.970000	0.200	-0.495434
9.973333	0.200	-0.493482
9.976667	0.200	-0.492902
9.980000	0.200	-0.493779
9.983333	0.200	-0.495699
9.986667	0.200	-0.498086
9.990000	0.200	-0.500156
9.993333	0.200	-0.501062
9.996667	0.200	-0.500463
10.000000	0.200	-0.498666
10.003333	0.200	-0.496184
10.006667	0.200	-0.493520
10.010000	0.200	-0.491358
10.013333	0.200	-0.490388
10.016667	0.200	-0.490834
10.020000	0.200	-0.492571
10.023333	0.200	-0.495501
10.026667	0.200	-0.499525
10.030000	0.200	-0.504197
10.033333	0.200	-0.508477
10.036667	0.200	-0.511112
10.040000	0.200	-0.511347
10.043333	0.200	-0.509421
10.046667	0.200	-0.506438
10.050000	0.200	-0.503266
10.053333	0.200	-0.500044
10.056667	0.200	-0.497382
10.060000	0.200	-0.496841
10.063333	0.200	-0.499228
10.066667	0.200	-0.503391
10.070000	0.200	-0.507222
10.073333	0.200	-0.508921
10.076667	0.200	-0.507372
10.080000	0.200	-0.502595
10.083333	0.200	-0.496167
10.086667	0.200	-0.490598
10.090000	0.200	-0.487681
10.093333	0.200	-0.487332
10.096667	0.200	-0.488387
10.100000	0.200	-0.490260
10.103333	0.200	-0.493161
10.106667	0.200	-0.497153
10.110000	0.200	-0.501696
10.113333	0.200	-0.505944
10.116667	0.200	-0.508910
10.120000	0.200	-0.509507
10.123333	0.200	-0.507164
10.126667	0.200	-0.502373
10.130000	0.200	-0.496235
10.133333	0.200	-0.489955
10.136667	0.200	-0.484948
10.140000	0.200	-0.482643
10.143333	0.200	-0.483696
10.146667	0.200	-0.487291
10.150000	0.200	-0.491047
10.153333	0.200	-0.492117
10.156667	0.200	-0.489192
10.160000	0.200	-0.483437
10.163333	0.200	-0.477431
10.166667	0.200	-0.473563
10.170000	0.200	-0.472929
10.173333	0.200	-0.474751
10.176667	0.200	-0.477063
10.180000	0.200	-0.478471
10.183333	0.200	-0.479013
10.186667	0.200	-0.479509
10.190000	0.200	-0.480592
10.193333	0.200	-0.482077
10.196667	0.200	-0.482881
10.200000	0.200	-0.481906
10.203333	0.200	-0.478930
10.206667	0.200	-0.474495
10.210000	0.200	-0.469557
10.213333	0.200	-0.465149
10.216667	0.200	-0.461721
10.220000	0.200	-0.458981
10.223333	0.200	-0.456623
10.226667	0.200	-0.454617
10.230000	0.200	-0.452438
10.233333	0.200	-0.448908
10.236667	0.200	-0.443561
10.240000	0.200	-0.437725
10.243333	0.200	-0.433698
10.246667	0.200	-0.432914
10.250000	0.200	-0.435012
10.253333	0.200	-0.438519
10.256667	0.200	-0.441979
10.260000	0.200	-0.444382
10.263333	0.200	-0.445218
10.266667	0.200	-0.444706
10.270000	0.200	-0.443868
10.273333	0.200	-0.443932
10.276667	0.200	-0.445558
10.280000	0.200	-0.448581
10.283333	0.200	-0.452221
10.286667	0.200	-0.455551
10.290000	0.200	-0.458102
10.293333	0.200	-0.460168
10.296667	0.200	-0.462538
10.300000	0.200	-0.465842
10.303333	0.200	-0.469914
10.306667	0.200	-0.473542
10.310000	0.200	-0.474821
10.313333	0.200	-0.472586
10.316667	0.200	-0.467999
10.320000	0.200	-0.464185
10.323333	0.200	-0.463835
10.326667	0.200	-0.467230
10.330000	0.200	-0.472861
10.333333	0.200	-0.479418
10.336667	0.200	-0.486252
10.340000	0.200	-0.492621
10.343333	0.200	-0.497652
10.346667	0.200	-0.500871
10.350000	0.200	-0.502261
10.353333	0.200	-0.501919
10.356667	0.200	-0.500108
10.360000	0.200	-0.497780
10.363333	0.200	-0.496513
10.366667	0.200	-0.497480
10.370000	0.200	-0.500635
10.373333	0.200	-0.504998
10.376667	0.200	-0.509422
10.380000	0.200	-0.513083
10.383333	0.200	-0.515547
10.386667	0.200	-0.516561
10.390000	0.200	-0.515983
10.393333	0.200	-0.514158
10.396667	0.200	-0.512142
10.400000	0.200	-0.511003
10.403333	0.200	-0.510938
10.406667	0.200	-0.511508
10.410000	0.200	-0.512477
10.413333	0.200	-0.513875
10.416667	0.200	-0.515563
10.420000	0.200	-0.517309
10.423333	0.200	-0.518926
10.426667	0.200	-0.520092
10.430000	0.200	-0.520656
10.433333	0.200	-0.521149
10.436667	0.200	-0.522215
10.440000	0.200	-0.523690
10.443333	0.200	-0.524889
10.446667	0.200	-0.525458
10.450000	0.200	-0.525666
10.453333	0.200	-0.526031
10.456667	0.200	-0.526675
10.460000	0.200	-0.527285
10.463333	0.200	-0.527520
10.466667	0.200	-0.527042
10.470000	0.200	-0.525814
10.473333	0.200	-0.524710
10.476667	0.200	-0.525009
10.480000	0.200	-0.527121
10.483333	0.200	-0.530613
10.486667	0.200	-0.535248
10.490000	0.200	-0.540852
10.493333	0.200	-0.546333
10.496667	0.200	-0.549912
10.500000	0.200	-0.550412
10.503333	0.200	-0.548013
10.506667	0.200	-0.543859
10.510000	0.200	-0.539276
10.513333	0.200	-0.535446
10.516667	0.200	-0.533184
10.520000	0.200	-0.532523
10.523333	0.200	-0.532773
10.526667	0.200	-0.533350
10.530000	0.200	-0.534234
10.533333	0.200	-0.535539
10.536667	0.200	-0.537117
10.540000	0.200	-0.538416
10.543333	0.200	-0.538638
10.546667	0.200	-0.537471
10.550000	0.200	-0.535573
10.553333	0.200	-0.534091
10.556667	0.200	-0.533757
10.560000	0.200	-0.534295
10.563333	0.200	-0.534870
10.566667	0.200	-0.535120
10.570000	0.200	-0.535425
10.573333	0.200	-0.536366
10.576667	0.200	-0.538075
10.580000	0.200	-0.539995
10.583333	0.200	-0.541155
10.586667	0.200	-0.540496
10.590000	0.200	-0.537130
10.593333	0.200	-0.530901
10.596667	0.200	-0.522977
10.600000	0.200	-0.515333
10.603333	0.200	-0.509384
10.606667	0.200	-0.505416
10.610000	0.200	-0.502991
10.613333	0.200	-0.501261
10.616667	0.200	-0.499073
10.620000	0.200	-0.495189
10.623333	0.200	-0.488779
10.626667	0.200	-0.480179
10.630000	0.200	-0.470919
10.633333	0.200	-0.462708
10.636667	0.200	-0.456571
10.640000	0.200	-0.452503
10.643333	0.200	-0.449304
10.646667	0.200	-0.445315
10.650000	0.200	-0.439828
10.653333	0.200	-0.433305
10.656667	0.200	-0.426298
10.660000	0.200	-0.419097
10.663333	0.200	-0.412032
10.666667	0.200	-0.405032
10.670000	0.200	-0.397306
10.673333	0.200	-0.387845
10.676667	0.200	-0.375541
10.680000	0.200	-0.359285
10.683333	0.200	-0.338928
10.686667	0.200	-0.315856
10.690000	0.200	-0.292479
10.693333	0.200	-0.271072
10.696667	0.200	-0.252572
10.700000	0.200	-0.236290
10.703333	0.200	-0.220943
10.706667	0.200	-0.205972
10.710000	0.200	-0.191932
10.713333	0.200	-0.179758
10.716667	0.200	-0.169930
10.720000	0.200	-0.162371
10.723333	0.200	-0.156617
10.726667	0.200	-0.151749
10.730000	0.200	-0.146706
10.733333	0.200	-0.141128
10.736667	0.200	-0.135530
10.740000	0.200	-0.130657
10.743333	0.200	-0.126895
10.746667	0.200	-0.123930
10.750000	0.200	-0.121068
10.753333	0.200	-0.117976
10.756667	0.200	-0.114751
10.760000	0.200	-0.111746
10.763333	0.200	-0.109637
10.766667	0.200	-0.108847
10.770000	0.200	-0.108802
10.773333	0.200	-0.108428
10.776667	0.200	-0.107124
10.780000	0.200	-0.104889
10.783333	0.200	-0.102101
10.786667	0.200	-0.099446
10.790000	0.200	-0.097560
10.793333	0.200	-0.096441
10.796667	0.200	-0.095376
10.800000	0.200	-0.093550
10.803333	0.200	-0.090792
10.806667	0.200	-0.087895
10.810000	0.200	-0.086075
10.813333	0.200	-0.085862
10.816667	0.200	-0.086559
10.820000	0.200	-0.086781
10.823333	0.200	-0.085477
10.826667	0.200	-0.082460
10.830000	0.200	-0.078208
10.833333	0.200	-0.073576
10.836667	0.200	-0.069476
10.840000	0.200	-0.066271
10.843333	0.200	-0.063521
10.846667	0.200	-0.060512
10.850000	0.200	-0.056659
10.853333	0.200	-0.051685
10.856667	0.200	-0.046087
10.860000	0.200	-0.041093
10.863333	0.200	-0.037745
10.866667	0.200	-0.036180
10.870000	0.200	-0.035770
10.873333	0.200	-0.035684
10.876667	0.200	-0.035310
10.880000	0.200	-0.034458
10.883333	0.200	-0.033121
10.886667	0.200	-0.031086
10.890000	0.200	-0.028004
10.893333	0.200	-0.023865
10.896667	0.200	-0.019297
10.900000	0.200	-0.015308
10.903333	0.200	-0.012557
10.906667	0.200	-0.010927
10.910000	0.200	-0.009867
10.913333	0.200	-0.008873
10.916667	0.200	-0.007622
10.920000	0.200	-0.006047
10.923333	0.200	-0.004286
10.926667	0.200	-0.002297
10.930000	0.200	0.000352
10.933333	0.200	0.004039
10.936667	0.200	0.008515
10.940000	0.200	0.013056
10.943333	0.200	0.016937
10.946667	0.200	0.019670
10.950000	0.200	0.021250
10.953333	0.200	0.022228
10.956667	0.200	0.023283
10.960000	0.200	0.024758
10.963333	0.200	0.026626
10.966667	0.200	0.028813
10.970000	0.200	0.031375
10.973333	0.200	0.034254
10.976667	0.200	0.037263
10.980000	0.200	0.040571
10.983333	0.200	0.044578
10.986667	0.200	0.049014
10.990000	0.200	0.052925
10.993333	0.200	0.055794
10.996667	0.200	0.057924
11.000000	0.200	0.059651
