File Path	chrom://nnfcb-l0286/ChromeleonLocal/metk/20171013_HMP_C61_metk.seq/728.smp/UV_VIS_2.channel/UV_VIS_2.chm
Channel	UV_VIS_2

Injection Information:
Data Vault	ChromeleonLocal
Injection	20171013_HMP_C61_ISO_P1_GA3
Injection Number	24
Position	GA3
Comment	
Processing Method	HMP New ProcMethod
Instrument Method	HM_metode_ZorBax_0,02%_Acetic_acid_ver6
Type	Unknown
Status	Finished
Injection Date	10/13/2017
Injection Time	6:51:39 PM
Injection Volume (µl)	1.000
Dilution Factor	1.0000
Weight	1.0000

Raw Data Information:
Time Min. (min)	0.000000
Time Max. (min)	11.000000
Data Points	3301
Detector	UV
Exporting Data System	Chromeleon 7.1.3.2425
Operator	
Signal Quantity	Absorbance
Signal Unit	mAU
Signal Min.	-1.069281
Signal Max.	201.806260
Channel	UV_VIS_2
Driver Name	DAD3000.dll
Channel Type	Evaluation
Min. Step (s)	0.200
Max. Step (s)	0.200
Average Step (s)	0.200

Signal Parameter Information:
Signal Info	WVL:280 nm

Raw Data:
Time (min)	Step (s)	Value (mAU)
0.000000	0.000	0.000000
0.003333	0.200	-0.002672
0.006667	0.200	-0.018637
0.010000	0.200	-0.060570
0.013333	0.200	-0.124327
0.016667	0.200	-0.185151
0.020000	0.200	-0.217750
0.023333	0.200	-0.213761
0.026667	0.200	-0.181888
0.030000	0.200	-0.138597
0.033333	0.200	-0.098379
0.036667	0.200	-0.068463
0.040000	0.200	-0.049950
0.043333	0.200	-0.041879
0.046667	0.200	-0.042787
0.050000	0.200	-0.050236
0.053333	0.200	-0.061581
0.056667	0.200	-0.075189
0.060000	0.200	-0.090246
0.063333	0.200	-0.105968
0.066667	0.200	-0.121593
0.070000	0.200	-0.136672
0.073333	0.200	-0.150802
0.076667	0.200	-0.163545
0.080000	0.200	-0.174918
0.083333	0.200	-0.185644
0.086667	0.200	-0.196687
0.090000	0.200	-0.208363
0.093333	0.200	-0.220120
0.096667	0.200	-0.231294
0.100000	0.200	-0.241728
0.103333	0.200	-0.251678
0.106667	0.200	-0.261337
0.110000	0.200	-0.270509
0.113333	0.200	-0.278759
0.116667	0.200	-0.286030
0.120000	0.200	-0.293077
0.123333	0.200	-0.300822
0.126667	0.200	-0.309418
0.130000	0.200	-0.318483
0.133333	0.200	-0.327834
0.136667	0.200	-0.337419
0.140000	0.200	-0.346906
0.143333	0.200	-0.355986
0.146667	0.200	-0.364803
0.150000	0.200	-0.373751
0.153333	0.200	-0.383234
0.156667	0.200	-0.393523
0.160000	0.200	-0.404468
0.163333	0.200	-0.415518
0.166667	0.200	-0.426077
0.170000	0.200	-0.435810
0.173333	0.200	-0.444754
0.176667	0.200	-0.453144
0.180000	0.200	-0.461110
0.183333	0.200	-0.468585
0.186667	0.200	-0.475550
0.190000	0.200	-0.482300
0.193333	0.200	-0.489329
0.196667	0.200	-0.496918
0.200000	0.200	-0.504849
0.203333	0.200	-0.512787
0.206667	0.200	-0.520918
0.210000	0.200	-0.529580
0.213333	0.200	-0.538441
0.216667	0.200	-0.546701
0.220000	0.200	-0.553865
0.223333	0.200	-0.560041
0.226667	0.200	-0.565792
0.230000	0.200	-0.571779
0.233333	0.200	-0.578484
0.236667	0.200	-0.585929
0.240000	0.200	-0.593416
0.243333	0.200	-0.600035
0.246667	0.200	-0.605604
0.250000	0.200	-0.610838
0.253333	0.200	-0.616758
0.256667	0.200	-0.623808
0.260000	0.200	-0.631443
0.263333	0.200	-0.638786
0.266667	0.200	-0.645408
0.270000	0.200	-0.651335
0.273333	0.200	-0.656767
0.276667	0.200	-0.662020
0.280000	0.200	-0.667569
0.283333	0.200	-0.673733
0.286667	0.200	-0.680181
0.290000	0.200	-0.686114
0.293333	0.200	-0.690952
0.296667	0.200	-0.694701
0.300000	0.200	-0.698042
0.303333	0.200	-0.701986
0.306667	0.200	-0.707129
0.310000	0.200	-0.713078
0.313333	0.200	-0.718458
0.316667	0.200	-0.722043
0.320000	0.200	-0.724240
0.323333	0.200	-0.726791
0.326667	0.200	-0.730984
0.330000	0.200	-0.736824
0.333333	0.200	-0.743600
0.336667	0.200	-0.750503
0.340000	0.200	-0.756855
0.343333	0.200	-0.762337
0.346667	0.200	-0.767089
0.350000	0.200	-0.771395
0.353333	0.200	-0.775253
0.356667	0.200	-0.778420
0.360000	0.200	-0.780834
0.363333	0.200	-0.782982
0.366667	0.200	-0.785625
0.370000	0.200	-0.788789
0.373333	0.200	-0.791745
0.376667	0.200	-0.794367
0.380000	0.200	-0.797588
0.383333	0.200	-0.802325
0.386667	0.200	-0.808518
0.390000	0.200	-0.815165
0.393333	0.200	-0.821161
0.396667	0.200	-0.826131
0.400000	0.200	-0.830460
0.403333	0.200	-0.834499
0.406667	0.200	-0.838044
0.410000	0.200	-0.840803
0.413333	0.200	-0.842811
0.416667	0.200	-0.844344
0.420000	0.200	-0.845960
0.423333	0.200	-0.848340
0.426667	0.200	-0.851587
0.430000	0.200	-0.854950
0.433333	0.200	-0.857636
0.436667	0.200	-0.859707
0.440000	0.200	-0.861830
0.443333	0.200	-0.864308
0.446667	0.200	-0.866745
0.450000	0.200	-0.868772
0.453333	0.200	-0.870700
0.456667	0.200	-0.873205
0.460000	0.200	-0.876455
0.463333	0.200	-0.879880
0.466667	0.200	-0.883008
0.470000	0.200	-0.886089
0.473333	0.200	-0.889411
0.476667	0.200	-0.892522
0.480000	0.200	-0.894836
0.483333	0.200	-0.896457
0.486667	0.200	-0.897934
0.490000	0.200	-0.899733
0.493333	0.200	-0.902057
0.496667	0.200	-0.904901
0.500000	0.200	-0.908123
0.503333	0.200	-0.911501
0.506667	0.200	-0.914893
0.510000	0.200	-0.918315
0.513333	0.200	-0.921762
0.516667	0.200	-0.925120
0.520000	0.200	-0.928221
0.523333	0.200	-0.930914
0.526667	0.200	-0.933181
0.530000	0.200	-0.934907
0.533333	0.200	-0.935637
0.536667	0.200	-0.935190
0.540000	0.200	-0.934343
0.543333	0.200	-0.934237
0.546667	0.200	-0.935310
0.550000	0.200	-0.937292
0.553333	0.200	-0.939789
0.556667	0.200	-0.942592
0.560000	0.200	-0.945798
0.563333	0.200	-0.949514
0.566667	0.200	-0.953447
0.570000	0.200	-0.957140
0.573333	0.200	-0.960291
0.576667	0.200	-0.962674
0.580000	0.200	-0.964164
0.583333	0.200	-0.964904
0.586667	0.200	-0.965196
0.590000	0.200	-0.965387
0.593333	0.200	-0.965888
0.596667	0.200	-0.966974
0.600000	0.200	-0.968480
0.603333	0.200	-0.969992
0.606667	0.200	-0.971386
0.610000	0.200	-0.972896
0.613333	0.200	-0.974515
0.616667	0.200	-0.975658
0.620000	0.200	-0.975811
0.623333	0.200	-0.975420
0.626667	0.200	-0.975717
0.630000	0.200	-0.977391
0.633333	0.200	-0.979941
0.636667	0.200	-0.982585
0.640000	0.200	-0.985137
0.643333	0.200	-0.987760
0.646667	0.200	-0.990505
0.650000	0.200	-0.993233
0.653333	0.200	-0.995589
0.656667	0.200	-0.997153
0.660000	0.200	-0.997725
0.663333	0.200	-0.997318
0.666667	0.200	-0.996124
0.670000	0.200	-0.994752
0.673333	0.200	-0.994372
0.676667	0.200	-0.996045
0.680000	0.200	-0.999559
0.683333	0.200	-1.003658
0.686667	0.200	-1.007451
0.690000	0.200	-1.010719
0.693333	0.200	-1.013164
0.696667	0.200	-1.014315
0.700000	0.200	-1.014328
0.703333	0.200	-1.014355
0.706667	0.200	-1.015538
0.710000	0.200	-1.017989
0.713333	0.200	-1.021241
0.716667	0.200	-1.024968
0.720000	0.200	-1.028769
0.723333	0.200	-1.031860
0.726667	0.200	-1.033564
0.730000	0.200	-1.033989
0.733333	0.200	-1.034030
0.736667	0.200	-1.034798
0.740000	0.200	-1.036950
0.743333	0.200	-1.040199
0.746667	0.200	-1.043275
0.750000	0.200	-1.044872
0.753333	0.200	-1.044892
0.756667	0.200	-1.044156
0.760000	0.200	-1.043312
0.763333	0.200	-1.042641
0.766667	0.200	-1.042174
0.770000	0.200	-1.041684
0.773333	0.200	-1.041007
0.776667	0.200	-1.040302
0.780000	0.200	-1.039809
0.783333	0.200	-1.039495
0.786667	0.200	-1.039196
0.790000	0.200	-1.039062
0.793333	0.200	-1.039568
0.796667	0.200	-1.041006
0.800000	0.200	-1.043138
0.803333	0.200	-1.045484
0.806667	0.200	-1.047824
0.810000	0.200	-1.050138
0.813333	0.200	-1.052087
0.816667	0.200	-1.052979
0.820000	0.200	-1.052400
0.823333	0.200	-1.050681
0.826667	0.200	-1.048812
0.830000	0.200	-1.047786
0.833333	0.200	-1.047925
0.836667	0.200	-1.049185
0.840000	0.200	-1.051729
0.843333	0.200	-1.055416
0.846667	0.200	-1.059496
0.850000	0.200	-1.063465
0.853333	0.200	-1.067175
0.856667	0.200	-1.069281
0.860000	0.200	-1.065960
0.863333	0.200	-1.051620
0.866667	0.200	-1.021087
0.870000	0.200	-0.971717
0.873333	0.200	-0.904046
0.876667	0.200	-0.820451
0.880000	0.200	-0.722721
0.883333	0.200	-0.608882
0.886667	0.200	-0.464354
0.890000	0.200	-0.238561
0.893333	0.200	0.186667
0.896667	0.200	0.996623
0.900000	0.200	2.364734
0.903333	0.200	4.312613
0.906667	0.200	6.615585
0.910000	0.200	8.858504
0.913333	0.200	10.621332
0.916667	0.200	11.657094
0.920000	0.200	11.947368
0.923333	0.200	11.637710
0.926667	0.200	10.933686
0.930000	0.200	10.024200
0.933333	0.200	9.045731
0.936667	0.200	8.074305
0.940000	0.200	7.135323
0.943333	0.200	6.226220
0.946667	0.200	5.342779
0.950000	0.200	4.496262
0.953333	0.200	3.714429
0.956667	0.200	3.030507
0.960000	0.200	2.470288
0.963333	0.200	2.045376
0.966667	0.200	1.753856
0.970000	0.200	1.584925
0.973333	0.200	1.523736
0.976667	0.200	1.553856
0.980000	0.200	1.656585
0.983333	0.200	1.809351
0.986667	0.200	1.986753
0.990000	0.200	2.165065
0.993333	0.200	2.327570
0.996667	0.200	2.467142
1.000000	0.200	2.584725
1.003333	0.200	2.686476
1.006667	0.200	2.782430
1.010000	0.200	2.885425
1.013333	0.200	3.008376
1.016667	0.200	3.160133
1.020000	0.200	3.340531
1.023333	0.200	3.535345
1.026667	0.200	3.715103
1.030000	0.200	3.842394
1.033333	0.200	3.885427
1.036667	0.200	3.830223
1.040000	0.200	3.685875
1.043333	0.200	3.481418
1.046667	0.200	3.256851
1.050000	0.200	3.053869
1.053333	0.200	2.910560
1.056667	0.200	2.859589
1.060000	0.200	2.927234
1.063333	0.200	3.132871
1.066667	0.200	3.488934
1.070000	0.200	3.999546
1.073333	0.200	4.657352
1.076667	0.200	5.440337
1.080000	0.200	6.309758
1.083333	0.200	7.209810
1.086667	0.200	8.071089
1.090000	0.200	8.821191
1.093333	0.200	9.404043
1.096667	0.200	9.803075
1.100000	0.200	10.056854
1.103333	0.200	10.255310
1.106667	0.200	10.512200
1.110000	0.200	10.922914
1.113333	0.200	11.526581
1.116667	0.200	12.290515
1.120000	0.200	13.125261
1.123333	0.200	13.922891
1.126667	0.200	14.598637
1.130000	0.200	15.114168
1.133333	0.200	15.470806
1.136667	0.200	15.679589
1.140000	0.200	15.729673
1.143333	0.200	15.575814
1.146667	0.200	15.152976
1.150000	0.200	14.410015
1.153333	0.200	13.343567
1.156667	0.200	12.014412
1.160000	0.200	10.538686
1.163333	0.200	9.058688
1.166667	0.200	7.706775
1.170000	0.200	6.575868
1.173333	0.200	5.704305
1.176667	0.200	5.076910
1.180000	0.200	4.639451
1.183333	0.200	4.320478
1.186667	0.200	4.053233
1.190000	0.200	3.791496
1.193333	0.200	3.517060
1.196667	0.200	3.239504
1.200000	0.200	2.990530
1.203333	0.200	2.815633
1.206667	0.200	2.763082
1.210000	0.200	2.869141
1.213333	0.200	3.142432
1.216667	0.200	3.552887
1.220000	0.200	4.030462
1.223333	0.200	4.477409
1.226667	0.200	4.793398
1.230000	0.200	4.904956
1.233333	0.200	4.786760
1.236667	0.200	4.467663
1.240000	0.200	4.021794
1.243333	0.200	3.548542
1.246667	0.200	3.147696
1.250000	0.200	2.896728
1.253333	0.200	2.834624
1.256667	0.200	2.955361
1.260000	0.200	3.214147
1.263333	0.200	3.547578
1.266667	0.200	3.905321
1.270000	0.200	4.287006
1.273333	0.200	4.776235
1.276667	0.200	5.557262
1.280000	0.200	6.880497
1.283333	0.200	8.944241
1.286667	0.200	11.723694
1.290000	0.200	14.859747
1.293333	0.200	17.717274
1.296667	0.200	19.612900
1.300000	0.200	20.088977
1.303333	0.200	19.079667
1.306667	0.200	16.894048
1.310000	0.200	14.056001
1.313333	0.200	11.105038
1.316667	0.200	8.449488
1.320000	0.200	6.308627
1.323333	0.200	4.730526
1.326667	0.200	3.649265
1.330000	0.200	2.947317
1.333333	0.200	2.503216
1.336667	0.200	2.218410
1.340000	0.200	2.026070
1.343333	0.200	1.888043
1.346667	0.200	1.786307
1.350000	0.200	1.713926
1.353333	0.200	1.668229
1.356667	0.200	1.647344
1.360000	0.200	1.649322
1.363333	0.200	1.671928
1.366667	0.200	1.712198
1.370000	0.200	1.766458
1.373333	0.200	1.831283
1.376667	0.200	1.903892
1.380000	0.200	1.980916
1.383333	0.200	2.057429
1.386667	0.200	2.127656
1.390000	0.200	2.185988
1.393333	0.200	2.227370
1.396667	0.200	2.247594
1.400000	0.200	2.243630
1.403333	0.200	2.213849
1.406667	0.200	2.158285
1.410000	0.200	2.078707
1.413333	0.200	1.978216
1.416667	0.200	1.860753
1.420000	0.200	1.730909
1.423333	0.200	1.593955
1.426667	0.200	1.455954
1.430000	0.200	1.323198
1.433333	0.200	1.200630
1.436667	0.200	1.090450
1.440000	0.200	0.992471
1.443333	0.200	0.905779
1.446667	0.200	0.830058
1.450000	0.200	0.766356
1.453333	0.200	0.717509
1.456667	0.200	0.687261
1.460000	0.200	0.678013
1.463333	0.200	0.689101
1.466667	0.200	0.717171
1.470000	0.200	0.758234
1.473333	0.200	0.809248
1.476667	0.200	0.868261
1.480000	0.200	0.934447
1.483333	0.200	1.008382
1.486667	0.200	1.091962
1.490000	0.200	1.188218
1.493333	0.200	1.301048
1.496667	0.200	1.434416
1.500000	0.200	1.590256
1.503333	0.200	1.766056
1.506667	0.200	1.954760
1.510000	0.200	2.146846
1.513333	0.200	2.331670
1.516667	0.200	2.497609
1.520000	0.200	2.633177
1.523333	0.200	2.728964
1.526667	0.200	2.778952
1.530000	0.200	2.781566
1.533333	0.200	2.740310
1.536667	0.200	2.663394
1.540000	0.200	2.562523
1.543333	0.200	2.450374
1.546667	0.200	2.337593
1.550000	0.200	2.231398
1.553333	0.200	2.135578
1.556667	0.200	2.050481
1.560000	0.200	1.973290
1.563333	0.200	1.898892
1.566667	0.200	1.821100
1.570000	0.200	1.734215
1.573333	0.200	1.634242
1.576667	0.200	1.519095
1.580000	0.200	1.388524
1.583333	0.200	1.244387
1.586667	0.200	1.090658
1.590000	0.200	0.932678
1.593333	0.200	0.775841
1.596667	0.200	0.624277
1.600000	0.200	0.480546
1.603333	0.200	0.346636
1.606667	0.200	0.224665
1.610000	0.200	0.116413
1.613333	0.200	0.022733
1.616667	0.200	-0.056548
1.620000	0.200	-0.122609
1.623333	0.200	-0.177589
1.626667	0.200	-0.224022
1.630000	0.200	-0.263668
1.633333	0.200	-0.296906
1.636667	0.200	-0.323491
1.640000	0.200	-0.343521
1.643333	0.200	-0.357592
1.646667	0.200	-0.366363
1.650000	0.200	-0.370137
1.653333	0.200	-0.368990
1.656667	0.200	-0.362983
1.660000	0.200	-0.351888
1.663333	0.200	-0.335162
1.666667	0.200	-0.312461
1.670000	0.200	-0.283846
1.673333	0.200	-0.249556
1.676667	0.200	-0.209774
1.680000	0.200	-0.164542
1.683333	0.200	-0.113743
1.686667	0.200	-0.057073
1.690000	0.200	0.005641
1.693333	0.200	0.074052
1.696667	0.200	0.147456
1.700000	0.200	0.225192
1.703333	0.200	0.306533
1.706667	0.200	0.390134
1.710000	0.200	0.473968
1.713333	0.200	0.555701
1.716667	0.200	0.632712
1.720000	0.200	0.702298
1.723333	0.200	0.762407
1.726667	0.200	0.811989
1.730000	0.200	0.850571
1.733333	0.200	0.877395
1.736667	0.200	0.891084
1.740000	0.200	0.890245
1.743333	0.200	0.874029
1.746667	0.200	0.842029
1.750000	0.200	0.793950
1.753333	0.200	0.729792
1.756667	0.200	0.650532
1.760000	0.200	0.558582
1.763333	0.200	0.457686
1.766667	0.200	0.352393
1.770000	0.200	0.247499
1.773333	0.200	0.148164
1.776667	0.200	0.061246
1.780000	0.200	-0.002976
1.783333	0.200	-0.029432
1.786667	0.200	0.002427
1.790000	0.200	0.117170
1.793333	0.200	0.338241
1.796667	0.200	0.679526
1.800000	0.200	1.136707
1.803333	0.200	1.682995
1.806667	0.200	2.271967
1.810000	0.200	2.846765
1.813333	0.200	3.351840
1.816667	0.200	3.742813
1.820000	0.200	3.992596
1.823333	0.200	4.093771
1.826667	0.200	4.056905
1.830000	0.200	3.905438
1.833333	0.200	3.669219
1.836667	0.200	3.378554
1.840000	0.200	3.060267
1.843333	0.200	2.736433
1.846667	0.200	2.425160
1.850000	0.200	2.141844
1.853333	0.200	1.899506
1.856667	0.200	1.708260
1.860000	0.200	1.574424
1.863333	0.200	1.499936
1.866667	0.200	1.482683
1.870000	0.200	1.516835
1.873333	0.200	1.592314
1.876667	0.200	1.694151
1.880000	0.200	1.803178
1.883333	0.200	1.898333
1.886667	0.200	1.959781
1.890000	0.200	1.972358
1.893333	0.200	1.927974
1.896667	0.200	1.825307
1.900000	0.200	1.668291
1.903333	0.200	1.465426
1.906667	0.200	1.229115
1.910000	0.200	0.974338
1.913333	0.200	0.716576
1.916667	0.200	0.469180
1.920000	0.200	0.241599
1.923333	0.200	0.039075
1.926667	0.200	-0.136516
1.930000	0.200	-0.285125
1.933333	0.200	-0.407594
1.936667	0.200	-0.505868
1.940000	0.200	-0.582976
1.943333	0.200	-0.642266
1.946667	0.200	-0.686686
1.950000	0.200	-0.718016
1.953333	0.200	-0.736115
1.956667	0.200	-0.738502
1.960000	0.200	-0.719803
1.963333	0.200	-0.670917
1.966667	0.200	-0.577607
1.970000	0.200	-0.418071
1.973333	0.200	-0.160543
1.976667	0.200	0.237816
1.980000	0.200	0.830590
1.983333	0.200	1.679664
1.986667	0.200	2.849719
1.990000	0.200	4.400468
1.993333	0.200	6.377332
1.996667	0.200	8.799907
2.000000	0.200	11.649328
2.003333	0.200	14.858185
2.006667	0.200	18.306796
2.010000	0.200	21.827961
2.013333	0.200	25.220215
2.016667	0.200	28.267764
2.020000	0.200	30.764133
2.023333	0.200	32.536355
2.026667	0.200	33.466257
2.030000	0.200	33.505063
2.033333	0.200	32.678123
2.036667	0.200	31.078587
2.040000	0.200	28.852031
2.043333	0.200	26.175879
2.046667	0.200	23.237400
2.050000	0.200	20.213722
2.053333	0.200	17.256373
2.056667	0.200	14.481715
2.060000	0.200	11.967845
2.063333	0.200	9.757030
2.066667	0.200	7.861435
2.070000	0.200	6.270264
2.073333	0.200	4.957269
2.076667	0.200	3.887518
2.080000	0.200	3.022608
2.083333	0.200	2.324701
2.086667	0.200	1.759799
2.090000	0.200	1.299852
2.093333	0.200	0.923324
2.096667	0.200	0.614335
2.100000	0.200	0.360952
2.103333	0.200	0.153645
2.106667	0.200	-0.015588
2.110000	0.200	-0.153505
2.113333	0.200	-0.265701
2.116667	0.200	-0.356972
2.120000	0.200	-0.431709
2.123333	0.200	-0.493618
2.126667	0.200	-0.545227
2.130000	0.200	-0.588046
2.133333	0.200	-0.623315
2.136667	0.200	-0.652466
2.140000	0.200	-0.676746
2.143333	0.200	-0.696737
2.146667	0.200	-0.712552
2.150000	0.200	-0.724300
2.153333	0.200	-0.732433
2.156667	0.200	-0.737753
2.160000	0.200	-0.740986
2.163333	0.200	-0.742371
2.166667	0.200	-0.741763
2.170000	0.200	-0.738996
2.173333	0.200	-0.734116
2.176667	0.200	-0.727702
2.180000	0.200	-0.720924
2.183333	0.200	-0.714604
2.186667	0.200	-0.708505
2.190000	0.200	-0.701995
2.193333	0.200	-0.694719
2.196667	0.200	-0.686454
2.200000	0.200	-0.677198
2.203333	0.200	-0.667245
2.206667	0.200	-0.656166
2.210000	0.200	-0.641923
2.213333	0.200	-0.621424
2.216667	0.200	-0.591173
2.220000	0.200	-0.546432
2.223333	0.200	-0.478755
2.226667	0.200	-0.372076
2.230000	0.200	-0.198869
2.233333	0.200	0.079836
2.236667	0.200	0.507076
2.240000	0.200	1.115491
2.243333	0.200	1.911279
2.246667	0.200	2.863507
2.250000	0.200	3.900693
2.253333	0.200	4.913134
2.256667	0.200	5.764351
2.260000	0.200	6.317958
2.263333	0.200	6.476451
2.266667	0.200	6.215455
2.270000	0.200	5.595299
2.273333	0.200	4.743318
2.276667	0.200	3.816393
2.280000	0.200	2.961903
2.283333	0.200	2.290842
2.286667	0.200	1.867757
2.290000	0.200	1.715322
2.293333	0.200	1.826794
2.296667	0.200	2.179614
2.300000	0.200	2.745955
2.303333	0.200	3.497996
2.306667	0.200	4.408948
2.310000	0.200	5.452285
2.313333	0.200	6.599788
2.316667	0.200	7.819478
2.320000	0.200	9.075600
2.323333	0.200	10.330466
2.326667	0.200	11.546659
2.330000	0.200	12.689092
2.333333	0.200	13.726323
2.336667	0.200	14.631296
2.340000	0.200	15.382704
2.343333	0.200	15.966333
2.346667	0.200	16.375286
2.350000	0.200	16.609447
2.353333	0.200	16.674799
2.356667	0.200	16.582595
2.360000	0.200	16.348353
2.363333	0.200	15.990816
2.366667	0.200	15.530623
2.370000	0.200	14.988519
2.373333	0.200	14.383676
2.376667	0.200	13.733270
2.380000	0.200	13.053556
2.383333	0.200	12.360551
2.386667	0.200	11.669153
2.390000	0.200	10.992008
2.393333	0.200	10.338921
2.396667	0.200	9.717016
2.400000	0.200	9.131954
2.403333	0.200	8.588755
2.406667	0.200	8.091239
2.410000	0.200	7.641427
2.413333	0.200	7.239941
2.416667	0.200	6.886727
2.420000	0.200	6.581339
2.423333	0.200	6.322713
2.426667	0.200	6.108821
2.430000	0.200	5.936807
2.433333	0.200	5.803486
2.436667	0.200	5.705972
2.440000	0.200	5.642401
2.443333	0.200	5.611845
2.446667	0.200	5.613733
2.450000	0.200	5.647886
2.453333	0.200	5.714466
2.456667	0.200	5.813789
2.460000	0.200	5.946504
2.463333	0.200	6.113374
2.466667	0.200	6.314914
2.470000	0.200	6.551669
2.473333	0.200	6.824161
2.476667	0.200	7.131972
2.480000	0.200	7.473022
2.483333	0.200	7.843162
2.486667	0.200	8.235273
2.490000	0.200	8.638726
2.493333	0.200	9.040024
2.496667	0.200	9.423661
2.500000	0.200	9.772895
2.503333	0.200	10.070981
2.506667	0.200	10.302483
2.510000	0.200	10.454567
2.513333	0.200	10.518829
2.516667	0.200	10.492788
2.520000	0.200	10.379656
2.523333	0.200	10.187348
2.526667	0.200	9.927698
2.530000	0.200	9.614617
2.533333	0.200	9.261554
2.536667	0.200	8.880337
2.540000	0.200	8.480679
2.543333	0.200	8.068774
2.546667	0.200	7.646652
2.550000	0.200	7.213464
2.553333	0.200	6.767326
2.556667	0.200	6.306935
2.560000	0.200	5.832756
2.563333	0.200	5.347385
2.566667	0.200	4.855796
2.570000	0.200	4.365808
2.573333	0.200	3.887335
2.576667	0.200	3.430085
2.580000	0.200	3.001925
2.583333	0.200	2.608826
2.586667	0.200	2.255123
2.590000	0.200	1.943312
2.593333	0.200	1.673748
2.596667	0.200	1.444897
2.600000	0.200	1.253899
2.603333	0.200	1.096917
2.606667	0.200	0.969195
2.610000	0.200	0.865263
2.613333	0.200	0.779597
2.616667	0.200	0.706947
2.620000	0.200	0.642509
2.623333	0.200	0.582697
2.626667	0.200	0.525271
2.630000	0.200	0.468603
2.633333	0.200	0.411877
2.636667	0.200	0.355955
2.640000	0.200	0.302955
2.643333	0.200	0.254746
2.646667	0.200	0.212406
2.650000	0.200	0.176948
2.653333	0.200	0.149365
2.656667	0.200	0.129550
2.660000	0.200	0.115970
2.663333	0.200	0.106348
2.666667	0.200	0.098080
2.670000	0.200	0.088363
2.673333	0.200	0.074789
2.676667	0.200	0.056035
2.680000	0.200	0.031843
2.683333	0.200	0.002638
2.686667	0.200	-0.030606
2.690000	0.200	-0.066490
2.693333	0.200	-0.103620
2.696667	0.200	-0.140930
2.700000	0.200	-0.177412
2.703333	0.200	-0.211978
2.706667	0.200	-0.243637
2.710000	0.200	-0.271277
2.713333	0.200	-0.293768
2.716667	0.200	-0.310722
2.720000	0.200	-0.322513
2.723333	0.200	-0.329654
2.726667	0.200	-0.332718
2.730000	0.200	-0.332795
2.733333	0.200	-0.331722
2.736667	0.200	-0.331708
2.740000	0.200	-0.334485
2.743333	0.200	-0.340521
2.746667	0.200	-0.348862
2.750000	0.200	-0.357793
2.753333	0.200	-0.365838
2.756667	0.200	-0.372382
2.760000	0.200	-0.377617
2.763333	0.200	-0.381996
2.766667	0.200	-0.385978
2.770000	0.200	-0.390166
2.773333	0.200	-0.395059
2.776667	0.200	-0.400634
2.780000	0.200	-0.406493
2.783333	0.200	-0.412554
2.786667	0.200	-0.419496
2.790000	0.200	-0.428216
2.793333	0.200	-0.438762
2.796667	0.200	-0.450198
2.800000	0.200	-0.461653
2.803333	0.200	-0.473083
2.806667	0.200	-0.484986
2.810000	0.200	-0.497883
2.813333	0.200	-0.512076
2.816667	0.200	-0.527566
2.820000	0.200	-0.543996
2.823333	0.200	-0.560586
2.826667	0.200	-0.576381
2.830000	0.200	-0.590807
2.833333	0.200	-0.603964
2.836667	0.200	-0.616336
2.840000	0.200	-0.628053
2.843333	0.200	-0.638712
2.846667	0.200	-0.648230
2.850000	0.200	-0.657119
2.853333	0.200	-0.665694
2.856667	0.200	-0.673610
2.860000	0.200	-0.679927
2.863333	0.200	-0.683167
2.866667	0.200	-0.681760
2.870000	0.200	-0.674667
2.873333	0.200	-0.661346
2.876667	0.200	-0.641507
2.880000	0.200	-0.615329
2.883333	0.200	-0.583658
2.886667	0.200	-0.547830
2.890000	0.200	-0.509675
2.893333	0.200	-0.471669
2.896667	0.200	-0.436729
2.900000	0.200	-0.407793
2.903333	0.200	-0.386878
2.906667	0.200	-0.373918
2.910000	0.200	-0.367005
2.913333	0.200	-0.363834
2.916667	0.200	-0.362456
2.920000	0.200	-0.360831
2.923333	0.200	-0.356622
2.926667	0.200	-0.348106
2.930000	0.200	-0.335246
2.933333	0.200	-0.319755
2.936667	0.200	-0.304405
2.940000	0.200	-0.292036
2.943333	0.200	-0.284668
2.946667	0.200	-0.283321
2.950000	0.200	-0.288355
2.953333	0.200	-0.299541
2.956667	0.200	-0.315924
2.960000	0.200	-0.336147
2.963333	0.200	-0.358762
2.966667	0.200	-0.382336
2.970000	0.200	-0.405792
2.973333	0.200	-0.428202
2.976667	0.200	-0.448409
2.980000	0.200	-0.465648
2.983333	0.200	-0.479912
2.986667	0.200	-0.491492
2.990000	0.200	-0.500616
2.993333	0.200	-0.507096
2.996667	0.200	-0.509900
3.000000	0.200	-0.507519
3.003333	0.200	-0.499099
3.006667	0.200	-0.485223
3.010000	0.200	-0.467489
3.013333	0.200	-0.447356
3.016667	0.200	-0.425574
3.020000	0.200	-0.402851
3.023333	0.200	-0.380760
3.026667	0.200	-0.361519
3.030000	0.200	-0.347130
3.033333	0.200	-0.339171
3.036667	0.200	-0.338835
3.040000	0.200	-0.346773
3.043333	0.200	-0.362961
3.046667	0.200	-0.386400
3.050000	0.200	-0.415107
3.053333	0.200	-0.446848
3.056667	0.200	-0.479532
3.060000	0.200	-0.510707
3.063333	0.200	-0.537622
3.066667	0.200	-0.558546
3.070000	0.200	-0.573691
3.073333	0.200	-0.584679
3.076667	0.200	-0.593462
3.080000	0.200	-0.601501
3.083333	0.200	-0.609415
3.086667	0.200	-0.617100
3.090000	0.200	-0.624208
3.093333	0.200	-0.630584
3.096667	0.200	-0.636063
3.100000	0.200	-0.640290
3.103333	0.200	-0.643188
3.106667	0.200	-0.645278
3.110000	0.200	-0.647259
3.113333	0.200	-0.649468
3.116667	0.200	-0.651866
3.120000	0.200	-0.654325
3.123333	0.200	-0.656695
3.126667	0.200	-0.658625
3.130000	0.200	-0.659189
3.133333	0.200	-0.656949
3.136667	0.200	-0.650828
3.140000	0.200	-0.640370
3.143333	0.200	-0.624929
3.146667	0.200	-0.603735
3.150000	0.200	-0.577062
3.153333	0.200	-0.546765
3.156667	0.200	-0.515907
3.160000	0.200	-0.487919
3.163333	0.200	-0.465392
3.166667	0.200	-0.449539
3.170000	0.200	-0.440671
3.173333	0.200	-0.438721
3.176667	0.200	-0.443295
3.180000	0.200	-0.453262
3.183333	0.200	-0.466525
3.186667	0.200	-0.480690
3.190000	0.200	-0.494186
3.193333	0.200	-0.506634
3.196667	0.200	-0.517958
3.200000	0.200	-0.527537
3.203333	0.200	-0.534614
3.206667	0.200	-0.539101
3.210000	0.200	-0.541761
3.213333	0.200	-0.543954
3.216667	0.200	-0.546879
3.220000	0.200	-0.550755
3.223333	0.200	-0.554983
3.226667	0.200	-0.558696
3.230000	0.200	-0.560938
3.233333	0.200	-0.560945
3.236667	0.200	-0.558572
3.240000	0.200	-0.554164
3.243333	0.200	-0.547843
3.246667	0.200	-0.539009
3.250000	0.200	-0.526396
3.253333	0.200	-0.508119
3.256667	0.200	-0.481696
3.260000	0.200	-0.444517
3.263333	0.200	-0.394435
3.266667	0.200	-0.329971
3.270000	0.200	-0.250351
3.273333	0.200	-0.155914
3.276667	0.200	-0.048890
3.280000	0.200	0.066634
3.283333	0.200	0.185587
3.286667	0.200	0.302332
3.290000	0.200	0.410626
3.293333	0.200	0.504097
3.296667	0.200	0.577499
3.300000	0.200	0.627587
3.303333	0.200	0.652786
3.306667	0.200	0.652690
3.310000	0.200	0.628114
3.313333	0.200	0.581465
3.316667	0.200	0.517057
3.320000	0.200	0.440510
3.323333	0.200	0.357340
3.326667	0.200	0.272174
3.330000	0.200	0.188937
3.333333	0.200	0.111284
3.336667	0.200	0.042342
3.340000	0.200	-0.016343
3.343333	0.200	-0.065306
3.346667	0.200	-0.106002
3.350000	0.200	-0.138608
3.353333	0.200	-0.160062
3.356667	0.200	-0.161784
3.360000	0.200	-0.123395
3.363333	0.200	0.001931
3.366667	0.200	0.312984
3.370000	0.200	0.997437
3.373333	0.200	2.375314
3.376667	0.200	4.933129
3.380000	0.200	9.323646
3.383333	0.200	16.305856
3.386667	0.200	26.612771
3.390000	0.200	40.762430
3.393333	0.200	58.857052
3.396667	0.200	80.430063
3.400000	0.200	104.396217
3.403333	0.200	129.136645
3.406667	0.200	152.712651
3.410000	0.200	173.162677
3.413333	0.200	188.811325
3.416667	0.200	198.516999
3.420000	0.200	201.806260
3.423333	0.200	198.877931
3.426667	0.200	190.493570
3.430000	0.200	177.794449
3.433333	0.200	162.095590
3.436667	0.200	144.702118
3.440000	0.200	126.774496
3.443333	0.200	109.249339
3.446667	0.200	92.810692
3.450000	0.200	77.899961
3.453333	0.200	64.749159
3.456667	0.200	53.424175
3.460000	0.200	43.869182
3.463333	0.200	35.946749
3.466667	0.200	29.471291
3.470000	0.200	24.235596
3.473333	0.200	20.030882
3.476667	0.200	16.661317
3.480000	0.200	13.953772
3.483333	0.200	11.762266
3.486667	0.200	9.967954
3.490000	0.200	8.477816
3.493333	0.200	7.222702
3.496667	0.200	6.153376
3.500000	0.200	5.235508
3.503333	0.200	4.445048
3.506667	0.200	3.764255
3.510000	0.200	3.179203
3.513333	0.200	2.678625
3.516667	0.200	2.252770
3.520000	0.200	1.892240
3.523333	0.200	1.588008
3.526667	0.200	1.332140
3.530000	0.200	1.117561
3.533333	0.200	0.937282
3.536667	0.200	0.784712
3.540000	0.200	0.654564
3.543333	0.200	0.542790
3.546667	0.200	0.445974
3.550000	0.200	0.361391
3.553333	0.200	0.287549
3.556667	0.200	0.224523
3.560000	0.200	0.173719
3.563333	0.200	0.136855
3.566667	0.200	0.115163
3.570000	0.200	0.109649
3.573333	0.200	0.121440
3.576667	0.200	0.151173
3.580000	0.200	0.198067
3.583333	0.200	0.259908
3.586667	0.200	0.333366
3.590000	0.200	0.413424
3.593333	0.200	0.492994
3.596667	0.200	0.564281
3.600000	0.200	0.620527
3.603333	0.200	0.656334
3.606667	0.200	0.667594
3.610000	0.200	0.652346
3.613333	0.200	0.611681
3.616667	0.200	0.549136
3.620000	0.200	0.469171
3.623333	0.200	0.376578
3.626667	0.200	0.276718
3.630000	0.200	0.175135
3.633333	0.200	0.076742
3.636667	0.200	-0.014594
3.640000	0.200	-0.096234
3.643333	0.200	-0.166929
3.646667	0.200	-0.226650
3.650000	0.200	-0.275967
3.653333	0.200	-0.315920
3.656667	0.200	-0.348420
3.660000	0.200	-0.375732
3.663333	0.200	-0.399546
3.666667	0.200	-0.420741
3.670000	0.200	-0.439462
3.673333	0.200	-0.455532
3.676667	0.200	-0.469234
3.680000	0.200	-0.481468
3.683333	0.200	-0.492881
3.686667	0.200	-0.503149
3.690000	0.200	-0.511513
3.693333	0.200	-0.517510
3.696667	0.200	-0.520948
3.700000	0.200	-0.522133
3.703333	0.200	-0.522102
3.706667	0.200	-0.522007
3.710000	0.200	-0.522589
3.713333	0.200	-0.524085
3.716667	0.200	-0.525934
3.720000	0.200	-0.526733
3.723333	0.200	-0.524992
3.726667	0.200	-0.520066
3.730000	0.200	-0.512400
3.733333	0.200	-0.503155
3.736667	0.200	-0.493635
3.740000	0.200	-0.484722
3.743333	0.200	-0.476678
3.746667	0.200	-0.469434
3.750000	0.200	-0.462896
3.753333	0.200	-0.457201
3.756667	0.200	-0.452709
3.760000	0.200	-0.449614
3.763333	0.200	-0.447855
3.766667	0.200	-0.447112
3.770000	0.200	-0.446802
3.773333	0.200	-0.446694
3.776667	0.200	-0.447217
3.780000	0.200	-0.448957
3.783333	0.200	-0.452374
3.786667	0.200	-0.457828
3.790000	0.200	-0.465577
3.793333	0.200	-0.475526
3.796667	0.200	-0.487052
3.800000	0.200	-0.499351
3.803333	0.200	-0.511772
3.806667	0.200	-0.523730
3.810000	0.200	-0.534412
3.813333	0.200	-0.542197
3.816667	0.200	-0.544183
3.820000	0.200	-0.536402
3.823333	0.200	-0.514470
3.826667	0.200	-0.474163
3.830000	0.200	-0.411429
3.833333	0.200	-0.321709
3.836667	0.200	-0.199552
3.840000	0.200	-0.039336
3.843333	0.200	0.163000
3.846667	0.200	0.408214
3.850000	0.200	0.693087
3.853333	0.200	1.010426
3.856667	0.200	1.348982
3.860000	0.200	1.693605
3.863333	0.200	2.026158
3.866667	0.200	2.327460
3.870000	0.200	2.579442
3.873333	0.200	2.766681
3.876667	0.200	2.877568
3.880000	0.200	2.905335
3.883333	0.200	2.849077
3.886667	0.200	2.714579
3.890000	0.200	2.513727
3.893333	0.200	2.262250
3.896667	0.200	1.977304
3.900000	0.200	1.675780
3.903333	0.200	1.373041
3.906667	0.200	1.081925
3.910000	0.200	0.812135
3.913333	0.200	0.570011
3.916667	0.200	0.358671
3.920000	0.200	0.178530
3.923333	0.200	0.028069
3.926667	0.200	-0.095619
3.930000	0.200	-0.196285
3.933333	0.200	-0.277511
3.936667	0.200	-0.342106
3.940000	0.200	-0.392481
3.943333	0.200	-0.431119
3.946667	0.200	-0.460535
3.950000	0.200	-0.482977
3.953333	0.200	-0.500115
3.956667	0.200	-0.512875
3.960000	0.200	-0.521704
3.963333	0.200	-0.527134
3.966667	0.200	-0.530068
3.970000	0.200	-0.531744
3.973333	0.200	-0.533568
3.976667	0.200	-0.536741
3.980000	0.200	-0.541936
3.983333	0.200	-0.549121
3.986667	0.200	-0.557622
3.990000	0.200	-0.566618
3.993333	0.200	-0.575591
3.996667	0.200	-0.584347
4.000000	0.200	-0.592769
4.003333	0.200	-0.600353
4.006667	0.200	-0.606140
4.010000	0.200	-0.609428
4.013333	0.200	-0.610310
4.016667	0.200	-0.609484
4.020000	0.200	-0.607799
4.023333	0.200	-0.605642
4.026667	0.200	-0.602523
4.030000	0.200	-0.597757
4.033333	0.200	-0.591457
4.036667	0.200	-0.584535
4.040000	0.200	-0.578223
4.043333	0.200	-0.573935
4.046667	0.200	-0.573150
4.050000	0.200	-0.576818
4.053333	0.200	-0.584722
4.056667	0.200	-0.595612
4.060000	0.200	-0.608191
4.063333	0.200	-0.621852
4.066667	0.200	-0.636241
4.070000	0.200	-0.650558
4.073333	0.200	-0.663551
4.076667	0.200	-0.673891
4.080000	0.200	-0.680784
4.083333	0.200	-0.684389
4.086667	0.200	-0.685355
4.090000	0.200	-0.684410
4.093333	0.200	-0.682679
4.096667	0.200	-0.681333
4.100000	0.200	-0.680556
4.103333	0.200	-0.679741
4.106667	0.200	-0.678630
4.110000	0.200	-0.677420
4.113333	0.200	-0.676207
4.116667	0.200	-0.675151
4.120000	0.200	-0.674756
4.123333	0.200	-0.675612
4.126667	0.200	-0.678007
4.130000	0.200	-0.681676
4.133333	0.200	-0.685913
4.136667	0.200	-0.690168
4.140000	0.200	-0.694237
4.143333	0.200	-0.697800
4.146667	0.200	-0.700169
4.150000	0.200	-0.700706
4.153333	0.200	-0.699634
4.156667	0.200	-0.698072
4.160000	0.200	-0.696933
4.163333	0.200	-0.696443
4.166667	0.200	-0.696753
4.170000	0.200	-0.698124
4.173333	0.200	-0.700415
4.176667	0.200	-0.702939
4.180000	0.200	-0.705143
4.183333	0.200	-0.707058
4.186667	0.200	-0.708841
4.190000	0.200	-0.710240
4.193333	0.200	-0.710851
4.196667	0.200	-0.710780
4.200000	0.200	-0.710682
4.203333	0.200	-0.711239
4.206667	0.200	-0.712672
4.210000	0.200	-0.714553
4.213333	0.200	-0.716087
4.216667	0.200	-0.716576
4.220000	0.200	-0.715782
4.223333	0.200	-0.714175
4.226667	0.200	-0.712780
4.230000	0.200	-0.712537
4.233333	0.200	-0.713611
4.236667	0.200	-0.715163
4.240000	0.200	-0.715927
4.243333	0.200	-0.715317
4.246667	0.200	-0.713665
4.250000	0.200	-0.711354
4.253333	0.200	-0.708393
4.256667	0.200	-0.704870
4.260000	0.200	-0.701196
4.263333	0.200	-0.697653
4.266667	0.200	-0.693814
4.270000	0.200	-0.688827
4.273333	0.200	-0.682455
4.276667	0.200	-0.675498
4.280000	0.200	-0.669109
4.283333	0.200	-0.663903
4.286667	0.200	-0.659998
4.290000	0.200	-0.657830
4.293333	0.200	-0.658106
4.296667	0.200	-0.660837
4.300000	0.200	-0.665148
4.303333	0.200	-0.669786
4.306667	0.200	-0.673795
4.310000	0.200	-0.677439
4.313333	0.200	-0.681918
4.316667	0.200	-0.687810
4.320000	0.200	-0.694610
4.323333	0.200	-0.701623
4.326667	0.200	-0.708512
4.330000	0.200	-0.715361
4.333333	0.200	-0.722660
4.336667	0.200	-0.730742
4.340000	0.200	-0.739173
4.343333	0.200	-0.747019
4.346667	0.200	-0.753483
4.350000	0.200	-0.758236
4.353333	0.200	-0.761508
4.356667	0.200	-0.764064
4.360000	0.200	-0.766684
4.363333	0.200	-0.769449
4.366667	0.200	-0.771933
4.370000	0.200	-0.773855
4.373333	0.200	-0.775126
4.376667	0.200	-0.775773
4.380000	0.200	-0.776090
4.383333	0.200	-0.776547
4.386667	0.200	-0.777463
4.390000	0.200	-0.778732
4.393333	0.200	-0.779901
4.396667	0.200	-0.780585
4.400000	0.200	-0.780550
4.403333	0.200	-0.779483
4.406667	0.200	-0.777334
4.410000	0.200	-0.774794
4.413333	0.200	-0.772835
4.416667	0.200	-0.771689
4.420000	0.200	-0.770686
4.423333	0.200	-0.769288
4.426667	0.200	-0.767529
4.430000	0.200	-0.765383
4.433333	0.200	-0.762683
4.436667	0.200	-0.759451
4.440000	0.200	-0.755756
4.443333	0.200	-0.751493
4.446667	0.200	-0.746314
4.450000	0.200	-0.739475
4.453333	0.200	-0.730000
4.456667	0.200	-0.717482
4.460000	0.200	-0.702399
4.463333	0.200	-0.685414
4.466667	0.200	-0.666642
4.470000	0.200	-0.645628
4.473333	0.200	-0.622078
4.476667	0.200	-0.596232
4.480000	0.200	-0.568652
4.483333	0.200	-0.540164
4.486667	0.200	-0.511706
4.490000	0.200	-0.484007
4.493333	0.200	-0.457638
4.496667	0.200	-0.433159
4.500000	0.200	-0.410967
4.503333	0.200	-0.391088
4.506667	0.200	-0.373514
4.510000	0.200	-0.358801
4.513333	0.200	-0.347810
4.516667	0.200	-0.340801
4.520000	0.200	-0.337182
4.523333	0.200	-0.335894
4.526667	0.200	-0.335833
4.530000	0.200	-0.336435
4.533333	0.200	-0.337769
4.536667	0.200	-0.339748
4.540000	0.200	-0.341629
4.543333	0.200	-0.342208
4.546667	0.200	-0.340278
4.550000	0.200	-0.335226
4.553333	0.200	-0.327299
4.556667	0.200	-0.317397
4.560000	0.200	-0.306919
4.563333	0.200	-0.297612
4.566667	0.200	-0.291022
4.570000	0.200	-0.287756
4.573333	0.200	-0.287614
4.576667	0.200	-0.290771
4.580000	0.200	-0.298258
4.583333	0.200	-0.310995
4.586667	0.200	-0.328917
4.590000	0.200	-0.351116
4.593333	0.200	-0.376387
4.596667	0.200	-0.403505
4.600000	0.200	-0.431334
4.603333	0.200	-0.459126
4.606667	0.200	-0.486631
4.610000	0.200	-0.513788
4.613333	0.200	-0.540337
4.616667	0.200	-0.565419
4.620000	0.200	-0.587677
4.623333	0.200	-0.606025
4.626667	0.200	-0.620226
4.630000	0.200	-0.631029
4.633333	0.200	-0.639793
4.636667	0.200	-0.647363
4.640000	0.200	-0.653303
4.643333	0.200	-0.656412
4.646667	0.200	-0.655557
4.650000	0.200	-0.649963
4.653333	0.200	-0.639444
4.656667	0.200	-0.624696
4.660000	0.200	-0.606814
4.663333	0.200	-0.586383
4.666667	0.200	-0.563469
4.670000	0.200	-0.538171
4.673333	0.200	-0.510734
4.676667	0.200	-0.481590
4.680000	0.200	-0.451654
4.683333	0.200	-0.422342
4.686667	0.200	-0.395251
4.690000	0.200	-0.371883
4.693333	0.200	-0.353441
4.696667	0.200	-0.340681
4.700000	0.200	-0.334010
4.703333	0.200	-0.333700
4.706667	0.200	-0.339762
4.710000	0.200	-0.351732
4.713333	0.200	-0.368856
4.716667	0.200	-0.390039
4.720000	0.200	-0.413552
4.723333	0.200	-0.437305
4.726667	0.200	-0.459313
4.730000	0.200	-0.477863
4.733333	0.200	-0.491934
4.736667	0.200	-0.501871
4.740000	0.200	-0.508926
4.743333	0.200	-0.513685
4.746667	0.200	-0.515357
4.750000	0.200	-0.512530
4.753333	0.200	-0.504129
4.756667	0.200	-0.490218
4.760000	0.200	-0.472447
4.763333	0.200	-0.453298
4.766667	0.200	-0.434669
4.770000	0.200	-0.417328
4.773333	0.200	-0.401441
4.776667	0.200	-0.387326
4.780000	0.200	-0.375622
4.783333	0.200	-0.366900
4.786667	0.200	-0.361467
4.790000	0.200	-0.359595
4.793333	0.200	-0.361800
4.796667	0.200	-0.368234
4.800000	0.200	-0.377428
4.803333	0.200	-0.386390
4.806667	0.200	-0.391971
4.810000	0.200	-0.391555
4.813333	0.200	-0.383245
4.816667	0.200	-0.366242
4.820000	0.200	-0.340728
4.823333	0.200	-0.307416
4.826667	0.200	-0.267280
4.830000	0.200	-0.221277
4.833333	0.200	-0.170455
4.836667	0.200	-0.116495
4.840000	0.200	-0.061892
4.843333	0.200	-0.009795
4.846667	0.200	0.036499
4.850000	0.200	0.074365
4.853333	0.200	0.101901
4.856667	0.200	0.117509
4.860000	0.200	0.120324
4.863333	0.200	0.110519
4.866667	0.200	0.088609
4.870000	0.200	0.055378
4.873333	0.200	0.012642
4.876667	0.200	-0.037050
4.880000	0.200	-0.091277
4.883333	0.200	-0.147860
4.886667	0.200	-0.204774
4.890000	0.200	-0.260180
4.893333	0.200	-0.312452
4.896667	0.200	-0.360109
4.900000	0.200	-0.401820
4.903333	0.200	-0.436772
4.906667	0.200	-0.465107
4.910000	0.200	-0.487863
4.913333	0.200	-0.506380
4.916667	0.200	-0.521804
4.920000	0.200	-0.534957
4.923333	0.200	-0.546204
4.926667	0.200	-0.555555
4.930000	0.200	-0.562994
4.933333	0.200	-0.568456
4.936667	0.200	-0.571673
4.940000	0.200	-0.572404
4.943333	0.200	-0.570723
4.946667	0.200	-0.566921
4.950000	0.200	-0.561278
4.953333	0.200	-0.554144
4.956667	0.200	-0.546160
4.960000	0.200	-0.538179
4.963333	0.200	-0.530804
4.966667	0.200	-0.523954
4.970000	0.200	-0.516966
4.973333	0.200	-0.509209
4.976667	0.200	-0.500687
4.980000	0.200	-0.492007
4.983333	0.200	-0.483752
4.986667	0.200	-0.476222
4.990000	0.200	-0.469546
4.993333	0.200	-0.463585
4.996667	0.200	-0.458205
5.000000	0.200	-0.453771
5.003333	0.200	-0.450883
5.006667	0.200	-0.449716
5.010000	0.200	-0.449663
5.013333	0.200	-0.449260
5.016667	0.200	-0.446688
5.020000	0.200	-0.440650
5.023333	0.200	-0.430675
5.026667	0.200	-0.416790
5.030000	0.200	-0.398936
5.033333	0.200	-0.376223
5.036667	0.200	-0.346833
5.040000	0.200	-0.309047
5.043333	0.200	-0.262335
5.046667	0.200	-0.207652
5.050000	0.200	-0.147319
5.053333	0.200	-0.084689
5.056667	0.200	-0.023565
5.060000	0.200	0.032241
5.063333	0.200	0.079244
5.066667	0.200	0.114628
5.070000	0.200	0.136436
5.073333	0.200	0.143777
5.076667	0.200	0.136923
5.080000	0.200	0.117019
5.083333	0.200	0.085907
5.086667	0.200	0.046629
5.090000	0.200	0.003715
5.093333	0.200	-0.038028
5.096667	0.200	-0.075379
5.100000	0.200	-0.107403
5.103333	0.200	-0.134792
5.106667	0.200	-0.159022
5.110000	0.200	-0.181940
5.113333	0.200	-0.205071
5.116667	0.200	-0.228611
5.120000	0.200	-0.251504
5.123333	0.200	-0.272520
5.126667	0.200	-0.290785
5.130000	0.200	-0.305561
5.133333	0.200	-0.315902
5.136667	0.200	-0.320473
5.140000	0.200	-0.317568
5.143333	0.200	-0.305327
5.146667	0.200	-0.282331
5.150000	0.200	-0.248179
5.153333	0.200	-0.203168
5.156667	0.200	-0.147601
5.160000	0.200	-0.081953
5.163333	0.200	-0.007835
5.166667	0.200	0.071485
5.170000	0.200	0.151870
5.173333	0.200	0.229493
5.176667	0.200	0.301083
5.180000	0.200	0.363509
5.183333	0.200	0.413560
5.186667	0.200	0.448381
5.190000	0.200	0.466540
5.193333	0.200	0.468459
5.196667	0.200	0.455351
5.200000	0.200	0.428240
5.203333	0.200	0.388091
5.206667	0.200	0.336251
5.210000	0.200	0.274584
5.213333	0.200	0.205330
5.216667	0.200	0.130978
5.220000	0.200	0.054387
5.223333	0.200	-0.021229
5.226667	0.200	-0.092870
5.230000	0.200	-0.158137
5.233333	0.200	-0.214959
5.236667	0.200	-0.261533
5.240000	0.200	-0.296507
5.243333	0.200	-0.317878
5.246667	0.200	-0.320889
5.250000	0.200	-0.296377
5.253333	0.200	-0.229896
5.256667	0.200	-0.102433
5.260000	0.200	0.105645
5.263333	0.200	0.407956
5.266667	0.200	0.805055
5.270000	0.200	1.278874
5.273333	0.200	1.790857
5.276667	0.200	2.285811
5.280000	0.200	2.701404
5.283333	0.200	2.981058
5.286667	0.200	3.086690
5.290000	0.200	3.007819
5.293333	0.200	2.763834
5.296667	0.200	2.397825
5.300000	0.200	1.964708
5.303333	0.200	1.518642
5.306667	0.200	1.103008
5.310000	0.200	0.745033
5.313333	0.200	0.455519
5.316667	0.200	0.232284
5.320000	0.200	0.065843
5.323333	0.200	-0.055041
5.326667	0.200	-0.140659
5.330000	0.200	-0.200236
5.333333	0.200	-0.241913
5.336667	0.200	-0.272091
5.340000	0.200	-0.295229
5.343333	0.200	-0.314177
5.346667	0.200	-0.330407
5.350000	0.200	-0.344351
5.353333	0.200	-0.356169
5.356667	0.200	-0.366426
5.360000	0.200	-0.375858
5.363333	0.200	-0.384852
5.366667	0.200	-0.393619
5.370000	0.200	-0.402122
5.373333	0.200	-0.409610
5.376667	0.200	-0.415147
5.380000	0.200	-0.418624
5.383333	0.200	-0.420804
5.386667	0.200	-0.422574
5.390000	0.200	-0.424244
5.393333	0.200	-0.425413
5.396667	0.200	-0.425704
5.400000	0.200	-0.425616
5.403333	0.200	-0.425960
5.406667	0.200	-0.426562
5.410000	0.200	-0.426341
5.413333	0.200	-0.424520
5.416667	0.200	-0.421010
5.420000	0.200	-0.415739
5.423333	0.200	-0.408487
5.426667	0.200	-0.399759
5.430000	0.200	-0.391485
5.433333	0.200	-0.386274
5.436667	0.200	-0.385618
5.440000	0.200	-0.389052
5.443333	0.200	-0.394849
5.446667	0.200	-0.400933
5.450000	0.200	-0.405537
5.453333	0.200	-0.407786
5.456667	0.200	-0.407880
5.460000	0.200	-0.406906
5.463333	0.200	-0.406373
5.466667	0.200	-0.407272
5.470000	0.200	-0.409169
5.473333	0.200	-0.410422
5.476667	0.200	-0.409471
5.480000	0.200	-0.405934
5.483333	0.200	-0.400596
5.486667	0.200	-0.394527
5.490000	0.200	-0.388247
5.493333	0.200	-0.381650
5.496667	0.200	-0.374321
5.500000	0.200	-0.366035
5.503333	0.200	-0.357593
5.506667	0.200	-0.350850
5.510000	0.200	-0.347301
5.513333	0.200	-0.347086
5.516667	0.200	-0.349422
5.520000	0.200	-0.353149
5.523333	0.200	-0.356806
5.526667	0.200	-0.359073
5.530000	0.200	-0.359266
5.533333	0.200	-0.357055
5.536667	0.200	-0.352295
5.540000	0.200	-0.345406
5.543333	0.200	-0.337412
5.546667	0.200	-0.329388
5.550000	0.200	-0.321653
5.553333	0.200	-0.313721
5.556667	0.200	-0.305208
5.560000	0.200	-0.296315
5.563333	0.200	-0.287685
5.566667	0.200	-0.280074
5.570000	0.200	-0.273874
5.573333	0.200	-0.269158
5.576667	0.200	-0.266176
5.580000	0.200	-0.265243
5.583333	0.200	-0.266146
5.586667	0.200	-0.267948
5.590000	0.200	-0.269611
5.593333	0.200	-0.270581
5.596667	0.200	-0.270533
5.600000	0.200	-0.269326
5.603333	0.200	-0.267464
5.606667	0.200	-0.265818
5.610000	0.200	-0.264866
5.613333	0.200	-0.264769
5.616667	0.200	-0.265990
5.620000	0.200	-0.269023
5.623333	0.200	-0.273338
5.626667	0.200	-0.277206
5.630000	0.200	-0.278772
5.633333	0.200	-0.276944
5.636667	0.200	-0.271228
5.640000	0.200	-0.261648
5.643333	0.200	-0.249434
5.646667	0.200	-0.236881
5.650000	0.200	-0.226022
5.653333	0.200	-0.217765
5.656667	0.200	-0.212129
5.660000	0.200	-0.209112
5.663333	0.200	-0.209169
5.666667	0.200	-0.212551
5.670000	0.200	-0.218662
5.673333	0.200	-0.226325
5.676667	0.200	-0.234487
5.680000	0.200	-0.242783
5.683333	0.200	-0.251258
5.686667	0.200	-0.259758
5.690000	0.200	-0.268103
5.693333	0.200	-0.276260
5.696667	0.200	-0.284009
5.700000	0.200	-0.291075
5.703333	0.200	-0.297441
5.706667	0.200	-0.303008
5.710000	0.200	-0.307112
5.713333	0.200	-0.308737
5.716667	0.200	-0.307216
5.720000	0.200	-0.302542
5.723333	0.200	-0.295228
5.726667	0.200	-0.286109
5.730000	0.200	-0.275741
5.733333	0.200	-0.263659
5.736667	0.200	-0.248837
5.740000	0.200	-0.231096
5.743333	0.200	-0.211731
5.746667	0.200	-0.192968
5.750000	0.200	-0.177107
5.753333	0.200	-0.165759
5.756667	0.200	-0.159489
5.760000	0.200	-0.158028
5.763333	0.200	-0.160436
5.766667	0.200	-0.165256
5.770000	0.200	-0.171040
5.773333	0.200	-0.176781
5.776667	0.200	-0.182109
5.780000	0.200	-0.187505
5.783333	0.200	-0.193971
5.786667	0.200	-0.201924
5.790000	0.200	-0.210699
5.793333	0.200	-0.219096
5.796667	0.200	-0.225846
5.800000	0.200	-0.229974
5.803333	0.200	-0.231350
5.806667	0.200	-0.231013
5.810000	0.200	-0.230773
5.813333	0.200	-0.232083
5.816667	0.200	-0.235103
5.820000	0.200	-0.239027
5.823333	0.200	-0.243410
5.826667	0.200	-0.248838
5.830000	0.200	-0.255935
5.833333	0.200	-0.264132
5.836667	0.200	-0.271819
5.840000	0.200	-0.277580
5.843333	0.200	-0.281111
5.846667	0.200	-0.282842
5.850000	0.200	-0.282956
5.853333	0.200	-0.281279
5.856667	0.200	-0.278071
5.860000	0.200	-0.274477
5.863333	0.200	-0.272124
5.866667	0.200	-0.272197
5.870000	0.200	-0.274552
5.873333	0.200	-0.277533
5.876667	0.200	-0.278821
5.880000	0.200	-0.276740
5.883333	0.200	-0.270733
5.886667	0.200	-0.260540
5.890000	0.200	-0.245374
5.893333	0.200	-0.224463
5.896667	0.200	-0.198345
5.900000	0.200	-0.169356
5.903333	0.200	-0.140944
5.906667	0.200	-0.116393
5.910000	0.200	-0.097786
5.913333	0.200	-0.086029
5.916667	0.200	-0.081258
5.920000	0.200	-0.082802
5.923333	0.200	-0.089262
5.926667	0.200	-0.099023
5.930000	0.200	-0.110794
5.933333	0.200	-0.123731
5.936667	0.200	-0.137153
5.940000	0.200	-0.150358
5.943333	0.200	-0.162962
5.946667	0.200	-0.175226
5.950000	0.200	-0.187630
5.953333	0.200	-0.200221
5.956667	0.200	-0.212470
5.960000	0.200	-0.223486
5.963333	0.200	-0.232319
5.966667	0.200	-0.238507
5.970000	0.200	-0.242650
5.973333	0.200	-0.245971
5.976667	0.200	-0.248991
5.980000	0.200	-0.251198
5.983333	0.200	-0.252226
5.986667	0.200	-0.252543
5.990000	0.200	-0.252617
5.993333	0.200	-0.252130
5.996667	0.200	-0.250229
6.000000	0.200	-0.246248
6.003333	0.200	-0.240440
6.006667	0.200	-0.233983
6.010000	0.200	-0.228160
6.013333	0.200	-0.223720
6.016667	0.200	-0.220617
6.020000	0.200	-0.218138
6.023333	0.200	-0.215594
6.026667	0.200	-0.212740
6.030000	0.200	-0.209369
6.033333	0.200	-0.204716
6.036667	0.200	-0.197647
6.040000	0.200	-0.187480
6.043333	0.200	-0.174218
6.046667	0.200	-0.158066
6.050000	0.200	-0.139001
6.053333	0.200	-0.116752
6.056667	0.200	-0.091189
6.060000	0.200	-0.062588
6.063333	0.200	-0.031736
6.066667	0.200	-0.000157
6.070000	0.200	0.030128
6.073333	0.200	0.057151
6.076667	0.200	0.079116
6.080000	0.200	0.094474
6.083333	0.200	0.102060
6.086667	0.200	0.101057
6.090000	0.200	0.091420
6.093333	0.200	0.074312
6.096667	0.200	0.051764
6.100000	0.200	0.026300
6.103333	0.200	0.000895
6.106667	0.200	-0.021613
6.110000	0.200	-0.039551
6.113333	0.200	-0.052825
6.116667	0.200	-0.062218
6.120000	0.200	-0.068494
6.123333	0.200	-0.072290
6.126667	0.200	-0.074225
6.130000	0.200	-0.074781
6.133333	0.200	-0.074202
6.136667	0.200	-0.072612
6.140000	0.200	-0.070465
6.143333	0.200	-0.068582
6.146667	0.200	-0.067642
6.150000	0.200	-0.067916
6.153333	0.200	-0.069074
6.156667	0.200	-0.070122
6.160000	0.200	-0.070013
6.163333	0.200	-0.068288
6.166667	0.200	-0.065491
6.170000	0.200	-0.063140
6.173333	0.200	-0.062767
6.176667	0.200	-0.065178
6.180000	0.200	-0.070789
6.183333	0.200	-0.079719
6.186667	0.200	-0.091090
6.190000	0.200	-0.103054
6.193333	0.200	-0.114043
6.196667	0.200	-0.123687
6.200000	0.200	-0.132281
6.203333	0.200	-0.139805
6.206667	0.200	-0.145941
6.210000	0.200	-0.150822
6.213333	0.200	-0.155109
6.216667	0.200	-0.159356
6.220000	0.200	-0.163777
6.223333	0.200	-0.168357
6.226667	0.200	-0.172962
6.230000	0.200	-0.177640
6.233333	0.200	-0.182583
6.236667	0.200	-0.187672
6.240000	0.200	-0.192381
6.243333	0.200	-0.196010
6.246667	0.200	-0.197908
6.250000	0.200	-0.197749
6.253333	0.200	-0.195644
6.256667	0.200	-0.192017
6.260000	0.200	-0.187485
6.263333	0.200	-0.182627
6.266667	0.200	-0.177880
6.270000	0.200	-0.173868
6.273333	0.200	-0.171336
6.276667	0.200	-0.170590
6.280000	0.200	-0.171555
6.283333	0.200	-0.174037
6.286667	0.200	-0.177597
6.290000	0.200	-0.181790
6.293333	0.200	-0.186476
6.296667	0.200	-0.191481
6.300000	0.200	-0.196292
6.303333	0.200	-0.200246
6.306667	0.200	-0.202878
6.310000	0.200	-0.204223
6.313333	0.200	-0.204729
6.316667	0.200	-0.204652
6.320000	0.200	-0.203519
6.323333	0.200	-0.200258
6.326667	0.200	-0.194189
6.330000	0.200	-0.185967
6.333333	0.200	-0.177235
6.336667	0.200	-0.169507
6.340000	0.200	-0.163548
6.343333	0.200	-0.159624
6.346667	0.200	-0.157941
6.350000	0.200	-0.158648
6.353333	0.200	-0.161741
6.356667	0.200	-0.167224
6.360000	0.200	-0.174929
6.363333	0.200	-0.184043
6.366667	0.200	-0.193164
6.370000	0.200	-0.200696
6.373333	0.200	-0.205312
6.376667	0.200	-0.206743
6.380000	0.200	-0.206108
6.383333	0.200	-0.204872
6.386667	0.200	-0.203459
6.390000	0.200	-0.201328
6.393333	0.200	-0.198173
6.396667	0.200	-0.194409
6.400000	0.200	-0.190844
6.403333	0.200	-0.188167
6.406667	0.200	-0.186243
6.410000	0.200	-0.183833
6.413333	0.200	-0.179486
6.416667	0.200	-0.172661
6.420000	0.200	-0.163383
6.423333	0.200	-0.151268
6.426667	0.200	-0.135449
6.430000	0.200	-0.114738
6.433333	0.200	-0.088063
6.436667	0.200	-0.055519
6.440000	0.200	-0.018624
6.443333	0.200	0.020500
6.446667	0.200	0.059644
6.450000	0.200	0.096276
6.453333	0.200	0.127489
6.456667	0.200	0.150769
6.460000	0.200	0.164658
6.463333	0.200	0.168419
6.466667	0.200	0.161512
6.470000	0.200	0.143936
6.473333	0.200	0.116993
6.476667	0.200	0.083387
6.480000	0.200	0.046596
6.483333	0.200	0.009936
6.486667	0.200	-0.024283
6.490000	0.200	-0.054884
6.493333	0.200	-0.081342
6.496667	0.200	-0.103768
6.500000	0.200	-0.123154
6.503333	0.200	-0.140854
6.506667	0.200	-0.157543
6.510000	0.200	-0.172763
6.513333	0.200	-0.185494
6.516667	0.200	-0.195154
6.520000	0.200	-0.202155
6.523333	0.200	-0.207680
6.526667	0.200	-0.213085
6.530000	0.200	-0.219384
6.533333	0.200	-0.226683
6.536667	0.200	-0.234150
6.540000	0.200	-0.240939
6.543333	0.200	-0.246658
6.546667	0.200	-0.250895
6.550000	0.200	-0.253143
6.553333	0.200	-0.253348
6.556667	0.200	-0.252191
6.560000	0.200	-0.250728
6.563333	0.200	-0.249850
6.566667	0.200	-0.250209
6.570000	0.200	-0.252303
6.573333	0.200	-0.255959
6.576667	0.200	-0.260168
6.580000	0.200	-0.263896
6.583333	0.200	-0.266471
6.586667	0.200	-0.267402
6.590000	0.200	-0.266704
6.593333	0.200	-0.265026
6.596667	0.200	-0.262954
6.600000	0.200	-0.260706
6.603333	0.200	-0.258661
6.606667	0.200	-0.257415
6.610000	0.200	-0.257294
6.613333	0.200	-0.258274
6.616667	0.200	-0.260202
6.620000	0.200	-0.262880
6.623333	0.200	-0.265990
6.626667	0.200	-0.268859
6.630000	0.200	-0.270425
6.633333	0.200	-0.269857
6.636667	0.200	-0.267261
6.640000	0.200	-0.263643
6.643333	0.200	-0.260281
6.646667	0.200	-0.257868
6.650000	0.200	-0.255982
6.653333	0.200	-0.253542
6.656667	0.200	-0.249599
6.660000	0.200	-0.243823
6.663333	0.200	-0.236766
6.666667	0.200	-0.229511
6.670000	0.200	-0.222963
6.673333	0.200	-0.217449
6.676667	0.200	-0.212755
6.680000	0.200	-0.208638
6.683333	0.200	-0.205255
6.686667	0.200	-0.203070
6.690000	0.200	-0.202642
6.693333	0.200	-0.204125
6.696667	0.200	-0.206832
6.700000	0.200	-0.209637
6.703333	0.200	-0.211670
6.706667	0.200	-0.212605
6.710000	0.200	-0.212678
6.713333	0.200	-0.212595
6.716667	0.200	-0.213102
6.720000	0.200	-0.214187
6.723333	0.200	-0.214930
6.726667	0.200	-0.214378
6.730000	0.200	-0.212251
6.733333	0.200	-0.208769
6.736667	0.200	-0.204229
6.740000	0.200	-0.198908
6.743333	0.200	-0.193071
6.746667	0.200	-0.186871
6.750000	0.200	-0.180391
6.753333	0.200	-0.173863
6.756667	0.200	-0.167679
6.760000	0.200	-0.162271
6.763333	0.200	-0.158360
6.766667	0.200	-0.157090
6.770000	0.200	-0.159481
6.773333	0.200	-0.165789
6.776667	0.200	-0.175180
6.780000	0.200	-0.186018
6.783333	0.200	-0.196817
6.786667	0.200	-0.206740
6.790000	0.200	-0.215090
6.793333	0.200	-0.220989
6.796667	0.200	-0.224078
6.800000	0.200	-0.225078
6.803333	0.200	-0.225118
6.806667	0.200	-0.224751
6.810000	0.200	-0.223838
6.813333	0.200	-0.222249
6.816667	0.200	-0.220286
6.820000	0.200	-0.218243
6.823333	0.200	-0.216393
6.826667	0.200	-0.215520
6.830000	0.200	-0.216481
6.833333	0.200	-0.219282
6.836667	0.200	-0.222921
6.840000	0.200	-0.226146
6.843333	0.200	-0.228480
6.846667	0.200	-0.230276
6.850000	0.200	-0.231856
6.853333	0.200	-0.233083
6.856667	0.200	-0.233869
6.860000	0.200	-0.234661
6.863333	0.200	-0.235930
6.866667	0.200	-0.237266
6.870000	0.200	-0.237370
6.873333	0.200	-0.234726
6.876667	0.200	-0.227581
6.880000	0.200	-0.212698
6.883333	0.200	-0.183561
6.886667	0.200	-0.128065
6.890000	0.200	-0.025476
6.893333	0.200	0.157245
6.896667	0.200	0.470430
6.900000	0.200	0.988345
6.903333	0.200	1.815724
6.906667	0.200	3.091888
6.910000	0.200	4.991707
6.913333	0.200	7.722234
6.916667	0.200	11.511880
6.920000	0.200	16.590706
6.923333	0.200	23.162801
6.926667	0.200	31.371902
6.930000	0.200	41.263740
6.933333	0.200	52.751504
6.936667	0.200	65.590762
6.940000	0.200	79.370140
6.943333	0.200	93.523069
6.946667	0.200	107.362857
6.950000	0.200	120.139269
6.953333	0.200	131.109400
6.956667	0.200	139.612957
6.960000	0.200	145.142075
6.963333	0.200	147.395056
6.966667	0.200	146.305897
6.970000	0.200	142.045783
6.973333	0.200	134.995752
6.976667	0.200	125.695622
6.980000	0.200	114.779211
6.983333	0.200	102.906559
6.986667	0.200	90.702958
6.990000	0.200	78.711660
6.993333	0.200	67.362885
6.996667	0.200	56.959726
7.000000	0.200	47.680745
7.003333	0.200	39.595254
7.006667	0.200	32.685431
7.010000	0.200	26.871796
7.013333	0.200	22.038421
7.016667	0.200	18.053589
7.020000	0.200	14.784959
7.023333	0.200	12.110142
7.026667	0.200	9.922817
7.030000	0.200	8.134120
7.033333	0.200	6.670520
7.036667	0.200	5.471044
7.040000	0.200	4.485582
7.043333	0.200	3.673568
7.046667	0.200	3.002743
7.050000	0.200	2.448217
7.053333	0.200	1.990893
7.056667	0.200	1.615251
7.060000	0.200	1.307934
7.063333	0.200	1.057302
7.066667	0.200	0.853227
7.070000	0.200	0.686855
7.073333	0.200	0.550476
7.076667	0.200	0.437914
7.080000	0.200	0.344978
7.083333	0.200	0.268858
7.086667	0.200	0.206738
7.090000	0.200	0.155237
7.093333	0.200	0.111225
7.096667	0.200	0.072791
7.100000	0.200	0.039272
7.103333	0.200	0.010569
7.106667	0.200	-0.013413
7.110000	0.200	-0.032994
7.113333	0.200	-0.048902
7.116667	0.200	-0.062302
7.120000	0.200	-0.074400
7.123333	0.200	-0.086010
7.126667	0.200	-0.097405
7.130000	0.200	-0.108481
7.133333	0.200	-0.119122
7.136667	0.200	-0.129491
7.140000	0.200	-0.139793
7.143333	0.200	-0.149657
7.146667	0.200	-0.158287
7.150000	0.200	-0.165246
7.153333	0.200	-0.170502
7.156667	0.200	-0.173920
7.160000	0.200	-0.175545
7.163333	0.200	-0.176184
7.166667	0.200	-0.177155
7.170000	0.200	-0.179573
7.173333	0.200	-0.183946
7.176667	0.200	-0.189941
7.180000	0.200	-0.196421
7.183333	0.200	-0.202213
7.186667	0.200	-0.206991
7.190000	0.200	-0.211128
7.193333	0.200	-0.214936
7.196667	0.200	-0.218400
7.200000	0.200	-0.221358
7.203333	0.200	-0.223726
7.206667	0.200	-0.225542
7.210000	0.200	-0.226689
7.213333	0.200	-0.226806
7.216667	0.200	-0.225997
7.220000	0.200	-0.225278
7.223333	0.200	-0.225527
7.226667	0.200	-0.226247
7.230000	0.200	-0.225688
7.233333	0.200	-0.221736
7.236667	0.200	-0.212481
7.240000	0.200	-0.195983
7.243333	0.200	-0.169744
7.246667	0.200	-0.130875
7.250000	0.200	-0.076801
7.253333	0.200	-0.005575
7.256667	0.200	0.084259
7.260000	0.200	0.193764
7.263333	0.200	0.323510
7.266667	0.200	0.473025
7.270000	0.200	0.639681
7.273333	0.200	0.818129
7.276667	0.200	1.001311
7.280000	0.200	1.181987
7.283333	0.200	1.353166
7.286667	0.200	1.507750
7.290000	0.200	1.638555
7.293333	0.200	1.738814
7.296667	0.200	1.802927
7.300000	0.200	1.827414
7.303333	0.200	1.811505
7.306667	0.200	1.757266
7.310000	0.200	1.669581
7.313333	0.200	1.555196
7.316667	0.200	1.421168
7.320000	0.200	1.274267
7.323333	0.200	1.120901
7.326667	0.200	0.966583
7.330000	0.200	0.815673
7.333333	0.200	0.671902
7.336667	0.200	0.538680
7.340000	0.200	0.418413
7.343333	0.200	0.311960
7.346667	0.200	0.219102
7.350000	0.200	0.138969
7.353333	0.200	0.070230
7.356667	0.200	0.011612
7.360000	0.200	-0.037915
7.363333	0.200	-0.079572
7.366667	0.200	-0.114745
7.370000	0.200	-0.144240
7.373333	0.200	-0.168253
7.376667	0.200	-0.187322
7.380000	0.200	-0.202413
7.383333	0.200	-0.213888
7.386667	0.200	-0.221205
7.390000	0.200	-0.223707
7.393333	0.200	-0.221255
7.396667	0.200	-0.214210
7.400000	0.200	-0.203118
7.403333	0.200	-0.188694
7.406667	0.200	-0.171854
7.410000	0.200	-0.153257
7.413333	0.200	-0.133307
7.416667	0.200	-0.113007
7.420000	0.200	-0.094156
7.423333	0.200	-0.078299
7.426667	0.200	-0.065799
7.430000	0.200	-0.056403
7.433333	0.200	-0.050551
7.436667	0.200	-0.049405
7.440000	0.200	-0.053744
7.443333	0.200	-0.063270
7.446667	0.200	-0.076595
7.450000	0.200	-0.091986
7.453333	0.200	-0.108568
7.456667	0.200	-0.126523
7.460000	0.200	-0.146043
7.463333	0.200	-0.166583
7.466667	0.200	-0.187009
7.470000	0.200	-0.206217
7.473333	0.200	-0.223639
7.476667	0.200	-0.239074
7.480000	0.200	-0.252388
7.483333	0.200	-0.263595
7.486667	0.200	-0.272848
7.490000	0.200	-0.280347
7.493333	0.200	-0.286399
7.496667	0.200	-0.291407
7.500000	0.200	-0.295657
7.503333	0.200	-0.299113
7.506667	0.200	-0.301547
7.510000	0.200	-0.302738
7.513333	0.200	-0.302488
7.516667	0.200	-0.300841
7.520000	0.200	-0.298322
7.523333	0.200	-0.295629
7.526667	0.200	-0.293145
7.530000	0.200	-0.290718
7.533333	0.200	-0.287975
7.536667	0.200	-0.284855
7.540000	0.200	-0.281456
7.543333	0.200	-0.277528
7.546667	0.200	-0.272562
7.550000	0.200	-0.266287
7.553333	0.200	-0.259018
7.556667	0.200	-0.251785
7.560000	0.200	-0.245840
7.563333	0.200	-0.241453
7.566667	0.200	-0.237657
7.570000	0.200	-0.233479
7.573333	0.200	-0.228882
7.576667	0.200	-0.224614
7.580000	0.200	-0.221505
7.583333	0.200	-0.219826
7.586667	0.200	-0.219174
7.590000	0.200	-0.218900
7.593333	0.200	-0.218814
7.596667	0.200	-0.219467
7.600000	0.200	-0.221481
7.603333	0.200	-0.224928
7.606667	0.200	-0.229645
7.610000	0.200	-0.235380
7.613333	0.200	-0.241346
7.616667	0.200	-0.246576
7.620000	0.200	-0.250827
7.623333	0.200	-0.254520
7.626667	0.200	-0.258115
7.630000	0.200	-0.261927
7.633333	0.200	-0.266075
7.636667	0.200	-0.270304
7.640000	0.200	-0.274180
7.643333	0.200	-0.277639
7.646667	0.200	-0.281299
7.650000	0.200	-0.286126
7.653333	0.200	-0.292519
7.656667	0.200	-0.299735
7.660000	0.200	-0.306393
7.663333	0.200	-0.311491
7.666667	0.200	-0.314969
7.670000	0.200	-0.317378
7.673333	0.200	-0.319200
7.676667	0.200	-0.320830
7.680000	0.200	-0.322777
7.683333	0.200	-0.325177
7.686667	0.200	-0.327610
7.690000	0.200	-0.329681
7.693333	0.200	-0.331162
7.696667	0.200	-0.331782
7.700000	0.200	-0.331528
7.703333	0.200	-0.330661
7.706667	0.200	-0.329038
7.710000	0.200	-0.325561
7.713333	0.200	-0.317806
7.716667	0.200	-0.301024
7.720000	0.200	-0.266510
7.723333	0.200	-0.200104
7.726667	0.200	-0.080644
7.730000	0.200	0.122210
7.733333	0.200	0.450095
7.736667	0.200	0.955932
7.740000	0.200	1.699950
7.743333	0.200	2.741849
7.746667	0.200	4.130251
7.750000	0.200	5.890373
7.753333	0.200	8.011430
7.756667	0.200	10.436340
7.760000	0.200	13.057272
7.763333	0.200	15.720089
7.766667	0.200	18.238409
7.770000	0.200	20.415519
7.773333	0.200	22.070280
7.776667	0.200	23.062832
7.780000	0.200	23.315891
7.783333	0.200	22.826340
7.786667	0.200	21.663251
7.790000	0.200	19.953934
7.793333	0.200	17.862872
7.796667	0.200	15.567710
7.800000	0.200	13.235802
7.803333	0.200	11.005234
7.806667	0.200	8.973879
7.810000	0.200	7.197745
7.813333	0.200	5.696282
7.816667	0.200	4.461005
7.820000	0.200	3.465069
7.823333	0.200	2.672492
7.826667	0.200	2.045752
7.830000	0.200	1.550651
7.833333	0.200	1.158411
7.836667	0.200	0.846197
7.840000	0.200	0.596916
7.843333	0.200	0.398213
7.846667	0.200	0.240993
7.850000	0.200	0.118207
7.853333	0.200	0.023919
7.856667	0.200	-0.047284
7.860000	0.200	-0.100586
7.863333	0.200	-0.140990
7.866667	0.200	-0.172587
7.870000	0.200	-0.197846
7.873333	0.200	-0.218176
7.876667	0.200	-0.234669
7.880000	0.200	-0.247994
7.883333	0.200	-0.258556
7.886667	0.200	-0.267129
7.890000	0.200	-0.274761
7.893333	0.200	-0.282038
7.896667	0.200	-0.288651
7.900000	0.200	-0.293621
7.903333	0.200	-0.296400
7.906667	0.200	-0.297867
7.910000	0.200	-0.299626
7.913333	0.200	-0.302466
7.916667	0.200	-0.306066
7.920000	0.200	-0.309863
7.923333	0.200	-0.313490
7.926667	0.200	-0.316650
7.930000	0.200	-0.319225
7.933333	0.200	-0.321366
7.936667	0.200	-0.323162
7.940000	0.200	-0.324454
7.943333	0.200	-0.325059
7.946667	0.200	-0.325175
7.950000	0.200	-0.325339
7.953333	0.200	-0.325762
7.956667	0.200	-0.326193
7.960000	0.200	-0.326556
7.963333	0.200	-0.327098
7.966667	0.200	-0.327908
7.970000	0.200	-0.328763
7.973333	0.200	-0.329224
7.976667	0.200	-0.328607
7.980000	0.200	-0.326207
7.983333	0.200	-0.321834
7.986667	0.200	-0.316005
7.990000	0.200	-0.309539
7.993333	0.200	-0.302803
7.996667	0.200	-0.295035
8.000000	0.200	-0.284426
8.003333	0.200	-0.269085
8.006667	0.200	-0.247820
8.010000	0.200	-0.220272
8.013333	0.200	-0.187111
8.016667	0.200	-0.150322
8.020000	0.200	-0.112950
8.023333	0.200	-0.078321
8.026667	0.200	-0.049178
8.030000	0.200	-0.027400
8.033333	0.200	-0.014321
8.036667	0.200	-0.010768
8.040000	0.200	-0.016688
8.043333	0.200	-0.031044
8.046667	0.200	-0.052086
8.050000	0.200	-0.077877
8.053333	0.200	-0.106943
8.056667	0.200	-0.138358
8.060000	0.200	-0.171225
8.063333	0.200	-0.204259
8.066667	0.200	-0.235636
8.070000	0.200	-0.263324
8.073333	0.200	-0.285976
8.076667	0.200	-0.303559
8.080000	0.200	-0.316908
8.083333	0.200	-0.326727
8.086667	0.200	-0.333272
8.090000	0.200	-0.336910
8.093333	0.200	-0.338501
8.096667	0.200	-0.339069
8.100000	0.200	-0.339288
8.103333	0.200	-0.339426
8.106667	0.200	-0.339646
8.110000	0.200	-0.340022
8.113333	0.200	-0.340314
8.116667	0.200	-0.340291
8.120000	0.200	-0.340336
8.123333	0.200	-0.341234
8.126667	0.200	-0.343433
8.130000	0.200	-0.346847
8.133333	0.200	-0.351078
8.136667	0.200	-0.355403
8.140000	0.200	-0.358998
8.143333	0.200	-0.361679
8.146667	0.200	-0.363961
8.150000	0.200	-0.366232
8.153333	0.200	-0.368344
8.156667	0.200	-0.369818
8.160000	0.200	-0.370057
8.163333	0.200	-0.368675
8.166667	0.200	-0.365958
8.170000	0.200	-0.362625
8.173333	0.200	-0.359199
8.176667	0.200	-0.356119
8.180000	0.200	-0.354147
8.183333	0.200	-0.354009
8.186667	0.200	-0.355675
8.190000	0.200	-0.358307
8.193333	0.200	-0.360740
8.196667	0.200	-0.361934
8.200000	0.200	-0.361348
8.203333	0.200	-0.358987
8.206667	0.200	-0.355397
8.210000	0.200	-0.351752
8.213333	0.200	-0.349323
8.216667	0.200	-0.348667
8.220000	0.200	-0.349467
8.223333	0.200	-0.350884
8.226667	0.200	-0.352187
8.230000	0.200	-0.353271
8.233333	0.200	-0.354456
8.236667	0.200	-0.355826
8.240000	0.200	-0.357078
8.243333	0.200	-0.357911
8.246667	0.200	-0.358216
8.250000	0.200	-0.358193
8.253333	0.200	-0.358590
8.256667	0.200	-0.360267
8.260000	0.200	-0.363339
8.263333	0.200	-0.367001
8.266667	0.200	-0.370300
8.270000	0.200	-0.372995
8.273333	0.200	-0.375263
8.276667	0.200	-0.376999
8.280000	0.200	-0.378080
8.283333	0.200	-0.378653
8.286667	0.200	-0.378831
8.290000	0.200	-0.378499
8.293333	0.200	-0.377520
8.296667	0.200	-0.376143
8.300000	0.200	-0.374917
8.303333	0.200	-0.374229
8.306667	0.200	-0.374157
8.310000	0.200	-0.374406
8.313333	0.200	-0.374265
8.316667	0.200	-0.372903
8.320000	0.200	-0.369787
8.323333	0.200	-0.364663
8.326667	0.200	-0.357311
8.330000	0.200	-0.347686
8.333333	0.200	-0.336253
8.336667	0.200	-0.324144
8.340000	0.200	-0.313027
8.343333	0.200	-0.304670
8.346667	0.200	-0.300217
8.350000	0.200	-0.299616
8.353333	0.200	-0.301848
8.356667	0.200	-0.305710
8.360000	0.200	-0.310423
8.363333	0.200	-0.315706
8.366667	0.200	-0.321197
8.370000	0.200	-0.325952
8.373333	0.200	-0.328856
8.376667	0.200	-0.329009
8.380000	0.200	-0.325652
8.383333	0.200	-0.318514
8.386667	0.200	-0.308426
8.390000	0.200	-0.297432
8.393333	0.200	-0.288183
8.396667	0.200	-0.282791
8.400000	0.200	-0.281849
8.403333	0.200	-0.284709
8.406667	0.200	-0.290707
8.410000	0.200	-0.299737
8.413333	0.200	-0.311708
8.416667	0.200	-0.325899
8.420000	0.200	-0.341081
8.423333	0.200	-0.356005
8.426667	0.200	-0.369630
8.430000	0.200	-0.381113
8.433333	0.200	-0.389630
8.436667	0.200	-0.394423
8.440000	0.200	-0.395428
8.443333	0.200	-0.393719
8.446667	0.200	-0.391128
8.450000	0.200	-0.389398
8.453333	0.200	-0.389304
8.456667	0.200	-0.390493
8.460000	0.200	-0.392139
8.463333	0.200	-0.393427
8.466667	0.200	-0.393763
8.470000	0.200	-0.393182
8.473333	0.200	-0.392342
8.476667	0.200	-0.391857
8.480000	0.200	-0.391641
8.483333	0.200	-0.391058
8.486667	0.200	-0.389829
8.490000	0.200	-0.388570
8.493333	0.200	-0.388206
8.496667	0.200	-0.389225
8.500000	0.200	-0.391571
8.503333	0.200	-0.394679
8.506667	0.200	-0.397694
8.510000	0.200	-0.399870
8.513333	0.200	-0.400592
8.516667	0.200	-0.399630
8.520000	0.200	-0.397388
8.523333	0.200	-0.394452
8.526667	0.200	-0.391185
8.530000	0.200	-0.387607
8.533333	0.200	-0.383388
8.536667	0.200	-0.378184
8.540000	0.200	-0.371869
8.543333	0.200	-0.364356
8.546667	0.200	-0.355626
8.550000	0.200	-0.346111
8.553333	0.200	-0.336615
8.556667	0.200	-0.327538
8.560000	0.200	-0.318621
8.563333	0.200	-0.309825
8.566667	0.200	-0.301720
8.570000	0.200	-0.294737
8.573333	0.200	-0.288992
8.576667	0.200	-0.284762
8.580000	0.200	-0.282325
8.583333	0.200	-0.281523
8.586667	0.200	-0.281985
8.590000	0.200	-0.283464
8.593333	0.200	-0.285751
8.596667	0.200	-0.288413
8.600000	0.200	-0.290662
8.603333	0.200	-0.292049
8.606667	0.200	-0.293631
8.610000	0.200	-0.297209
8.613333	0.200	-0.303254
8.616667	0.200	-0.310684
8.620000	0.200	-0.318366
8.623333	0.200	-0.326076
8.626667	0.200	-0.333997
8.630000	0.200	-0.341683
8.633333	0.200	-0.348342
8.636667	0.200	-0.354097
8.640000	0.200	-0.360139
8.643333	0.200	-0.367545
8.646667	0.200	-0.376144
8.650000	0.200	-0.384680
8.653333	0.200	-0.392246
8.656667	0.200	-0.399120
8.660000	0.200	-0.405859
8.663333	0.200	-0.412311
8.666667	0.200	-0.417778
8.670000	0.200	-0.421598
8.673333	0.200	-0.423507
8.676667	0.200	-0.423831
8.680000	0.200	-0.423644
8.683333	0.200	-0.424609
8.686667	0.200	-0.428063
8.690000	0.200	-0.434082
8.693333	0.200	-0.441556
8.696667	0.200	-0.448935
8.700000	0.200	-0.455091
8.703333	0.200	-0.459776
8.706667	0.200	-0.463347
8.710000	0.200	-0.466412
8.713333	0.200	-0.469621
8.716667	0.200	-0.473175
8.720000	0.200	-0.476635
8.723333	0.200	-0.479400
8.726667	0.200	-0.481111
8.730000	0.200	-0.481752
8.733333	0.200	-0.481644
8.736667	0.200	-0.481236
8.740000	0.200	-0.480934
8.743333	0.200	-0.481068
8.746667	0.200	-0.481603
8.750000	0.200	-0.482039
8.753333	0.200	-0.482013
8.756667	0.200	-0.481696
8.760000	0.200	-0.481526
8.763333	0.200	-0.481840
8.766667	0.200	-0.482658
8.770000	0.200	-0.483627
8.773333	0.200	-0.484051
8.776667	0.200	-0.483346
8.780000	0.200	-0.481739
8.783333	0.200	-0.479954
8.786667	0.200	-0.478345
8.790000	0.200	-0.477181
8.793333	0.200	-0.477325
8.796667	0.200	-0.479782
8.800000	0.200	-0.484682
8.803333	0.200	-0.490871
8.806667	0.200	-0.496565
8.810000	0.200	-0.500567
8.813333	0.200	-0.502773
8.816667	0.200	-0.503908
8.820000	0.200	-0.505212
8.823333	0.200	-0.507817
8.826667	0.200	-0.511676
8.830000	0.200	-0.515162
8.833333	0.200	-0.516370
8.836667	0.200	-0.514810
8.840000	0.200	-0.511559
8.843333	0.200	-0.508415
8.846667	0.200	-0.507017
8.850000	0.200	-0.508105
8.853333	0.200	-0.511541
8.856667	0.200	-0.516802
8.860000	0.200	-0.523185
8.863333	0.200	-0.529755
8.866667	0.200	-0.535413
8.870000	0.200	-0.539394
8.873333	0.200	-0.541739
8.876667	0.200	-0.543270
8.880000	0.200	-0.545243
8.883333	0.200	-0.548785
8.886667	0.200	-0.554314
8.890000	0.200	-0.561288
8.893333	0.200	-0.568335
8.896667	0.200	-0.574053
8.900000	0.200	-0.578217
8.903333	0.200	-0.581767
8.906667	0.200	-0.585306
8.910000	0.200	-0.588354
8.913333	0.200	-0.590075
8.916667	0.200	-0.589697
8.920000	0.200	-0.585961
8.923333	0.200	-0.576748
8.926667	0.200	-0.559540
8.930000	0.200	-0.532215
8.933333	0.200	-0.493361
8.936667	0.200	-0.442494
8.940000	0.200	-0.381068
8.943333	0.200	-0.313299
8.946667	0.200	-0.245506
8.950000	0.200	-0.184881
8.953333	0.200	-0.138350
8.956667	0.200	-0.110883
8.960000	0.200	-0.103945
8.963333	0.200	-0.115177
8.966667	0.200	-0.139182
8.970000	0.200	-0.169183
8.973333	0.200	-0.198987
8.976667	0.200	-0.224211
8.980000	0.200	-0.242625
8.983333	0.200	-0.254067
8.986667	0.200	-0.260177
8.990000	0.200	-0.263838
8.993333	0.200	-0.268125
8.996667	0.200	-0.275296
9.000000	0.200	-0.286405
9.003333	0.200	-0.301432
9.006667	0.200	-0.319879
9.010000	0.200	-0.341478
9.013333	0.200	-0.366105
9.016667	0.200	-0.393130
9.020000	0.200	-0.421279
9.023333	0.200	-0.449271
9.026667	0.200	-0.476441
9.030000	0.200	-0.502498
9.033333	0.200	-0.526772
9.036667	0.200	-0.548145
9.040000	0.200	-0.565928
9.043333	0.200	-0.580456
9.046667	0.200	-0.592699
9.050000	0.200	-0.603559
9.053333	0.200	-0.613296
9.056667	0.200	-0.621215
9.060000	0.200	-0.626226
9.063333	0.200	-0.627753
9.066667	0.200	-0.626062
9.070000	0.200	-0.622343
9.073333	0.200	-0.618430
9.076667	0.200	-0.615883
9.080000	0.200	-0.615092
9.083333	0.200	-0.615222
9.086667	0.200	-0.615385
9.090000	0.200	-0.615758
9.093333	0.200	-0.617045
9.096667	0.200	-0.619210
9.100000	0.200	-0.621149
9.103333	0.200	-0.621528
9.106667	0.200	-0.619877
9.110000	0.200	-0.617033
9.113333	0.200	-0.614442
9.116667	0.200	-0.613173
9.120000	0.200	-0.613850
9.123333	0.200	-0.616723
9.126667	0.200	-0.621279
9.130000	0.200	-0.626442
9.133333	0.200	-0.631153
9.136667	0.200	-0.634611
9.140000	0.200	-0.636427
9.143333	0.200	-0.636708
9.146667	0.200	-0.636198
9.150000	0.200	-0.636240
9.153333	0.200	-0.637887
9.156667	0.200	-0.640916
9.160000	0.200	-0.644142
9.163333	0.200	-0.646518
9.166667	0.200	-0.647773
9.170000	0.200	-0.648432
9.173333	0.200	-0.649193
9.176667	0.200	-0.650087
9.180000	0.200	-0.650614
9.183333	0.200	-0.650498
9.186667	0.200	-0.649678
9.190000	0.200	-0.648179
9.193333	0.200	-0.646364
9.196667	0.200	-0.644744
9.200000	0.200	-0.643446
9.203333	0.200	-0.642185
9.206667	0.200	-0.640613
9.210000	0.200	-0.638349
9.213333	0.200	-0.634729
9.216667	0.200	-0.628998
9.220000	0.200	-0.620955
9.223333	0.200	-0.611200
9.226667	0.200	-0.600499
9.230000	0.200	-0.589220
9.233333	0.200	-0.577859
9.236667	0.200	-0.567939
9.240000	0.200	-0.561472
9.243333	0.200	-0.559101
9.246667	0.200	-0.559468
9.250000	0.200	-0.560863
9.253333	0.200	-0.562787
9.256667	0.200	-0.565802
9.260000	0.200	-0.570719
9.263333	0.200	-0.577855
9.266667	0.200	-0.586395
9.270000	0.200	-0.594605
9.273333	0.200	-0.600822
9.276667	0.200	-0.604362
9.280000	0.200	-0.605746
9.283333	0.200	-0.605963
9.286667	0.200	-0.605598
9.290000	0.200	-0.604917
9.293333	0.200	-0.604049
9.296667	0.200	-0.602676
9.300000	0.200	-0.600434
9.303333	0.200	-0.597779
9.306667	0.200	-0.595922
9.310000	0.200	-0.595861
9.313333	0.200	-0.597492
9.316667	0.200	-0.599581
9.320000	0.200	-0.600472
9.323333	0.200	-0.598935
9.326667	0.200	-0.594938
9.330000	0.200	-0.589465
9.333333	0.200	-0.583323
9.336667	0.200	-0.576992
9.340000	0.200	-0.571498
9.343333	0.200	-0.568113
9.346667	0.200	-0.567247
9.350000	0.200	-0.568375
9.353333	0.200	-0.570971
9.356667	0.200	-0.575024
9.360000	0.200	-0.580492
9.363333	0.200	-0.586883
9.366667	0.200	-0.593549
9.370000	0.200	-0.599713
9.373333	0.200	-0.604451
9.376667	0.200	-0.607336
9.380000	0.200	-0.608989
9.383333	0.200	-0.610576
9.386667	0.200	-0.612774
9.390000	0.200	-0.615377
9.393333	0.200	-0.617685
9.396667	0.200	-0.618991
9.400000	0.200	-0.618648
9.403333	0.200	-0.616145
9.406667	0.200	-0.611735
9.410000	0.200	-0.606801
9.413333	0.200	-0.603185
9.416667	0.200	-0.602172
9.420000	0.200	-0.603942
9.423333	0.200	-0.607605
9.426667	0.200	-0.611787
9.430000	0.200	-0.615575
9.433333	0.200	-0.618861
9.436667	0.200	-0.622005
9.440000	0.200	-0.625519
9.443333	0.200	-0.629505
9.446667	0.200	-0.633120
9.450000	0.200	-0.635092
9.453333	0.200	-0.634891
9.456667	0.200	-0.633150
9.460000	0.200	-0.631159
9.463333	0.200	-0.630416
9.466667	0.200	-0.632280
9.470000	0.200	-0.637054
9.473333	0.200	-0.643096
9.476667	0.200	-0.647272
9.480000	0.200	-0.646778
9.483333	0.200	-0.640780
9.486667	0.200	-0.630845
9.490000	0.200	-0.620230
9.493333	0.200	-0.612201
9.496667	0.200	-0.608394
9.500000	0.200	-0.608449
9.503333	0.200	-0.610850
9.506667	0.200	-0.614202
9.510000	0.200	-0.617888
9.513333	0.200	-0.621643
9.516667	0.200	-0.625308
9.520000	0.200	-0.629187
9.523333	0.200	-0.633594
9.526667	0.200	-0.637974
9.530000	0.200	-0.641096
9.533333	0.200	-0.642147
9.536667	0.200	-0.641489
9.540000	0.200	-0.640344
9.543333	0.200	-0.639982
9.546667	0.200	-0.641228
9.550000	0.200	-0.643815
9.553333	0.200	-0.645902
9.556667	0.200	-0.644936
9.560000	0.200	-0.639378
9.563333	0.200	-0.629897
9.566667	0.200	-0.619116
9.570000	0.200	-0.609929
9.573333	0.200	-0.604056
9.576667	0.200	-0.601962
9.580000	0.200	-0.603152
9.583333	0.200	-0.606448
9.586667	0.200	-0.610705
9.590000	0.200	-0.615407
9.593333	0.200	-0.620565
9.596667	0.200	-0.626283
9.600000	0.200	-0.632357
9.603333	0.200	-0.638248
9.606667	0.200	-0.643352
9.610000	0.200	-0.647042
9.613333	0.200	-0.648928
9.616667	0.200	-0.649579
9.620000	0.200	-0.650340
9.623333	0.200	-0.652078
9.626667	0.200	-0.654597
9.630000	0.200	-0.656819
9.633333	0.200	-0.656659
9.636667	0.200	-0.651745
9.640000	0.200	-0.641679
9.643333	0.200	-0.629031
9.646667	0.200	-0.617527
9.650000	0.200	-0.609807
9.653333	0.200	-0.606939
9.656667	0.200	-0.608876
9.660000	0.200	-0.614694
9.663333	0.200	-0.622943
9.666667	0.200	-0.632224
9.670000	0.200	-0.641605
9.673333	0.200	-0.650540
9.676667	0.200	-0.658321
9.680000	0.200	-0.664159
9.683333	0.200	-0.667884
9.686667	0.200	-0.669867
9.690000	0.200	-0.670467
9.693333	0.200	-0.670054
9.696667	0.200	-0.669114
9.700000	0.200	-0.667876
9.703333	0.200	-0.666256
9.706667	0.200	-0.664342
9.710000	0.200	-0.662383
9.713333	0.200	-0.660117
9.716667	0.200	-0.656588
9.720000	0.200	-0.651132
9.723333	0.200	-0.644399
9.726667	0.200	-0.638234
9.730000	0.200	-0.634821
9.733333	0.200	-0.635510
9.736667	0.200	-0.639688
9.740000	0.200	-0.645267
9.743333	0.200	-0.650568
9.746667	0.200	-0.655126
9.750000	0.200	-0.659140
9.753333	0.200	-0.663029
9.756667	0.200	-0.666949
9.760000	0.200	-0.670378
9.763333	0.200	-0.672546
9.766667	0.200	-0.673043
9.770000	0.200	-0.671955
9.773333	0.200	-0.669973
9.776667	0.200	-0.668347
9.780000	0.200	-0.668288
9.783333	0.200	-0.670276
9.786667	0.200	-0.673733
9.790000	0.200	-0.677171
9.793333	0.200	-0.678817
9.796667	0.200	-0.677711
9.800000	0.200	-0.674352
9.803333	0.200	-0.670225
9.806667	0.200	-0.666791
9.810000	0.200	-0.664875
9.813333	0.200	-0.664677
9.816667	0.200	-0.666097
9.820000	0.200	-0.669109
9.823333	0.200	-0.673600
9.826667	0.200	-0.678955
9.830000	0.200	-0.684525
9.833333	0.200	-0.689829
9.836667	0.200	-0.693710
9.840000	0.200	-0.694662
9.843333	0.200	-0.692478
9.846667	0.200	-0.688598
9.850000	0.200	-0.685024
9.853333	0.200	-0.683349
9.856667	0.200	-0.684020
9.860000	0.200	-0.686143
9.863333	0.200	-0.688311
9.866667	0.200	-0.689674
9.870000	0.200	-0.690359
9.873333	0.200	-0.690987
9.876667	0.200	-0.691643
9.880000	0.200	-0.691512
9.883333	0.200	-0.689741
9.886667	0.200	-0.686336
9.890000	0.200	-0.681737
9.893333	0.200	-0.676315
9.896667	0.200	-0.671018
9.900000	0.200	-0.667595
9.903333	0.200	-0.667347
9.906667	0.200	-0.670031
9.910000	0.200	-0.674309
9.913333	0.200	-0.678755
9.916667	0.200	-0.682204
9.920000	0.200	-0.683804
9.923333	0.200	-0.683134
9.926667	0.200	-0.680299
9.930000	0.200	-0.676280
9.933333	0.200	-0.672998
9.936667	0.200	-0.672120
9.940000	0.200	-0.673844
9.943333	0.200	-0.677292
9.946667	0.200	-0.681695
9.950000	0.200	-0.686637
9.953333	0.200	-0.691424
9.956667	0.200	-0.694917
9.960000	0.200	-0.695964
9.963333	0.200	-0.694025
9.966667	0.200	-0.689731
9.970000	0.200	-0.684588
9.973333	0.200	-0.679933
9.976667	0.200	-0.676395
9.980000	0.200	-0.674028
9.983333	0.200	-0.672682
9.986667	0.200	-0.672326
9.990000	0.200	-0.672958
9.993333	0.200	-0.674178
9.996667	0.200	-0.675235
10.000000	0.200	-0.675491
10.003333	0.200	-0.674840
10.006667	0.200	-0.673859
10.010000	0.200	-0.673387
10.013333	0.200	-0.674019
10.016667	0.200	-0.675983
10.020000	0.200	-0.679008
10.023333	0.200	-0.682434
10.026667	0.200	-0.685692
10.030000	0.200	-0.688350
10.033333	0.200	-0.689808
10.036667	0.200	-0.689490
10.040000	0.200	-0.687435
10.043333	0.200	-0.684450
10.046667	0.200	-0.681566
10.050000	0.200	-0.679453
10.053333	0.200	-0.678246
10.056667	0.200	-0.677857
10.060000	0.200	-0.678541
10.063333	0.200	-0.680766
10.066667	0.200	-0.684160
10.070000	0.200	-0.687084
10.073333	0.200	-0.687740
10.076667	0.200	-0.685513
10.080000	0.200	-0.681429
10.083333	0.200	-0.677522
10.086667	0.200	-0.675440
10.090000	0.200	-0.675434
10.093333	0.200	-0.676641
10.096667	0.200	-0.678100
10.100000	0.200	-0.679423
10.103333	0.200	-0.680784
10.106667	0.200	-0.682381
10.110000	0.200	-0.684013
10.113333	0.200	-0.685303
10.116667	0.200	-0.685974
10.120000	0.200	-0.685633
10.123333	0.200	-0.683637
10.126667	0.200	-0.679701
10.130000	0.200	-0.674600
10.133333	0.200	-0.669801
10.136667	0.200	-0.666323
10.140000	0.200	-0.664234
10.143333	0.200	-0.663187
10.146667	0.200	-0.662929
10.150000	0.200	-0.662967
10.153333	0.200	-0.662330
10.156667	0.200	-0.660485
10.160000	0.200	-0.658126
10.163333	0.200	-0.656588
10.166667	0.200	-0.656832
10.170000	0.200	-0.659051
10.173333	0.200	-0.662576
10.176667	0.200	-0.666098
10.180000	0.200	-0.668639
10.183333	0.200	-0.670245
10.186667	0.200	-0.671352
10.190000	0.200	-0.671876
10.193333	0.200	-0.671123
10.196667	0.200	-0.668434
10.200000	0.200	-0.664003
10.203333	0.200	-0.658962
10.206667	0.200	-0.654663
10.210000	0.200	-0.651943
10.213333	0.200	-0.650746
10.216667	0.200	-0.650399
10.220000	0.200	-0.650331
10.223333	0.200	-0.650298
10.226667	0.200	-0.649768
10.230000	0.200	-0.647561
10.233333	0.200	-0.642744
10.236667	0.200	-0.635798
10.240000	0.200	-0.628569
10.243333	0.200	-0.622961
10.246667	0.200	-0.619742
10.250000	0.200	-0.618653
10.253333	0.200	-0.619149
10.256667	0.200	-0.620561
10.260000	0.200	-0.622058
10.263333	0.200	-0.623142
10.266667	0.200	-0.624110
10.270000	0.200	-0.625530
10.273333	0.200	-0.627440
10.276667	0.200	-0.629490
10.280000	0.200	-0.631382
10.283333	0.200	-0.633032
10.286667	0.200	-0.634662
10.290000	0.200	-0.636441
10.293333	0.200	-0.638144
10.296667	0.200	-0.639888
10.300000	0.200	-0.642451
10.303333	0.200	-0.645818
10.306667	0.200	-0.648250
10.310000	0.200	-0.647814
10.313333	0.200	-0.644542
10.316667	0.200	-0.640696
10.320000	0.200	-0.639130
10.323333	0.200	-0.641509
10.326667	0.200	-0.647356
10.330000	0.200	-0.654373
10.333333	0.200	-0.660118
10.336667	0.200	-0.663603
10.340000	0.200	-0.665342
10.343333	0.200	-0.666253
10.346667	0.200	-0.666687
10.350000	0.200	-0.666515
10.353333	0.200	-0.666101
10.356667	0.200	-0.666480
10.360000	0.200	-0.668213
10.363333	0.200	-0.670807
10.366667	0.200	-0.673466
10.370000	0.200	-0.675922
10.373333	0.200	-0.678712
10.376667	0.200	-0.682764
10.380000	0.200	-0.688204
10.383333	0.200	-0.693389
10.386667	0.200	-0.695705
10.390000	0.200	-0.693907
10.393333	0.200	-0.689391
10.396667	0.200	-0.684926
10.400000	0.200	-0.682531
10.403333	0.200	-0.682669
10.406667	0.200	-0.684994
10.410000	0.200	-0.689103
10.413333	0.200	-0.694192
10.416667	0.200	-0.698835
10.420000	0.200	-0.701799
10.423333	0.200	-0.702766
10.426667	0.200	-0.702233
10.430000	0.200	-0.701116
10.433333	0.200	-0.700255
10.436667	0.200	-0.699885
10.440000	0.200	-0.699891
10.443333	0.200	-0.700633
10.446667	0.200	-0.702801
10.450000	0.200	-0.706401
10.453333	0.200	-0.710480
10.456667	0.200	-0.713811
10.460000	0.200	-0.715512
10.463333	0.200	-0.715190
10.466667	0.200	-0.713077
10.470000	0.200	-0.710228
10.473333	0.200	-0.708023
10.476667	0.200	-0.707222
10.480000	0.200	-0.707888
10.483333	0.200	-0.709903
10.486667	0.200	-0.713023
10.490000	0.200	-0.716725
10.493333	0.200	-0.720382
10.496667	0.200	-0.723516
10.500000	0.200	-0.725784
10.503333	0.200	-0.727065
10.506667	0.200	-0.727685
10.510000	0.200	-0.728064
10.513333	0.200	-0.728192
10.516667	0.200	-0.727832
10.520000	0.200	-0.727124
10.523333	0.200	-0.726514
10.526667	0.200	-0.726016
10.530000	0.200	-0.724948
10.533333	0.200	-0.722798
10.536667	0.200	-0.720118
10.540000	0.200	-0.717979
10.543333	0.200	-0.716674
10.546667	0.200	-0.715542
10.550000	0.200	-0.713770
10.553333	0.200	-0.711009
10.556667	0.200	-0.707707
10.560000	0.200	-0.704938
10.563333	0.200	-0.703437
10.566667	0.200	-0.702935
10.570000	0.200	-0.702718
10.573333	0.200	-0.702236
10.576667	0.200	-0.700880
10.580000	0.200	-0.698226
10.583333	0.200	-0.695042
10.586667	0.200	-0.692985
10.590000	0.200	-0.692755
10.593333	0.200	-0.693224
10.596667	0.200	-0.692769
10.600000	0.200	-0.691065
10.603333	0.200	-0.688997
10.606667	0.200	-0.687146
10.610000	0.200	-0.685342
10.613333	0.200	-0.683190
10.616667	0.200	-0.680172
10.620000	0.200	-0.675761
10.623333	0.200	-0.669815
10.626667	0.200	-0.662658
10.630000	0.200	-0.654908
10.633333	0.200	-0.647214
10.636667	0.200	-0.639837
10.640000	0.200	-0.632589
10.643333	0.200	-0.625543
10.646667	0.200	-0.619473
10.650000	0.200	-0.614991
10.653333	0.200	-0.611614
10.656667	0.200	-0.608098
10.660000	0.200	-0.603374
10.663333	0.200	-0.597324
10.666667	0.200	-0.590650
10.670000	0.200	-0.583696
10.673333	0.200	-0.575853
10.676667	0.200	-0.566153
10.680000	0.200	-0.553909
10.683333	0.200	-0.538800
10.686667	0.200	-0.520782
10.690000	0.200	-0.500454
10.693333	0.200	-0.479289
10.696667	0.200	-0.458841
10.700000	0.200	-0.439705
10.703333	0.200	-0.421638
10.706667	0.200	-0.404517
10.710000	0.200	-0.388804
10.713333	0.200	-0.375271
10.716667	0.200	-0.364464
10.720000	0.200	-0.356158
10.723333	0.200	-0.349533
10.726667	0.200	-0.343892
10.730000	0.200	-0.338564
10.733333	0.200	-0.332686
10.736667	0.200	-0.325949
10.740000	0.200	-0.318718
10.743333	0.200	-0.311294
10.746667	0.200	-0.304074
10.750000	0.200	-0.298021
10.753333	0.200	-0.294026
10.756667	0.200	-0.292044
10.760000	0.200	-0.291391
10.763333	0.200	-0.291454
10.766667	0.200	-0.291558
10.770000	0.200	-0.291015
10.773333	0.200	-0.289741
10.776667	0.200	-0.288067
10.780000	0.200	-0.286171
10.783333	0.200	-0.284146
10.786667	0.200	-0.282076
10.790000	0.200	-0.280047
10.793333	0.200	-0.278389
10.796667	0.200	-0.277490
10.800000	0.200	-0.277249
10.803333	0.200	-0.277120
10.806667	0.200	-0.276624
10.810000	0.200	-0.275706
10.813333	0.200	-0.274651
10.816667	0.200	-0.273581
10.820000	0.200	-0.272130
10.823333	0.200	-0.270027
10.826667	0.200	-0.267646
10.830000	0.200	-0.265396
10.833333	0.200	-0.262894
10.836667	0.200	-0.259352
10.840000	0.200	-0.254708
10.843333	0.200	-0.249856
10.846667	0.200	-0.245832
10.850000	0.200	-0.242996
10.853333	0.200	-0.240854
10.856667	0.200	-0.238434
10.860000	0.200	-0.234942
10.863333	0.200	-0.230329
10.866667	0.200	-0.225390
10.870000	0.200	-0.221275
10.873333	0.200	-0.218825
10.876667	0.200	-0.218169
10.880000	0.200	-0.218661
10.883333	0.200	-0.219144
10.886667	0.200	-0.218754
10.890000	0.200	-0.217541
10.893333	0.200	-0.215992
10.896667	0.200	-0.214252
10.900000	0.200	-0.211960
10.903333	0.200	-0.208626
10.906667	0.200	-0.204171
10.910000	0.200	-0.199015
10.913333	0.200	-0.193783
10.916667	0.200	-0.189257
10.920000	0.200	-0.186224
10.923333	0.200	-0.184770
10.926667	0.200	-0.184089
10.930000	0.200	-0.183323
10.933333	0.200	-0.181984
10.936667	0.200	-0.179770
10.940000	0.200	-0.176723
10.943333	0.200	-0.173356
10.946667	0.200	-0.170267
10.950000	0.200	-0.167647
10.953333	0.200	-0.165234
10.956667	0.200	-0.162885
10.960000	0.200	-0.161014
10.963333	0.200	-0.160209
10.966667	0.200	-0.160436
10.970000	0.200	-0.160803
10.973333	0.200	-0.160400
10.976667	0.200	-0.158855
10.980000	0.200	-0.155846
10.983333	0.200	-0.151319
10.986667	0.200	-0.146310
10.990000	0.200	-0.142324
10.993333	0.200	-0.139982
10.996667	0.200	-0.138868
11.000000	0.200	-0.138325
