File Path	chrom://nnfcb-l0286/ChromeleonLocal/metk/20171013_HMP_C61_metk.seq/952.smp/UV_VIS_2.channel/UV_VIS_2.chm
Channel	UV_VIS_2

Injection Information:
Data Vault	ChromeleonLocal
Injection	20171013_HMP_C61_ISO_P1_GA4
Injection Number	25
Position	GA4
Comment	
Processing Method	HMP New ProcMethod
Instrument Method	HM_metode_ZorBax_0,02%_Acetic_acid_ver6
Type	Unknown
Status	Finished
Injection Date	10/13/2017
Injection Time	7:03:21 PM
Injection Volume (µl)	1.000
Dilution Factor	1.0000
Weight	1.0000

Raw Data Information:
Time Min. (min)	0.000000
Time Max. (min)	11.000000
Data Points	3301
Detector	UV
Exporting Data System	Chromeleon 7.1.3.2425
Operator	
Signal Quantity	Absorbance
Signal Unit	mAU
Signal Min.	-0.882378
Signal Max.	246.138505
Channel	UV_VIS_2
Driver Name	DAD3000.dll
Channel Type	Evaluation
Min. Step (s)	0.200
Max. Step (s)	0.200
Average Step (s)	0.200

Signal Parameter Information:
Signal Info	WVL:280 nm

Raw Data:
Time (min)	Step (s)	Value (mAU)
0.000000	0.000	0.000000
0.003333	0.200	-0.002337
0.006667	0.200	-0.016162
0.010000	0.200	-0.052123
0.013333	0.200	-0.106236
0.016667	0.200	-0.157031
0.020000	0.200	-0.182944
0.023333	0.200	-0.177309
0.026667	0.200	-0.148337
0.030000	0.200	-0.110781
0.033333	0.200	-0.077352
0.036667	0.200	-0.054256
0.040000	0.200	-0.042377
0.043333	0.200	-0.040497
0.046667	0.200	-0.046229
0.050000	0.200	-0.056217
0.053333	0.200	-0.067762
0.056667	0.200	-0.079934
0.060000	0.200	-0.092876
0.063333	0.200	-0.106638
0.066667	0.200	-0.120740
0.070000	0.200	-0.134483
0.073333	0.200	-0.147333
0.076667	0.200	-0.159095
0.080000	0.200	-0.169994
0.083333	0.200	-0.180437
0.086667	0.200	-0.190651
0.090000	0.200	-0.200607
0.093333	0.200	-0.210155
0.096667	0.200	-0.219242
0.100000	0.200	-0.227909
0.103333	0.200	-0.236055
0.106667	0.200	-0.243714
0.110000	0.200	-0.251513
0.113333	0.200	-0.260223
0.116667	0.200	-0.269939
0.120000	0.200	-0.280107
0.123333	0.200	-0.290239
0.126667	0.200	-0.300124
0.130000	0.200	-0.309396
0.133333	0.200	-0.317592
0.136667	0.200	-0.324664
0.140000	0.200	-0.331078
0.143333	0.200	-0.337506
0.146667	0.200	-0.344341
0.150000	0.200	-0.351489
0.153333	0.200	-0.358855
0.156667	0.200	-0.366691
0.160000	0.200	-0.375039
0.163333	0.200	-0.383405
0.166667	0.200	-0.391410
0.170000	0.200	-0.399182
0.173333	0.200	-0.406906
0.176667	0.200	-0.414369
0.180000	0.200	-0.420966
0.183333	0.200	-0.426186
0.186667	0.200	-0.430313
0.190000	0.200	-0.434328
0.193333	0.200	-0.438814
0.196667	0.200	-0.443425
0.200000	0.200	-0.447606
0.203333	0.200	-0.451411
0.206667	0.200	-0.455556
0.210000	0.200	-0.460931
0.213333	0.200	-0.467929
0.216667	0.200	-0.476000
0.220000	0.200	-0.483906
0.223333	0.200	-0.490464
0.226667	0.200	-0.495143
0.230000	0.200	-0.498396
0.233333	0.200	-0.501411
0.236667	0.200	-0.505065
0.240000	0.200	-0.509146
0.243333	0.200	-0.512801
0.246667	0.200	-0.515683
0.250000	0.200	-0.518610
0.253333	0.200	-0.522990
0.256667	0.200	-0.529509
0.260000	0.200	-0.537462
0.263333	0.200	-0.545539
0.266667	0.200	-0.552825
0.270000	0.200	-0.559016
0.273333	0.200	-0.564324
0.276667	0.200	-0.569107
0.280000	0.200	-0.573240
0.283333	0.200	-0.576251
0.286667	0.200	-0.578343
0.290000	0.200	-0.580659
0.293333	0.200	-0.584056
0.296667	0.200	-0.588148
0.300000	0.200	-0.592097
0.303333	0.200	-0.595765
0.306667	0.200	-0.599444
0.310000	0.200	-0.603004
0.313333	0.200	-0.606153
0.316667	0.200	-0.609180
0.320000	0.200	-0.612426
0.323333	0.200	-0.615328
0.326667	0.200	-0.617281
0.330000	0.200	-0.619136
0.333333	0.200	-0.622530
0.336667	0.200	-0.627919
0.340000	0.200	-0.633988
0.343333	0.200	-0.638821
0.346667	0.200	-0.641594
0.350000	0.200	-0.643109
0.353333	0.200	-0.644494
0.356667	0.200	-0.645989
0.360000	0.200	-0.647341
0.363333	0.200	-0.648631
0.366667	0.200	-0.650335
0.370000	0.200	-0.652872
0.373333	0.200	-0.656142
0.376667	0.200	-0.659434
0.380000	0.200	-0.661948
0.383333	0.200	-0.663630
0.386667	0.200	-0.665519
0.390000	0.200	-0.668889
0.393333	0.200	-0.673881
0.396667	0.200	-0.679413
0.400000	0.200	-0.684193
0.403333	0.200	-0.687330
0.406667	0.200	-0.688553
0.410000	0.200	-0.688319
0.413333	0.200	-0.687594
0.416667	0.200	-0.687471
0.420000	0.200	-0.688672
0.423333	0.200	-0.691197
0.426667	0.200	-0.694608
0.430000	0.200	-0.698488
0.433333	0.200	-0.702573
0.436667	0.200	-0.706565
0.440000	0.200	-0.709896
0.443333	0.200	-0.712206
0.446667	0.200	-0.713949
0.450000	0.200	-0.715835
0.453333	0.200	-0.718050
0.456667	0.200	-0.720293
0.460000	0.200	-0.722264
0.463333	0.200	-0.723995
0.466667	0.200	-0.725593
0.470000	0.200	-0.726919
0.473333	0.200	-0.727878
0.476667	0.200	-0.728656
0.480000	0.200	-0.729448
0.483333	0.200	-0.730368
0.486667	0.200	-0.731631
0.490000	0.200	-0.733448
0.493333	0.200	-0.735864
0.496667	0.200	-0.738781
0.500000	0.200	-0.741891
0.503333	0.200	-0.744838
0.506667	0.200	-0.747474
0.510000	0.200	-0.749718
0.513333	0.200	-0.751417
0.516667	0.200	-0.752497
0.520000	0.200	-0.753106
0.523333	0.200	-0.753652
0.526667	0.200	-0.754429
0.530000	0.200	-0.755126
0.533333	0.200	-0.755303
0.536667	0.200	-0.755230
0.540000	0.200	-0.755649
0.543333	0.200	-0.757020
0.546667	0.200	-0.759269
0.550000	0.200	-0.762066
0.553333	0.200	-0.765044
0.556667	0.200	-0.767727
0.560000	0.200	-0.769865
0.563333	0.200	-0.771909
0.566667	0.200	-0.774530
0.570000	0.200	-0.777692
0.573333	0.200	-0.780623
0.576667	0.200	-0.782629
0.580000	0.200	-0.783630
0.583333	0.200	-0.783982
0.586667	0.200	-0.784182
0.590000	0.200	-0.785008
0.593333	0.200	-0.787300
0.596667	0.200	-0.790975
0.600000	0.200	-0.794834
0.603333	0.200	-0.797686
0.606667	0.200	-0.799113
0.610000	0.200	-0.799368
0.613333	0.200	-0.799043
0.616667	0.200	-0.798520
0.620000	0.200	-0.797790
0.623333	0.200	-0.797127
0.626667	0.200	-0.797355
0.630000	0.200	-0.798955
0.633333	0.200	-0.801553
0.636667	0.200	-0.804450
0.640000	0.200	-0.807009
0.643333	0.200	-0.808910
0.646667	0.200	-0.810271
0.650000	0.200	-0.811090
0.653333	0.200	-0.810951
0.656667	0.200	-0.809607
0.660000	0.200	-0.807456
0.663333	0.200	-0.805374
0.666667	0.200	-0.804454
0.670000	0.200	-0.805717
0.673333	0.200	-0.809204
0.676667	0.200	-0.813560
0.680000	0.200	-0.817222
0.683333	0.200	-0.819635
0.686667	0.200	-0.821270
0.690000	0.200	-0.822986
0.693333	0.200	-0.825281
0.696667	0.200	-0.827955
0.700000	0.200	-0.830542
0.703333	0.200	-0.832633
0.706667	0.200	-0.833765
0.710000	0.200	-0.833833
0.713333	0.200	-0.833548
0.716667	0.200	-0.833763
0.720000	0.200	-0.834698
0.723333	0.200	-0.835895
0.726667	0.200	-0.836507
0.730000	0.200	-0.836129
0.733333	0.200	-0.835340
0.736667	0.200	-0.835007
0.740000	0.200	-0.835672
0.743333	0.200	-0.837656
0.746667	0.200	-0.840783
0.750000	0.200	-0.843977
0.753333	0.200	-0.846112
0.756667	0.200	-0.847191
0.760000	0.200	-0.848069
0.763333	0.200	-0.849314
0.766667	0.200	-0.850671
0.770000	0.200	-0.851520
0.773333	0.200	-0.851610
0.776667	0.200	-0.851343
0.780000	0.200	-0.851361
0.783333	0.200	-0.851812
0.786667	0.200	-0.852196
0.790000	0.200	-0.851904
0.793333	0.200	-0.850780
0.796667	0.200	-0.849225
0.800000	0.200	-0.847859
0.803333	0.200	-0.847124
0.806667	0.200	-0.847031
0.810000	0.200	-0.847212
0.813333	0.200	-0.847459
0.816667	0.200	-0.848104
0.820000	0.200	-0.849596
0.823333	0.200	-0.852029
0.826667	0.200	-0.855233
0.830000	0.200	-0.858998
0.833333	0.200	-0.863153
0.836667	0.200	-0.867510
0.840000	0.200	-0.871746
0.843333	0.200	-0.875579
0.846667	0.200	-0.878886
0.850000	0.200	-0.881408
0.853333	0.200	-0.882378
0.856667	0.200	-0.879756
0.860000	0.200	-0.869267
0.863333	0.200	-0.844748
0.866667	0.200	-0.800208
0.870000	0.200	-0.732122
0.873333	0.200	-0.640413
0.876667	0.200	-0.527311
0.880000	0.200	-0.394542
0.883333	0.200	-0.238919
0.886667	0.200	-0.039709
0.890000	0.200	0.276399
0.893333	0.200	0.886658
0.896667	0.200	2.077761
0.900000	0.200	4.127026
0.903333	0.200	7.078826
0.906667	0.200	10.580493
0.910000	0.200	13.956767
0.913333	0.200	16.511672
0.916667	0.200	17.837944
0.920000	0.200	17.925808
0.923333	0.200	17.055814
0.926667	0.200	15.608829
0.930000	0.200	13.921137
0.933333	0.200	12.223481
0.936667	0.200	10.638835
0.940000	0.200	9.207116
0.943333	0.200	7.920171
0.946667	0.200	6.756680
0.950000	0.200	5.706050
0.953333	0.200	4.775170
0.956667	0.200	3.981418
0.960000	0.200	3.340718
0.963333	0.200	2.858828
0.966667	0.200	2.529908
0.970000	0.200	2.340562
0.973333	0.200	2.275294
0.976667	0.200	2.320410
0.980000	0.200	2.464119
0.983333	0.200	2.693061
0.986667	0.200	2.988901
0.990000	0.200	3.327654
0.993333	0.200	3.681719
0.996667	0.200	4.023331
1.000000	0.200	4.327936
1.003333	0.200	4.576888
1.006667	0.200	4.759824
1.010000	0.200	4.876787
1.013333	0.200	4.939314
1.016667	0.200	4.968618
1.020000	0.200	4.989279
1.023333	0.200	5.020029
1.026667	0.200	5.065389
1.030000	0.200	5.111884
1.033333	0.200	5.132060
1.036667	0.200	5.095923
1.040000	0.200	4.984308
1.043333	0.200	4.797617
1.046667	0.200	4.556402
1.050000	0.200	4.295376
1.053333	0.200	4.055744
1.056667	0.200	3.879257
1.060000	0.200	3.804838
1.063333	0.200	3.867562
1.066667	0.200	4.098906
1.070000	0.200	4.525808
1.073333	0.200	5.166593
1.076667	0.200	6.024159
1.080000	0.200	7.078036
1.083333	0.200	8.276626
1.086667	0.200	9.533064
1.090000	0.200	10.731776
1.093333	0.200	11.750537
1.096667	0.200	12.493558
1.100000	0.200	12.923926
1.103333	0.200	13.082860
1.106667	0.200	13.086385
1.110000	0.200	13.096391
1.113333	0.200	13.272036
1.116667	0.200	13.717751
1.120000	0.200	14.449878
1.123333	0.200	15.398178
1.126667	0.200	16.441690
1.130000	0.200	17.459295
1.133333	0.200	18.367282
1.136667	0.200	19.125649
1.140000	0.200	19.714536
1.143333	0.200	20.099877
1.146667	0.200	20.214212
1.150000	0.200	19.969403
1.153333	0.200	19.295871
1.156667	0.200	18.185432
1.160000	0.200	16.714499
1.163333	0.200	15.034620
1.166667	0.200	13.332011
1.170000	0.200	11.774413
1.173333	0.200	10.468885
1.176667	0.200	9.444797
1.180000	0.200	8.663473
1.183333	0.200	8.046069
1.186667	0.200	7.506234
1.190000	0.200	6.976071
1.193333	0.200	6.420591
1.196667	0.200	5.841524
1.200000	0.200	5.273072
1.203333	0.200	4.772236
1.206667	0.200	4.405985
1.210000	0.200	4.235909
1.213333	0.200	4.300375
1.216667	0.200	4.597021
1.220000	0.200	5.071941
1.223333	0.200	5.622634
1.226667	0.200	6.118179
1.230000	0.200	6.432983
1.233333	0.200	6.482430
1.236667	0.200	6.246022
1.240000	0.200	5.770015
1.243333	0.200	5.151969
1.246667	0.200	4.515062
1.250000	0.200	3.979638
1.253333	0.200	3.638547
1.256667	0.200	3.540717
1.260000	0.200	3.684353
1.263333	0.200	4.022285
1.266667	0.200	4.483862
1.270000	0.200	5.011879
1.273333	0.200	5.604921
1.276667	0.200	6.351281
1.280000	0.200	7.430448
1.283333	0.200	9.047892
1.286667	0.200	11.298912
1.290000	0.200	14.029360
1.293333	0.200	16.800445
1.296667	0.200	19.012525
1.300000	0.200	20.133957
1.303333	0.200	19.907493
1.306667	0.200	18.426783
1.310000	0.200	16.063131
1.313333	0.200	13.304752
1.316667	0.200	10.596976
1.320000	0.200	8.243700
1.323333	0.200	6.383509
1.326667	0.200	5.020292
1.330000	0.200	4.076988
1.333333	0.200	3.446858
1.336667	0.200	3.028874
1.340000	0.200	2.744729
1.343333	0.200	2.542145
1.346667	0.200	2.390807
1.350000	0.200	2.275424
1.353333	0.200	2.188958
1.356667	0.200	2.128055
1.360000	0.200	2.090949
1.363333	0.200	2.076661
1.366667	0.200	2.084097
1.370000	0.200	2.111275
1.373333	0.200	2.155319
1.376667	0.200	2.212892
1.380000	0.200	2.280653
1.383333	0.200	2.355244
1.386667	0.200	2.432602
1.390000	0.200	2.507834
1.393333	0.200	2.576026
1.396667	0.200	2.632313
1.400000	0.200	2.671350
1.403333	0.200	2.688150
1.406667	0.200	2.679779
1.410000	0.200	2.645942
1.413333	0.200	2.588223
1.416667	0.200	2.509388
1.420000	0.200	2.413482
1.423333	0.200	2.305734
1.426667	0.200	2.191794
1.430000	0.200	2.076791
1.433333	0.200	1.964393
1.436667	0.200	1.856577
1.440000	0.200	1.754430
1.443333	0.200	1.658981
1.446667	0.200	1.571631
1.450000	0.200	1.494447
1.453333	0.200	1.430331
1.456667	0.200	1.382647
1.460000	0.200	1.354415
1.463333	0.200	1.347849
1.466667	0.200	1.364202
1.470000	0.200	1.403024
1.473333	0.200	1.461656
1.476667	0.200	1.536289
1.480000	0.200	1.623944
1.483333	0.200	1.724314
1.486667	0.200	1.840390
1.490000	0.200	1.977380
1.493333	0.200	2.141471
1.496667	0.200	2.339129
1.500000	0.200	2.575408
1.503333	0.200	2.851072
1.506667	0.200	3.160239
1.510000	0.200	3.489803
1.513333	0.200	3.820609
1.516667	0.200	4.129697
1.520000	0.200	4.393187
1.523333	0.200	4.589529
1.526667	0.200	4.702585
1.530000	0.200	4.724478
1.533333	0.200	4.657499
1.536667	0.200	4.513348
1.540000	0.200	4.310409
1.543333	0.200	4.070947
1.546667	0.200	3.817993
1.550000	0.200	3.571922
1.553333	0.200	3.347867
1.556667	0.200	3.154326
1.560000	0.200	2.992987
1.563333	0.200	2.859921
1.566667	0.200	2.747789
1.570000	0.200	2.647936
1.573333	0.200	2.551591
1.576667	0.200	2.450401
1.580000	0.200	2.337333
1.583333	0.200	2.207991
1.586667	0.200	2.061231
1.590000	0.200	1.898792
1.593333	0.200	1.724465
1.596667	0.200	1.543213
1.600000	0.200	1.360506
1.603333	0.200	1.181797
1.606667	0.200	1.011843
1.610000	0.200	0.854179
1.613333	0.200	0.711155
1.616667	0.200	0.584129
1.620000	0.200	0.473358
1.623333	0.200	0.378008
1.626667	0.200	0.296885
1.630000	0.200	0.229317
1.633333	0.200	0.174828
1.636667	0.200	0.132052
1.640000	0.200	0.098846
1.643333	0.200	0.073384
1.646667	0.200	0.054499
1.650000	0.200	0.041278
1.653333	0.200	0.033024
1.656667	0.200	0.029641
1.660000	0.200	0.031731
1.663333	0.200	0.040132
1.666667	0.200	0.055086
1.670000	0.200	0.075880
1.673333	0.200	0.101520
1.676667	0.200	0.131521
1.680000	0.200	0.166029
1.683333	0.200	0.205575
1.686667	0.200	0.250417
1.690000	0.200	0.300115
1.693333	0.200	0.354263
1.696667	0.200	0.413259
1.700000	0.200	0.477726
1.703333	0.200	0.547693
1.706667	0.200	0.622736
1.710000	0.200	0.702285
1.713333	0.200	0.785796
1.716667	0.200	0.872963
1.720000	0.200	0.963256
1.723333	0.200	1.055308
1.726667	0.200	1.147065
1.730000	0.200	1.236249
1.733333	0.200	1.321020
1.736667	0.200	1.400317
1.740000	0.200	1.472820
1.743333	0.200	1.535712
1.746667	0.200	1.585377
1.750000	0.200	1.619074
1.753333	0.200	1.635034
1.756667	0.200	1.631619
1.760000	0.200	1.607774
1.763333	0.200	1.563845
1.766667	0.200	1.501226
1.770000	0.200	1.421865
1.773333	0.200	1.328231
1.776667	0.200	1.223393
1.780000	0.200	1.111112
1.783333	0.200	0.995957
1.786667	0.200	0.883348
1.790000	0.200	0.779388
1.793333	0.200	0.690904
1.796667	0.200	0.626372
1.800000	0.200	0.597336
1.803333	0.200	0.618930
1.806667	0.200	0.707904
1.810000	0.200	0.878108
1.813333	0.200	1.135085
1.816667	0.200	1.471363
1.820000	0.200	1.864380
1.823333	0.200	2.278934
1.826667	0.200	2.673777
1.830000	0.200	3.009699
1.833333	0.200	3.256201
1.836667	0.200	3.395452
1.840000	0.200	3.423953
1.843333	0.200	3.351827
1.846667	0.200	3.199428
1.850000	0.200	2.992554
1.853333	0.200	2.758210
1.856667	0.200	2.521691
1.860000	0.200	2.304788
1.863333	0.200	2.124895
1.866667	0.200	1.994639
1.870000	0.200	1.921669
1.873333	0.200	1.908307
1.876667	0.200	1.950856
1.880000	0.200	2.039165
1.883333	0.200	2.157444
1.886667	0.200	2.286131
1.890000	0.200	2.404079
1.893333	0.200	2.490841
1.896667	0.200	2.528891
1.900000	0.200	2.505626
1.903333	0.200	2.415164
1.906667	0.200	2.259555
1.910000	0.200	2.048481
1.913333	0.200	1.796802
1.916667	0.200	1.521073
1.920000	0.200	1.237310
1.923333	0.200	0.960101
1.926667	0.200	0.701420
1.930000	0.200	0.469456
1.933333	0.200	0.268250
1.936667	0.200	0.098146
1.940000	0.200	-0.042922
1.943333	0.200	-0.158060
1.946667	0.200	-0.250688
1.950000	0.200	-0.324027
1.953333	0.200	-0.380478
1.956667	0.200	-0.421139
1.960000	0.200	-0.445801
1.963333	0.200	-0.452674
1.966667	0.200	-0.436771
1.970000	0.200	-0.387843
1.973333	0.200	-0.288733
1.976667	0.200	-0.112707
1.980000	0.200	0.180782
1.983333	0.200	0.649861
1.986667	0.200	1.371387
1.990000	0.200	2.439232
1.993333	0.200	3.959618
1.996667	0.200	6.041620
2.000000	0.200	8.781573
2.003333	0.200	12.242608
2.006667	0.200	16.432285
2.010000	0.200	21.282828
2.013333	0.200	26.639098
2.016667	0.200	32.259052
2.020000	0.200	37.829955
2.023333	0.200	42.999055
2.026667	0.200	47.413358
2.030000	0.200	50.762370
2.033333	0.200	52.816911
2.036667	0.200	53.456758
2.040000	0.200	52.682370
2.043333	0.200	50.609042
2.046667	0.200	47.445290
2.050000	0.200	43.461053
2.053333	0.200	38.952596
2.056667	0.200	34.209685
2.060000	0.200	29.489360
2.063333	0.200	24.998513
2.066667	0.200	20.885024
2.070000	0.200	17.236699
2.073333	0.200	14.087472
2.076667	0.200	11.428795
2.080000	0.200	9.222963
2.083333	0.200	7.415908
2.086667	0.200	5.947626
2.090000	0.200	4.759330
2.093333	0.200	3.798106
2.096667	0.200	3.019443
2.100000	0.200	2.387436
2.103333	0.200	1.873418
2.106667	0.200	1.454353
2.110000	0.200	1.111634
2.113333	0.200	0.830319
2.116667	0.200	0.598722
2.120000	0.200	0.407818
2.123333	0.200	0.250352
2.126667	0.200	0.120383
2.130000	0.200	0.013200
2.133333	0.200	-0.074818
2.136667	0.200	-0.146457
2.140000	0.200	-0.203985
2.143333	0.200	-0.249479
2.146667	0.200	-0.285213
2.150000	0.200	-0.313756
2.153333	0.200	-0.337205
2.156667	0.200	-0.356310
2.160000	0.200	-0.370580
2.163333	0.200	-0.379384
2.166667	0.200	-0.382953
2.170000	0.200	-0.382303
2.173333	0.200	-0.378590
2.176667	0.200	-0.372553
2.180000	0.200	-0.364495
2.183333	0.200	-0.354886
2.186667	0.200	-0.344508
2.190000	0.200	-0.334044
2.193333	0.200	-0.323813
2.196667	0.200	-0.313605
2.200000	0.200	-0.302614
2.203333	0.200	-0.289545
2.206667	0.200	-0.272992
2.210000	0.200	-0.252022
2.213333	0.200	-0.225872
2.216667	0.200	-0.192629
2.220000	0.200	-0.148793
2.223333	0.200	-0.089351
2.226667	0.200	-0.005437
2.230000	0.200	0.120383
2.233333	0.200	0.317999
2.236667	0.200	0.629449
2.240000	0.200	1.101000
2.243333	0.200	1.766762
2.246667	0.200	2.630211
2.250000	0.200	3.653605
2.253333	0.200	4.758328
2.256667	0.200	5.831056
2.260000	0.200	6.734939
2.263333	0.200	7.332349
2.266667	0.200	7.520063
2.270000	0.200	7.264018
2.273333	0.200	6.615234
2.276667	0.200	5.697239
2.280000	0.200	4.671112
2.283333	0.200	3.694691
2.286667	0.200	2.892011
2.290000	0.200	2.340054
2.293333	0.200	2.070976
2.296667	0.200	2.084161
2.300000	0.200	2.361322
2.303333	0.200	2.878377
2.306667	0.200	3.611525
2.310000	0.200	4.538776
2.313333	0.200	5.638422
2.316667	0.200	6.886283
2.320000	0.200	8.254135
2.323333	0.200	9.709355
2.326667	0.200	11.214753
2.330000	0.200	12.729222
2.333333	0.200	14.209832
2.336667	0.200	15.614786
2.340000	0.200	16.906234
2.343333	0.200	18.051984
2.346667	0.200	19.026300
2.350000	0.200	19.810664
2.353333	0.200	20.394248
2.356667	0.200	20.773557
2.360000	0.200	20.952251
2.363333	0.200	20.940947
2.366667	0.200	20.755497
2.370000	0.200	20.414746
2.373333	0.200	19.939432
2.376667	0.200	19.351679
2.380000	0.200	18.674123
2.383333	0.200	17.928927
2.386667	0.200	17.137282
2.390000	0.200	16.319156
2.393333	0.200	15.492728
2.396667	0.200	14.673739
2.400000	0.200	13.875222
2.403333	0.200	13.107768
2.406667	0.200	12.380118
2.410000	0.200	11.699215
2.413333	0.200	11.070111
2.416667	0.200	10.496575
2.420000	0.200	9.981219
2.423333	0.200	9.524870
2.426667	0.200	9.126887
2.430000	0.200	8.786131
2.433333	0.200	8.500928
2.436667	0.200	8.269111
2.440000	0.200	8.089056
2.443333	0.200	7.959944
2.446667	0.200	7.880853
2.450000	0.200	7.850087
2.453333	0.200	7.865426
2.456667	0.200	7.925117
2.460000	0.200	8.028339
2.463333	0.200	8.174973
2.466667	0.200	8.365932
2.470000	0.200	8.603329
2.473333	0.200	8.889354
2.476667	0.200	9.224927
2.480000	0.200	9.608878
2.483333	0.200	10.037362
2.486667	0.200	10.503592
2.490000	0.200	10.997648
2.493333	0.200	11.506143
2.496667	0.200	12.012223
2.500000	0.200	12.496257
2.503333	0.200	12.937235
2.506667	0.200	13.314720
2.510000	0.200	13.611097
2.513333	0.200	13.813734
2.516667	0.200	13.916475
2.520000	0.200	13.920019
2.523333	0.200	13.831579
2.526667	0.200	13.664094
2.530000	0.200	13.434252
2.533333	0.200	13.159298
2.536667	0.200	12.853805
2.540000	0.200	12.527502
2.543333	0.200	12.184269
2.546667	0.200	11.821799
2.550000	0.200	11.432184
2.553333	0.200	11.004414
2.556667	0.200	10.528077
2.560000	0.200	9.996433
2.563333	0.200	9.408201
2.566667	0.200	8.768185
2.570000	0.200	8.087140
2.573333	0.200	7.380938
2.576667	0.200	6.668639
2.580000	0.200	5.970064
2.583333	0.200	5.303786
2.586667	0.200	4.685324
2.590000	0.200	4.125925
2.593333	0.200	3.632538
2.596667	0.200	3.208022
2.600000	0.200	2.850885
2.603333	0.200	2.555570
2.606667	0.200	2.313757
2.610000	0.200	2.115779
2.613333	0.200	1.951980
2.616667	0.200	1.814048
2.620000	0.200	1.695552
2.623333	0.200	1.591268
2.626667	0.200	1.496055
2.630000	0.200	1.404867
2.633333	0.200	1.314043
2.636667	0.200	1.222067
2.640000	0.200	1.129270
2.643333	0.200	1.037384
2.646667	0.200	0.948987
2.650000	0.200	0.866678
2.653333	0.200	0.792604
2.656667	0.200	0.728517
2.660000	0.200	0.675413
2.663333	0.200	0.632822
2.666667	0.200	0.598942
2.670000	0.200	0.571271
2.673333	0.200	0.546946
2.676667	0.200	0.523136
2.680000	0.200	0.497636
2.683333	0.200	0.469041
2.686667	0.200	0.436312
2.690000	0.200	0.398748
2.693333	0.200	0.356767
2.696667	0.200	0.312210
2.700000	0.200	0.267457
2.703333	0.200	0.224572
2.706667	0.200	0.185321
2.710000	0.200	0.151328
2.713333	0.200	0.123773
2.716667	0.200	0.102879
2.720000	0.200	0.087807
2.723333	0.200	0.077261
2.726667	0.200	0.070157
2.730000	0.200	0.065641
2.733333	0.200	0.062814
2.736667	0.200	0.061003
2.740000	0.200	0.059863
2.743333	0.200	0.058550
2.746667	0.200	0.055664
2.750000	0.200	0.050452
2.753333	0.200	0.043321
2.756667	0.200	0.035126
2.760000	0.200	0.026413
2.763333	0.200	0.017289
2.766667	0.200	0.007541
2.770000	0.200	-0.003294
2.773333	0.200	-0.015600
2.776667	0.200	-0.029454
2.780000	0.200	-0.044648
2.783333	0.200	-0.060699
2.786667	0.200	-0.077059
2.790000	0.200	-0.093250
2.793333	0.200	-0.108850
2.796667	0.200	-0.123803
2.800000	0.200	-0.138558
2.803333	0.200	-0.153535
2.806667	0.200	-0.168690
2.810000	0.200	-0.183770
2.813333	0.200	-0.198808
2.816667	0.200	-0.214374
2.820000	0.200	-0.231365
2.823333	0.200	-0.250369
2.826667	0.200	-0.271036
2.830000	0.200	-0.292041
2.833333	0.200	-0.311522
2.836667	0.200	-0.327812
2.840000	0.200	-0.340474
2.843333	0.200	-0.350661
2.846667	0.200	-0.360094
2.850000	0.200	-0.369888
2.853333	0.200	-0.380355
2.856667	0.200	-0.391146
2.860000	0.200	-0.401012
2.863333	0.200	-0.407733
2.866667	0.200	-0.408852
2.870000	0.200	-0.402500
2.873333	0.200	-0.387386
2.876667	0.200	-0.362654
2.880000	0.200	-0.328380
2.883333	0.200	-0.285782
2.886667	0.200	-0.236693
2.890000	0.200	-0.182949
2.893333	0.200	-0.126217
2.896667	0.200	-0.068657
2.900000	0.200	-0.013849
2.903333	0.200	0.033534
2.906667	0.200	0.069591
2.910000	0.200	0.092987
2.913333	0.200	0.105343
2.916667	0.200	0.110377
2.920000	0.200	0.112533
2.923333	0.200	0.115924
2.926667	0.200	0.123990
2.930000	0.200	0.139007
2.933333	0.200	0.161042
2.936667	0.200	0.187527
2.940000	0.200	0.214315
2.943333	0.200	0.237440
2.946667	0.200	0.253911
2.950000	0.200	0.261237
2.953333	0.200	0.257554
2.956667	0.200	0.242724
2.960000	0.200	0.218378
2.963333	0.200	0.186758
2.966667	0.200	0.149985
2.970000	0.200	0.110067
2.973333	0.200	0.068913
2.976667	0.200	0.028154
2.980000	0.200	-0.010642
2.983333	0.200	-0.045775
2.986667	0.200	-0.075860
2.990000	0.200	-0.100191
2.993333	0.200	-0.118665
2.996667	0.200	-0.131336
3.000000	0.200	-0.137931
3.003333	0.200	-0.137978
3.006667	0.200	-0.130963
3.010000	0.200	-0.116122
3.013333	0.200	-0.092718
3.016667	0.200	-0.060945
3.020000	0.200	-0.022835
3.023333	0.200	0.018117
3.026667	0.200	0.058880
3.030000	0.200	0.097681
3.033333	0.200	0.132393
3.036667	0.200	0.159294
3.040000	0.200	0.174201
3.043333	0.200	0.174452
3.046667	0.200	0.159680
3.050000	0.200	0.131276
3.053333	0.200	0.091627
3.056667	0.200	0.043857
3.060000	0.200	-0.008206
3.063333	0.200	-0.060427
3.066667	0.200	-0.109065
3.070000	0.200	-0.151422
3.073333	0.200	-0.186316
3.076667	0.200	-0.214014
3.080000	0.200	-0.235522
3.083333	0.200	-0.251939
3.086667	0.200	-0.264264
3.090000	0.200	-0.273360
3.093333	0.200	-0.279826
3.096667	0.200	-0.283959
3.100000	0.200	-0.286154
3.103333	0.200	-0.287230
3.106667	0.200	-0.288480
3.110000	0.200	-0.291477
3.113333	0.200	-0.297221
3.116667	0.200	-0.305290
3.120000	0.200	-0.314230
3.123333	0.200	-0.322601
3.126667	0.200	-0.329398
3.130000	0.200	-0.333902
3.133333	0.200	-0.335756
3.136667	0.200	-0.334975
3.140000	0.200	-0.331372
3.143333	0.200	-0.324006
3.146667	0.200	-0.311207
3.150000	0.200	-0.291313
3.153333	0.200	-0.263921
3.156667	0.200	-0.230713
3.160000	0.200	-0.195202
3.163333	0.200	-0.161658
3.166667	0.200	-0.134248
3.170000	0.200	-0.116347
3.173333	0.200	-0.109314
3.176667	0.200	-0.111835
3.180000	0.200	-0.120866
3.183333	0.200	-0.133161
3.186667	0.200	-0.146260
3.190000	0.200	-0.158612
3.193333	0.200	-0.169266
3.196667	0.200	-0.177567
3.200000	0.200	-0.183084
3.203333	0.200	-0.185792
3.206667	0.200	-0.186370
3.210000	0.200	-0.186367
3.213333	0.200	-0.187599
3.216667	0.200	-0.191126
3.220000	0.200	-0.196967
3.223333	0.200	-0.204465
3.226667	0.200	-0.212371
3.230000	0.200	-0.218759
3.233333	0.200	-0.221845
3.236667	0.200	-0.221475
3.240000	0.200	-0.219069
3.243333	0.200	-0.215759
3.246667	0.200	-0.211086
3.250000	0.200	-0.203110
3.253333	0.200	-0.189099
3.256667	0.200	-0.166305
3.260000	0.200	-0.132325
3.263333	0.200	-0.085009
3.266667	0.200	-0.022546
3.270000	0.200	0.056303
3.273333	0.200	0.151965
3.276667	0.200	0.263356
3.280000	0.200	0.387114
3.283333	0.200	0.517986
3.286667	0.200	0.649922
3.290000	0.200	0.776338
3.293333	0.200	0.890149
3.296667	0.200	0.984680
3.300000	0.200	1.054834
3.303333	0.200	1.097351
3.306667	0.200	1.110531
3.310000	0.200	1.094726
3.313333	0.200	1.052909
3.316667	0.200	0.989669
3.320000	0.200	0.909849
3.323333	0.200	0.818329
3.326667	0.200	0.720143
3.330000	0.200	0.620538
3.333333	0.200	0.524827
3.336667	0.200	0.437678
3.340000	0.200	0.362347
3.343333	0.200	0.300169
3.346667	0.200	0.250507
3.350000	0.200	0.212324
3.353333	0.200	0.187427
3.356667	0.200	0.184968
3.360000	0.200	0.230220
3.363333	0.200	0.383207
3.366667	0.200	0.771675
3.370000	0.200	1.639300
3.373333	0.200	3.402008
3.376667	0.200	6.690796
3.380000	0.200	12.345990
3.383333	0.200	21.328739
3.386667	0.200	34.538039
3.390000	0.200	52.561538
3.393333	0.200	75.424831
3.396667	0.200	102.417187
3.400000	0.200	132.061119
3.403333	0.200	162.258486
3.406667	0.200	190.590784
3.410000	0.200	214.701674
3.413333	0.200	232.668289
3.416667	0.200	243.275548
3.420000	0.200	246.138505
3.423333	0.200	241.663544
3.426667	0.200	230.882560
3.430000	0.200	215.217654
3.433333	0.200	196.236251
3.436667	0.200	175.444777
3.440000	0.200	154.147510
3.443333	0.200	133.374725
3.446667	0.200	113.868535
3.450000	0.200	96.107137
3.453333	0.200	80.348203
3.456667	0.200	66.677052
3.460000	0.200	55.051102
3.463333	0.200	45.337411
3.466667	0.200	37.344117
3.470000	0.200	30.847162
3.473333	0.200	25.612039
3.476667	0.200	21.410432
3.480000	0.200	18.033301
3.483333	0.200	15.300139
3.486667	0.200	13.062563
3.490000	0.200	11.203310
3.493333	0.200	9.633626
3.496667	0.200	8.289761
3.500000	0.200	7.127905
3.503333	0.200	6.118547
3.506667	0.200	5.241739
3.510000	0.200	4.483055
3.513333	0.200	3.830209
3.516667	0.200	3.271255
3.520000	0.200	2.794620
3.523333	0.200	2.389988
3.526667	0.200	2.048372
3.530000	0.200	1.761146
3.533333	0.200	1.519727
3.536667	0.200	1.316457
3.540000	0.200	1.144920
3.543333	0.200	0.999209
3.546667	0.200	0.874014
3.550000	0.200	0.765510
3.553333	0.200	0.671569
3.556667	0.200	0.591718
3.560000	0.200	0.527047
3.563333	0.200	0.479683
3.566667	0.200	0.452488
3.570000	0.200	0.448476
3.573333	0.200	0.469424
3.576667	0.200	0.515187
3.580000	0.200	0.584015
3.583333	0.200	0.672712
3.586667	0.200	0.776542
3.590000	0.200	0.889042
3.593333	0.200	1.002134
3.596667	0.200	1.106934
3.600000	0.200	1.194515
3.603333	0.200	1.256621
3.606667	0.200	1.287000
3.610000	0.200	1.282461
3.613333	0.200	1.242931
3.616667	0.200	1.171435
3.620000	0.200	1.073805
3.623333	0.200	0.957163
3.626667	0.200	0.828599
3.630000	0.200	0.695204
3.633333	0.200	0.564003
3.636667	0.200	0.440883
3.640000	0.200	0.329596
3.643333	0.200	0.231727
3.646667	0.200	0.147421
3.650000	0.200	0.076068
3.653333	0.200	0.016419
3.656667	0.200	-0.033279
3.660000	0.200	-0.074714
3.663333	0.200	-0.109137
3.666667	0.200	-0.137535
3.670000	0.200	-0.160942
3.673333	0.200	-0.180582
3.676667	0.200	-0.197493
3.680000	0.200	-0.211926
3.683333	0.200	-0.223677
3.686667	0.200	-0.232821
3.690000	0.200	-0.239592
3.693333	0.200	-0.244276
3.696667	0.200	-0.247603
3.700000	0.200	-0.250457
3.703333	0.200	-0.253137
3.706667	0.200	-0.255319
3.710000	0.200	-0.256501
3.713333	0.200	-0.256309
3.716667	0.200	-0.254584
3.720000	0.200	-0.251508
3.723333	0.200	-0.247645
3.726667	0.200	-0.243532
3.730000	0.200	-0.239245
3.733333	0.200	-0.234479
3.736667	0.200	-0.228957
3.740000	0.200	-0.222673
3.743333	0.200	-0.215875
3.746667	0.200	-0.208991
3.750000	0.200	-0.202358
3.753333	0.200	-0.196068
3.756667	0.200	-0.190339
3.760000	0.200	-0.185726
3.763333	0.200	-0.182776
3.766667	0.200	-0.181709
3.770000	0.200	-0.182334
3.773333	0.200	-0.184047
3.776667	0.200	-0.186178
3.780000	0.200	-0.188482
3.783333	0.200	-0.191410
3.786667	0.200	-0.195927
3.790000	0.200	-0.202755
3.793333	0.200	-0.211955
3.796667	0.200	-0.223289
3.800000	0.200	-0.236390
3.803333	0.200	-0.250381
3.806667	0.200	-0.263538
3.810000	0.200	-0.273440
3.813333	0.200	-0.277533
3.816667	0.200	-0.273327
3.820000	0.200	-0.257651
3.823333	0.200	-0.225619
3.826667	0.200	-0.170515
3.830000	0.200	-0.084754
3.833333	0.200	0.039262
3.836667	0.200	0.208862
3.840000	0.200	0.430654
3.843333	0.200	0.709453
3.846667	0.200	1.046598
3.850000	0.200	1.438220
3.853333	0.200	1.874444
3.856667	0.200	2.339301
3.860000	0.200	2.811517
3.863333	0.200	3.266455
3.866667	0.200	3.678087
3.870000	0.200	4.020851
3.873333	0.200	4.272375
3.876667	0.200	4.416471
3.880000	0.200	4.445117
3.883333	0.200	4.359114
3.886667	0.200	4.167653
3.890000	0.200	3.887031
3.893333	0.200	3.538620
3.896667	0.200	3.146188
3.900000	0.200	2.733093
3.903333	0.200	2.320011
3.906667	0.200	1.923892
3.910000	0.200	1.557801
3.913333	0.200	1.230433
3.916667	0.200	0.945786
3.920000	0.200	0.704022
3.923333	0.200	0.502971
3.926667	0.200	0.339247
3.930000	0.200	0.208495
3.933333	0.200	0.105225
3.936667	0.200	0.023631
3.940000	0.200	-0.040851
3.943333	0.200	-0.091129
3.946667	0.200	-0.129300
3.950000	0.200	-0.157558
3.953333	0.200	-0.178397
3.956667	0.200	-0.193844
3.960000	0.200	-0.204982
3.963333	0.200	-0.212620
3.966667	0.200	-0.217755
3.970000	0.200	-0.221396
3.973333	0.200	-0.224863
3.976667	0.200	-0.229992
3.980000	0.200	-0.237950
3.983333	0.200	-0.248192
3.986667	0.200	-0.259329
3.990000	0.200	-0.270664
3.993333	0.200	-0.282538
3.996667	0.200	-0.295513
4.000000	0.200	-0.309403
4.003333	0.200	-0.323195
4.006667	0.200	-0.335985
4.010000	0.200	-0.347454
4.013333	0.200	-0.357517
4.016667	0.200	-0.366313
4.020000	0.200	-0.374149
4.023333	0.200	-0.381055
4.026667	0.200	-0.386780
4.030000	0.200	-0.391106
4.033333	0.200	-0.394090
4.036667	0.200	-0.396365
4.040000	0.200	-0.399047
4.043333	0.200	-0.402974
4.046667	0.200	-0.408339
4.050000	0.200	-0.414984
4.053333	0.200	-0.422428
4.056667	0.200	-0.429814
4.060000	0.200	-0.436414
4.063333	0.200	-0.441843
4.066667	0.200	-0.445735
4.070000	0.200	-0.448074
4.073333	0.200	-0.449597
4.076667	0.200	-0.450998
4.080000	0.200	-0.452101
4.083333	0.200	-0.452221
4.086667	0.200	-0.450954
4.090000	0.200	-0.448564
4.093333	0.200	-0.445701
4.096667	0.200	-0.442874
4.100000	0.200	-0.440531
4.103333	0.200	-0.439177
4.106667	0.200	-0.438935
4.110000	0.200	-0.439266
4.113333	0.200	-0.439353
4.116667	0.200	-0.438923
4.120000	0.200	-0.438735
4.123333	0.200	-0.439836
4.126667	0.200	-0.442365
4.130000	0.200	-0.445421
4.133333	0.200	-0.447810
4.136667	0.200	-0.448938
4.140000	0.200	-0.449148
4.143333	0.200	-0.449162
4.146667	0.200	-0.449544
4.150000	0.200	-0.450673
4.153333	0.200	-0.452546
4.156667	0.200	-0.454411
4.160000	0.200	-0.455343
4.163333	0.200	-0.455351
4.166667	0.200	-0.454987
4.170000	0.200	-0.454322
4.173333	0.200	-0.453511
4.176667	0.200	-0.453441
4.180000	0.200	-0.454705
4.183333	0.200	-0.456873
4.186667	0.200	-0.459303
4.190000	0.200	-0.461692
4.193333	0.200	-0.463776
4.196667	0.200	-0.465436
4.200000	0.200	-0.466913
4.203333	0.200	-0.468446
4.206667	0.200	-0.469937
4.210000	0.200	-0.470928
4.213333	0.200	-0.470903
4.216667	0.200	-0.470001
4.220000	0.200	-0.468981
4.223333	0.200	-0.468251
4.226667	0.200	-0.467676
4.230000	0.200	-0.467071
4.233333	0.200	-0.466158
4.236667	0.200	-0.464672
4.240000	0.200	-0.462695
4.243333	0.200	-0.460474
4.246667	0.200	-0.458144
4.250000	0.200	-0.455788
4.253333	0.200	-0.453541
4.256667	0.200	-0.451628
4.260000	0.200	-0.450075
4.263333	0.200	-0.448245
4.266667	0.200	-0.445304
4.270000	0.200	-0.441280
4.273333	0.200	-0.436726
4.276667	0.200	-0.431717
4.280000	0.200	-0.426320
4.283333	0.200	-0.421237
4.286667	0.200	-0.417077
4.290000	0.200	-0.413811
4.293333	0.200	-0.411367
4.296667	0.200	-0.410202
4.300000	0.200	-0.411102
4.303333	0.200	-0.414540
4.306667	0.200	-0.420227
4.310000	0.200	-0.427257
4.313333	0.200	-0.434629
4.316667	0.200	-0.441932
4.320000	0.200	-0.449711
4.323333	0.200	-0.458782
4.326667	0.200	-0.469319
4.330000	0.200	-0.480823
4.333333	0.200	-0.492417
4.336667	0.200	-0.503057
4.340000	0.200	-0.511827
4.343333	0.200	-0.518088
4.346667	0.200	-0.521649
4.350000	0.200	-0.523251
4.353333	0.200	-0.524478
4.356667	0.200	-0.526674
4.360000	0.200	-0.530147
4.363333	0.200	-0.534375
4.366667	0.200	-0.538732
4.370000	0.200	-0.542774
4.373333	0.200	-0.545953
4.376667	0.200	-0.547897
4.380000	0.200	-0.548999
4.383333	0.200	-0.549937
4.386667	0.200	-0.550869
4.390000	0.200	-0.551650
4.393333	0.200	-0.552406
4.396667	0.200	-0.553265
4.400000	0.200	-0.553930
4.403333	0.200	-0.553807
4.406667	0.200	-0.552234
4.410000	0.200	-0.549034
4.413333	0.200	-0.545077
4.416667	0.200	-0.541543
4.420000	0.200	-0.538716
4.423333	0.200	-0.536009
4.426667	0.200	-0.532552
4.430000	0.200	-0.527549
4.433333	0.200	-0.520928
4.436667	0.200	-0.513703
4.440000	0.200	-0.507108
4.443333	0.200	-0.501130
4.446667	0.200	-0.494113
4.450000	0.200	-0.484139
4.453333	0.200	-0.470587
4.456667	0.200	-0.454211
4.460000	0.200	-0.436003
4.463333	0.200	-0.416324
4.466667	0.200	-0.395103
4.470000	0.200	-0.372233
4.473333	0.200	-0.347546
4.476667	0.200	-0.321011
4.480000	0.200	-0.292794
4.483333	0.200	-0.263050
4.486667	0.200	-0.232212
4.490000	0.200	-0.201130
4.493333	0.200	-0.170703
4.496667	0.200	-0.142021
4.500000	0.200	-0.116537
4.503333	0.200	-0.095507
4.506667	0.200	-0.079333
4.510000	0.200	-0.067713
4.513333	0.200	-0.060465
4.516667	0.200	-0.057514
4.520000	0.200	-0.058135
4.523333	0.200	-0.061130
4.526667	0.200	-0.065542
4.530000	0.200	-0.070759
4.533333	0.200	-0.076168
4.536667	0.200	-0.080760
4.540000	0.200	-0.083257
4.543333	0.200	-0.082652
4.546667	0.200	-0.078135
4.550000	0.200	-0.068932
4.553333	0.200	-0.055172
4.556667	0.200	-0.038616
4.560000	0.200	-0.022007
4.563333	0.200	-0.007931
4.566667	0.200	0.001901
4.570000	0.200	0.006828
4.573333	0.200	0.006922
4.576667	0.200	0.002358
4.580000	0.200	-0.007161
4.583333	0.200	-0.022328
4.586667	0.200	-0.043541
4.590000	0.200	-0.070284
4.593333	0.200	-0.101102
4.596667	0.200	-0.134442
4.600000	0.200	-0.169184
4.603333	0.200	-0.203881
4.606667	0.200	-0.236715
4.610000	0.200	-0.266852
4.613333	0.200	-0.294745
4.616667	0.200	-0.320836
4.620000	0.200	-0.344897
4.623333	0.200	-0.366731
4.626667	0.200	-0.386370
4.630000	0.200	-0.403234
4.633333	0.200	-0.416168
4.636667	0.200	-0.424495
4.640000	0.200	-0.428330
4.643333	0.200	-0.428109
4.646667	0.200	-0.424333
4.650000	0.200	-0.417331
4.653333	0.200	-0.407119
4.656667	0.200	-0.393727
4.660000	0.200	-0.377279
4.663333	0.200	-0.357629
4.666667	0.200	-0.334418
4.670000	0.200	-0.307547
4.673333	0.200	-0.277582
4.676667	0.200	-0.246072
4.680000	0.200	-0.215319
4.683333	0.200	-0.187449
4.686667	0.200	-0.163592
4.690000	0.200	-0.143909
4.693333	0.200	-0.128475
4.696667	0.200	-0.118055
4.700000	0.200	-0.113787
4.703333	0.200	-0.116093
4.706667	0.200	-0.124256
4.710000	0.200	-0.137071
4.713333	0.200	-0.153594
4.716667	0.200	-0.173118
4.720000	0.200	-0.194712
4.723333	0.200	-0.216934
4.726667	0.200	-0.237878
4.730000	0.200	-0.255540
4.733333	0.200	-0.268202
4.736667	0.200	-0.274717
4.740000	0.200	-0.274835
4.743333	0.200	-0.269066
4.746667	0.200	-0.258143
4.750000	0.200	-0.242755
4.753333	0.200	-0.223456
4.756667	0.200	-0.200501
4.760000	0.200	-0.173882
4.763333	0.200	-0.143954
4.766667	0.200	-0.112107
4.770000	0.200	-0.080667
4.773333	0.200	-0.052240
4.776667	0.200	-0.029016
4.780000	0.200	-0.012176
4.783333	0.200	-0.001750
4.786667	0.200	0.002831
4.790000	0.200	0.002136
4.793333	0.200	-0.003309
4.796667	0.200	-0.012543
4.800000	0.200	-0.023921
4.803333	0.200	-0.035383
4.806667	0.200	-0.044483
4.810000	0.200	-0.048344
4.813333	0.200	-0.044227
4.816667	0.200	-0.030179
4.820000	0.200	-0.005635
4.823333	0.200	0.028371
4.826667	0.200	0.070173
4.830000	0.200	0.118457
4.833333	0.200	0.172093
4.836667	0.200	0.229479
4.840000	0.200	0.288170
4.843333	0.200	0.345006
4.846667	0.200	0.396426
4.850000	0.200	0.438650
4.853333	0.200	0.468120
4.856667	0.200	0.482501
4.860000	0.200	0.481274
4.863333	0.200	0.465126
4.866667	0.200	0.435234
4.870000	0.200	0.393337
4.873333	0.200	0.341775
4.876667	0.200	0.282990
4.880000	0.200	0.219216
4.883333	0.200	0.152823
4.886667	0.200	0.086661
4.890000	0.200	0.023429
4.893333	0.200	-0.035192
4.896667	0.200	-0.088448
4.900000	0.200	-0.135888
4.903333	0.200	-0.176984
4.906667	0.200	-0.211336
4.910000	0.200	-0.239483
4.913333	0.200	-0.262825
4.916667	0.200	-0.282353
4.920000	0.200	-0.298180
4.923333	0.200	-0.310316
4.926667	0.200	-0.319017
4.930000	0.200	-0.324560
4.933333	0.200	-0.327378
4.936667	0.200	-0.328067
4.940000	0.200	-0.326951
4.943333	0.200	-0.323964
4.946667	0.200	-0.318796
4.950000	0.200	-0.311177
4.953333	0.200	-0.301364
4.956667	0.200	-0.290117
4.960000	0.200	-0.278211
4.963333	0.200	-0.266207
4.966667	0.200	-0.254420
4.970000	0.200	-0.242968
4.973333	0.200	-0.232008
4.976667	0.200	-0.221891
4.980000	0.200	-0.212965
4.983333	0.200	-0.205358
4.986667	0.200	-0.198992
4.990000	0.200	-0.193534
4.993333	0.200	-0.188635
4.996667	0.200	-0.184624
5.000000	0.200	-0.182259
5.003333	0.200	-0.181606
5.006667	0.200	-0.181844
5.010000	0.200	-0.181924
5.013333	0.200	-0.180834
5.016667	0.200	-0.177530
5.020000	0.200	-0.170997
5.023333	0.200	-0.160075
5.026667	0.200	-0.143095
5.030000	0.200	-0.118050
5.033333	0.200	-0.083206
5.036667	0.200	-0.037434
5.040000	0.200	0.019709
5.043333	0.200	0.087510
5.046667	0.200	0.163533
5.050000	0.200	0.244003
5.053333	0.200	0.324777
5.056667	0.200	0.401659
5.060000	0.200	0.470369
5.063333	0.200	0.526912
5.066667	0.200	0.567910
5.070000	0.200	0.590763
5.073333	0.200	0.594208
5.076667	0.200	0.578998
5.080000	0.200	0.547806
5.083333	0.200	0.504160
5.086667	0.200	0.451634
5.090000	0.200	0.394063
5.093333	0.200	0.335480
5.096667	0.200	0.279014
5.100000	0.200	0.226211
5.103333	0.200	0.177508
5.106667	0.200	0.133014
5.110000	0.200	0.093039
5.113333	0.200	0.057912
5.116667	0.200	0.027299
5.120000	0.200	0.000331
5.123333	0.200	-0.023317
5.126667	0.200	-0.042921
5.130000	0.200	-0.057049
5.133333	0.200	-0.063880
5.136667	0.200	-0.061631
5.140000	0.200	-0.049066
5.143333	0.200	-0.025477
5.146667	0.200	0.009542
5.150000	0.200	0.056198
5.153333	0.200	0.114434
5.156667	0.200	0.183638
5.160000	0.200	0.262527
5.163333	0.200	0.349131
5.166667	0.200	0.440451
5.170000	0.200	0.532265
5.173333	0.200	0.619713
5.176667	0.200	0.698268
5.180000	0.200	0.764447
5.183333	0.200	0.815940
5.186667	0.200	0.851352
5.190000	0.200	0.870055
5.193333	0.200	0.872022
5.196667	0.200	0.857432
5.200000	0.200	0.826377
5.203333	0.200	0.779063
5.206667	0.200	0.716477
5.210000	0.200	0.640811
5.213333	0.200	0.555363
5.216667	0.200	0.464322
5.220000	0.200	0.372392
5.223333	0.200	0.283965
5.226667	0.200	0.202226
5.230000	0.200	0.128936
5.233333	0.200	0.065185
5.236667	0.200	0.012638
5.240000	0.200	-0.025682
5.243333	0.200	-0.044833
5.246667	0.200	-0.036628
5.250000	0.200	0.011702
5.253333	0.200	0.117564
5.256667	0.200	0.301437
5.260000	0.200	0.582549
5.263333	0.200	0.971184
5.266667	0.200	1.460090
5.270000	0.200	2.018892
5.273333	0.200	2.594989
5.276667	0.200	3.121528
5.280000	0.200	3.529891
5.283333	0.200	3.763992
5.286667	0.200	3.793396
5.290000	0.200	3.620736
5.293333	0.200	3.280154
5.296667	0.200	2.827222
5.300000	0.200	2.324656
5.303333	0.200	1.828990
5.306667	0.200	1.381531
5.310000	0.200	1.005275
5.313333	0.200	0.706833
5.316667	0.200	0.480815
5.320000	0.200	0.315180
5.323333	0.200	0.196115
5.326667	0.200	0.111120
5.330000	0.200	0.050420
5.333333	0.200	0.007097
5.336667	0.200	-0.023728
5.340000	0.200	-0.045719
5.343333	0.200	-0.061812
5.346667	0.200	-0.074633
5.350000	0.200	-0.086465
5.353333	0.200	-0.098761
5.356667	0.200	-0.112011
5.360000	0.200	-0.125906
5.363333	0.200	-0.139447
5.366667	0.200	-0.151220
5.370000	0.200	-0.160019
5.373333	0.200	-0.165831
5.376667	0.200	-0.170037
5.380000	0.200	-0.173961
5.383333	0.200	-0.177591
5.386667	0.200	-0.180135
5.390000	0.200	-0.181227
5.393333	0.200	-0.181260
5.396667	0.200	-0.180917
5.400000	0.200	-0.180510
5.403333	0.200	-0.179779
5.406667	0.200	-0.178256
5.410000	0.200	-0.175594
5.413333	0.200	-0.171633
5.416667	0.200	-0.166509
5.420000	0.200	-0.160564
5.423333	0.200	-0.154105
5.426667	0.200	-0.147706
5.430000	0.200	-0.142408
5.433333	0.200	-0.139147
5.436667	0.200	-0.138471
5.440000	0.200	-0.140419
5.443333	0.200	-0.144031
5.446667	0.200	-0.147810
5.450000	0.200	-0.151027
5.453333	0.200	-0.153965
5.456667	0.200	-0.156978
5.460000	0.200	-0.160070
5.463333	0.200	-0.163057
5.466667	0.200	-0.165578
5.470000	0.200	-0.167416
5.473333	0.200	-0.168926
5.476667	0.200	-0.170577
5.480000	0.200	-0.171976
5.483333	0.200	-0.171603
5.486667	0.200	-0.167821
5.490000	0.200	-0.160172
5.493333	0.200	-0.149488
5.496667	0.200	-0.137177
5.500000	0.200	-0.124486
5.503333	0.200	-0.112089
5.506667	0.200	-0.100713
5.510000	0.200	-0.091826
5.513333	0.200	-0.086969
5.516667	0.200	-0.086627
5.520000	0.200	-0.089771
5.523333	0.200	-0.094428
5.526667	0.200	-0.098563
5.530000	0.200	-0.100551
5.533333	0.200	-0.099590
5.536667	0.200	-0.095895
5.540000	0.200	-0.090221
5.543333	0.200	-0.083152
5.546667	0.200	-0.074900
5.550000	0.200	-0.065601
5.553333	0.200	-0.055773
5.556667	0.200	-0.046442
5.560000	0.200	-0.038477
5.563333	0.200	-0.031812
5.566667	0.200	-0.025494
5.570000	0.200	-0.018718
5.573333	0.200	-0.011757
5.576667	0.200	-0.005799
5.580000	0.200	-0.002061
5.583333	0.200	-0.000881
5.586667	0.200	-0.001201
5.590000	0.200	-0.001174
5.593333	0.200	0.000278
5.596667	0.200	0.002656
5.600000	0.200	0.004604
5.603333	0.200	0.005150
5.606667	0.200	0.004265
5.610000	0.200	0.002426
5.613333	0.200	0.000121
5.616667	0.200	-0.002319
5.620000	0.200	-0.004831
5.623333	0.200	-0.007131
5.626667	0.200	-0.008201
5.630000	0.200	-0.006993
5.633333	0.200	-0.003305
5.636667	0.200	0.002388
5.640000	0.200	0.009741
5.643333	0.200	0.018970
5.646667	0.200	0.030250
5.650000	0.200	0.042781
5.653333	0.200	0.054822
5.656667	0.200	0.064641
5.660000	0.200	0.071395
5.663333	0.200	0.075202
5.666667	0.200	0.076363
5.670000	0.200	0.074647
5.673333	0.200	0.069733
5.676667	0.200	0.062050
5.680000	0.200	0.052402
5.683333	0.200	0.041183
5.686667	0.200	0.028684
5.690000	0.200	0.015646
5.693333	0.200	0.002929
5.696667	0.200	-0.009051
5.700000	0.200	-0.020356
5.703333	0.200	-0.031027
5.706667	0.200	-0.040584
5.710000	0.200	-0.048217
5.713333	0.200	-0.053263
5.716667	0.200	-0.055294
5.720000	0.200	-0.053826
5.723333	0.200	-0.048158
5.726667	0.200	-0.037667
5.730000	0.200	-0.022036
5.733333	0.200	-0.001187
5.736667	0.200	0.024337
5.740000	0.200	0.052922
5.743333	0.200	0.082273
5.746667	0.200	0.110085
5.750000	0.200	0.134274
5.753333	0.200	0.152906
5.756667	0.200	0.164531
5.760000	0.200	0.168958
5.763333	0.200	0.167259
5.766667	0.200	0.160869
5.770000	0.200	0.151031
5.773333	0.200	0.139179
5.776667	0.200	0.127063
5.780000	0.200	0.115864
5.783333	0.200	0.105737
5.786667	0.200	0.096436
5.790000	0.200	0.087814
5.793333	0.200	0.080098
5.796667	0.200	0.074209
5.800000	0.200	0.071314
5.803333	0.200	0.071842
5.806667	0.200	0.075143
5.810000	0.200	0.080013
5.813333	0.200	0.085476
5.816667	0.200	0.090628
5.820000	0.200	0.093754
5.823333	0.200	0.092711
5.826667	0.200	0.086283
5.830000	0.200	0.074485
5.833333	0.200	0.058474
5.836667	0.200	0.040923
5.840000	0.200	0.025314
5.843333	0.200	0.013991
5.846667	0.200	0.007124
5.850000	0.200	0.003600
5.853333	0.200	0.002438
5.856667	0.200	0.003198
5.860000	0.200	0.005523
5.863333	0.200	0.008741
5.866667	0.200	0.012029
5.870000	0.200	0.015027
5.873333	0.200	0.018114
5.876667	0.200	0.021967
5.880000	0.200	0.027196
5.883333	0.200	0.034789
5.886667	0.200	0.046543
5.890000	0.200	0.064645
5.893333	0.200	0.090814
5.896667	0.200	0.125364
5.900000	0.200	0.166436
5.903333	0.200	0.209809
5.906667	0.200	0.249526
5.910000	0.200	0.279612
5.913333	0.200	0.296395
5.916667	0.200	0.299549
5.920000	0.200	0.290894
5.923333	0.200	0.272870
5.926667	0.200	0.248427
5.930000	0.200	0.221154
5.933333	0.200	0.194439
5.936667	0.200	0.170363
5.940000	0.200	0.149314
5.943333	0.200	0.130472
5.946667	0.200	0.112767
5.950000	0.200	0.095817
5.953333	0.200	0.080089
5.956667	0.200	0.066150
5.960000	0.200	0.054147
5.963333	0.200	0.044038
5.966667	0.200	0.035861
5.970000	0.200	0.029582
5.973333	0.200	0.024865
5.976667	0.200	0.021247
5.980000	0.200	0.018487
5.983333	0.200	0.016616
5.986667	0.200	0.015636
5.990000	0.200	0.015466
5.993333	0.200	0.016311
5.996667	0.200	0.018555
6.000000	0.200	0.021973
6.003333	0.200	0.025590
6.006667	0.200	0.028760
6.010000	0.200	0.031823
6.013333	0.200	0.035293
6.016667	0.200	0.039204
6.020000	0.200	0.043405
6.023333	0.200	0.047834
6.026667	0.200	0.052756
6.030000	0.200	0.058898
6.033333	0.200	0.066817
6.036667	0.200	0.076424
6.040000	0.200	0.087624
6.043333	0.200	0.100971
6.046667	0.200	0.117414
6.050000	0.200	0.137816
6.053333	0.200	0.162819
6.056667	0.200	0.192554
6.060000	0.200	0.226116
6.063333	0.200	0.261584
6.066667	0.200	0.296706
6.070000	0.200	0.329474
6.073333	0.200	0.358391
6.076667	0.200	0.382370
6.080000	0.200	0.400300
6.083333	0.200	0.410872
6.086667	0.200	0.412970
6.090000	0.200	0.406246
6.093333	0.200	0.391399
6.096667	0.200	0.370326
6.100000	0.200	0.346115
6.103333	0.200	0.322180
6.106667	0.200	0.300902
6.110000	0.200	0.283347
6.113333	0.200	0.269985
6.116667	0.200	0.260930
6.120000	0.200	0.255671
6.123333	0.200	0.253399
6.126667	0.200	0.253713
6.130000	0.200	0.256474
6.133333	0.200	0.260815
6.136667	0.200	0.264733
6.140000	0.200	0.266136
6.143333	0.200	0.264343
6.146667	0.200	0.260225
6.150000	0.200	0.254980
6.153333	0.200	0.249498
6.156667	0.200	0.244860
6.160000	0.200	0.242327
6.163333	0.200	0.242402
6.166667	0.200	0.244386
6.170000	0.200	0.246711
6.173333	0.200	0.247409
6.176667	0.200	0.244826
6.180000	0.200	0.238206
6.183333	0.200	0.227587
6.186667	0.200	0.213648
6.190000	0.200	0.197754
6.193333	0.200	0.181592
6.196667	0.200	0.166497
6.200000	0.200	0.152970
6.203333	0.200	0.141019
6.206667	0.200	0.130915
6.210000	0.200	0.123104
6.213333	0.200	0.117618
6.216667	0.200	0.113725
6.220000	0.200	0.109975
6.223333	0.200	0.104956
6.226667	0.200	0.098189
6.230000	0.200	0.090343
6.233333	0.200	0.082720
6.236667	0.200	0.076560
6.240000	0.200	0.072856
6.243333	0.200	0.072178
6.246667	0.200	0.074114
6.250000	0.200	0.077443
6.253333	0.200	0.081143
6.256667	0.200	0.084924
6.260000	0.200	0.088896
6.263333	0.200	0.093188
6.266667	0.200	0.097759
6.270000	0.200	0.102097
6.273333	0.200	0.105421
6.276667	0.200	0.107192
6.280000	0.200	0.106936
6.283333	0.200	0.104017
6.286667	0.200	0.098314
6.290000	0.200	0.090825
6.293333	0.200	0.083199
6.296667	0.200	0.076735
6.300000	0.200	0.071632
6.303333	0.200	0.067091
6.306667	0.200	0.062605
6.310000	0.200	0.059064
6.313333	0.200	0.058164
6.316667	0.200	0.061050
6.320000	0.200	0.067870
6.323333	0.200	0.078255
6.326667	0.200	0.091564
6.330000	0.200	0.106704
6.333333	0.200	0.122229
6.336667	0.200	0.136822
6.340000	0.200	0.149501
6.343333	0.200	0.159204
6.346667	0.200	0.164393
6.350000	0.200	0.163523
6.353333	0.200	0.156178
6.356667	0.200	0.143693
6.360000	0.200	0.128304
6.363333	0.200	0.112036
6.366667	0.200	0.096878
6.370000	0.200	0.084915
6.373333	0.200	0.077155
6.376667	0.200	0.072907
6.380000	0.200	0.071034
6.383333	0.200	0.071043
6.386667	0.200	0.072509
6.390000	0.200	0.074614
6.393333	0.200	0.077007
6.396667	0.200	0.080131
6.400000	0.200	0.084206
6.403333	0.200	0.088794
6.406667	0.200	0.093451
6.410000	0.200	0.098133
6.413333	0.200	0.103324
6.416667	0.200	0.110057
6.420000	0.200	0.119599
6.423333	0.200	0.133343
6.426667	0.200	0.152609
6.430000	0.200	0.177794
6.433333	0.200	0.208216
6.436667	0.200	0.242960
6.440000	0.200	0.281172
6.443333	0.200	0.321551
6.446667	0.200	0.362093
6.450000	0.200	0.400311
6.453333	0.200	0.433595
6.456667	0.200	0.459312
6.460000	0.200	0.474950
6.463333	0.200	0.478651
6.466667	0.200	0.469811
6.470000	0.200	0.449487
6.473333	0.200	0.420225
6.476667	0.200	0.385067
6.480000	0.200	0.346642
6.483333	0.200	0.306958
6.486667	0.200	0.267630
6.490000	0.200	0.230009
6.493333	0.200	0.195121
6.496667	0.200	0.163695
6.500000	0.200	0.136239
6.503333	0.200	0.112984
6.506667	0.200	0.093821
6.510000	0.200	0.078263
6.513333	0.200	0.065714
6.516667	0.200	0.055814
6.520000	0.200	0.048172
6.523333	0.200	0.042045
6.526667	0.200	0.036455
6.530000	0.200	0.030439
6.533333	0.200	0.023462
6.536667	0.200	0.015814
6.540000	0.200	0.008318
6.543333	0.200	0.001558
6.546667	0.200	-0.004264
6.550000	0.200	-0.008951
6.553333	0.200	-0.012300
6.556667	0.200	-0.014375
6.560000	0.200	-0.015523
6.563333	0.200	-0.016360
6.566667	0.200	-0.017743
6.570000	0.200	-0.020239
6.573333	0.200	-0.023422
6.576667	0.200	-0.025959
6.580000	0.200	-0.026576
6.583333	0.200	-0.024969
6.586667	0.200	-0.021997
6.590000	0.200	-0.019179
6.593333	0.200	-0.017775
6.596667	0.200	-0.018054
6.600000	0.200	-0.019469
6.603333	0.200	-0.021346
6.606667	0.200	-0.023320
6.610000	0.200	-0.025228
6.613333	0.200	-0.026749
6.616667	0.200	-0.027419
6.620000	0.200	-0.026981
6.623333	0.200	-0.025549
6.626667	0.200	-0.023574
6.630000	0.200	-0.021594
6.633333	0.200	-0.019941
6.636667	0.200	-0.018746
6.640000	0.200	-0.018035
6.643333	0.200	-0.017616
6.646667	0.200	-0.016866
6.650000	0.200	-0.014884
6.653333	0.200	-0.011050
6.656667	0.200	-0.005127
6.660000	0.200	0.002971
6.663333	0.200	0.012832
6.666667	0.200	0.023190
6.670000	0.200	0.032524
6.673333	0.200	0.039888
6.676667	0.200	0.045170
6.680000	0.200	0.048969
6.683333	0.200	0.052038
6.686667	0.200	0.054690
6.690000	0.200	0.056723
6.693333	0.200	0.057525
6.696667	0.200	0.056531
6.700000	0.200	0.053926
6.703333	0.200	0.050602
6.706667	0.200	0.047452
6.710000	0.200	0.044966
6.713333	0.200	0.043292
6.716667	0.200	0.042518
6.720000	0.200	0.042809
6.723333	0.200	0.044077
6.726667	0.200	0.045953
6.730000	0.200	0.048315
6.733333	0.200	0.051408
6.736667	0.200	0.055343
6.740000	0.200	0.059710
6.743333	0.200	0.063867
6.746667	0.200	0.067709
6.750000	0.200	0.071826
6.753333	0.200	0.076471
6.756667	0.200	0.080930
6.760000	0.200	0.084255
6.763333	0.200	0.085917
6.766667	0.200	0.085486
6.770000	0.200	0.082270
6.773333	0.200	0.075715
6.776667	0.200	0.066307
6.780000	0.200	0.055779
6.783333	0.200	0.045834
6.786667	0.200	0.036837
6.790000	0.200	0.028312
6.793333	0.200	0.020355
6.796667	0.200	0.013878
6.800000	0.200	0.009729
6.803333	0.200	0.008167
6.806667	0.200	0.008934
6.810000	0.200	0.011442
6.813333	0.200	0.014789
6.816667	0.200	0.017860
6.820000	0.200	0.019854
6.823333	0.200	0.020643
6.826667	0.200	0.020451
6.830000	0.200	0.019451
6.833333	0.200	0.017720
6.836667	0.200	0.015250
6.840000	0.200	0.012143
6.843333	0.200	0.009006
6.846667	0.200	0.006722
6.850000	0.200	0.005566
6.853333	0.200	0.004982
6.856667	0.200	0.004158
6.860000	0.200	0.002541
6.863333	0.200	0.000135
6.866667	0.200	-0.002408
6.870000	0.200	-0.004010
6.873333	0.200	-0.003355
6.876667	0.200	0.001577
6.880000	0.200	0.014941
6.883333	0.200	0.044887
6.886667	0.200	0.105441
6.890000	0.200	0.219715
6.893333	0.200	0.425354
6.896667	0.200	0.781211
6.900000	0.200	1.374479
6.903333	0.200	2.328302
6.906667	0.200	3.808435
6.910000	0.200	6.025546
6.913333	0.200	9.230991
6.916667	0.200	13.705540
6.920000	0.200	19.738680
6.923333	0.200	27.595826
6.926667	0.200	37.474915
6.930000	0.200	49.458669
6.933333	0.200	63.470450
6.936667	0.200	79.240612
6.940000	0.200	96.290758
6.943333	0.200	113.943616
6.946667	0.200	131.362195
6.950000	0.200	147.615847
6.953333	0.200	161.766445
6.956667	0.200	172.963861
6.960000	0.200	180.536552
6.963333	0.200	184.063056
6.966667	0.200	183.413409
6.970000	0.200	178.754693
6.973333	0.200	170.521118
6.976667	0.200	159.355208
6.980000	0.200	146.031229
6.983333	0.200	131.372442
6.986667	0.200	116.172278
6.990000	0.200	101.129422
6.993333	0.200	86.804921
6.996667	0.200	73.602963
7.000000	0.200	61.771653
7.003333	0.200	51.419392
7.006667	0.200	42.541827
7.010000	0.200	35.053026
7.013333	0.200	28.815670
7.016667	0.200	23.667621
7.020000	0.200	19.443074
7.023333	0.200	15.986910
7.026667	0.200	13.162084
7.030000	0.200	10.851593
7.033333	0.200	8.958053
7.036667	0.200	7.402638
7.040000	0.200	6.122837
7.043333	0.200	5.068945
7.046667	0.200	4.200689
7.050000	0.200	3.485127
7.053333	0.200	2.895545
7.056667	0.200	2.410300
7.060000	0.200	2.011515
7.063333	0.200	1.684340
7.066667	0.200	1.416466
7.070000	0.200	1.197405
7.073333	0.200	1.018033
7.076667	0.200	0.870733
7.080000	0.200	0.749423
7.083333	0.200	0.649122
7.086667	0.200	0.565539
7.090000	0.200	0.495211
7.093333	0.200	0.435913
7.096667	0.200	0.386388
7.100000	0.200	0.345421
7.103333	0.200	0.311260
7.106667	0.200	0.281961
7.110000	0.200	0.256276
7.113333	0.200	0.233879
7.116667	0.200	0.214632
7.120000	0.200	0.198016
7.123333	0.200	0.183309
7.126667	0.200	0.170001
7.130000	0.200	0.158122
7.133333	0.200	0.148221
7.136667	0.200	0.140741
7.140000	0.200	0.135368
7.143333	0.200	0.131098
7.146667	0.200	0.126782
7.150000	0.200	0.121669
7.153333	0.200	0.115635
7.156667	0.200	0.108814
7.160000	0.200	0.101212
7.163333	0.200	0.092925
7.166667	0.200	0.084453
7.170000	0.200	0.076345
7.173333	0.200	0.068925
7.176667	0.200	0.062673
7.180000	0.200	0.057847
7.183333	0.200	0.053627
7.186667	0.200	0.048771
7.190000	0.200	0.042820
7.193333	0.200	0.036374
7.196667	0.200	0.030668
7.200000	0.200	0.026482
7.203333	0.200	0.023351
7.206667	0.200	0.020211
7.210000	0.200	0.016276
7.213333	0.200	0.011293
7.216667	0.200	0.005729
7.220000	0.200	0.000717
7.223333	0.200	-0.002414
7.226667	0.200	-0.002775
7.230000	0.200	-0.000045
7.233333	0.200	0.006545
7.236667	0.200	0.018924
7.240000	0.200	0.039600
7.243333	0.200	0.071089
7.246667	0.200	0.115937
7.250000	0.200	0.176645
7.253333	0.200	0.255258
7.256667	0.200	0.353095
7.260000	0.200	0.470927
7.263333	0.200	0.609176
7.266667	0.200	0.767584
7.270000	0.200	0.944123
7.273333	0.200	1.134016
7.276667	0.200	1.330328
7.280000	0.200	1.525347
7.283333	0.200	1.711075
7.286667	0.200	1.879313
7.290000	0.200	2.022000
7.293333	0.200	2.131654
7.296667	0.200	2.202240
7.300000	0.200	2.230308
7.303333	0.200	2.215591
7.306667	0.200	2.160682
7.310000	0.200	2.070163
7.313333	0.200	1.949974
7.316667	0.200	1.807018
7.320000	0.200	1.648602
7.323333	0.200	1.481849
7.326667	0.200	1.313441
7.330000	0.200	1.149514
7.333333	0.200	0.995002
7.336667	0.200	0.852770
7.340000	0.200	0.723914
7.343333	0.200	0.608772
7.346667	0.200	0.507168
7.350000	0.200	0.418126
7.353333	0.200	0.340258
7.356667	0.200	0.272708
7.360000	0.200	0.215388
7.363333	0.200	0.168285
7.366667	0.200	0.130671
7.370000	0.200	0.100783
7.373333	0.200	0.076625
7.376667	0.200	0.057168
7.380000	0.200	0.042389
7.383333	0.200	0.032589
7.386667	0.200	0.028154
7.390000	0.200	0.029128
7.393333	0.200	0.034732
7.396667	0.200	0.043896
7.400000	0.200	0.055933
7.403333	0.200	0.070449
7.406667	0.200	0.087209
7.410000	0.200	0.106093
7.413333	0.200	0.126951
7.416667	0.200	0.149413
7.420000	0.200	0.172381
7.423333	0.200	0.193642
7.426667	0.200	0.210481
7.430000	0.200	0.221092
7.433333	0.200	0.225448
7.436667	0.200	0.224785
7.440000	0.200	0.220228
7.443333	0.200	0.211999
7.446667	0.200	0.199730
7.450000	0.200	0.183093
7.453333	0.200	0.162384
7.456667	0.200	0.138890
7.460000	0.200	0.114495
7.463333	0.200	0.090795
7.466667	0.200	0.068579
7.470000	0.200	0.047859
7.473333	0.200	0.028390
7.476667	0.200	0.010319
7.480000	0.200	-0.005675
7.483333	0.200	-0.018877
7.486667	0.200	-0.029231
7.490000	0.200	-0.037492
7.493333	0.200	-0.044487
7.496667	0.200	-0.050438
7.500000	0.200	-0.055164
7.503333	0.200	-0.058608
7.506667	0.200	-0.060872
7.510000	0.200	-0.062104
7.513333	0.200	-0.062606
7.516667	0.200	-0.062725
7.520000	0.200	-0.062539
7.523333	0.200	-0.061762
7.526667	0.200	-0.060005
7.530000	0.200	-0.057043
7.533333	0.200	-0.052826
7.536667	0.200	-0.047413
7.540000	0.200	-0.040993
7.543333	0.200	-0.033933
7.546667	0.200	-0.026598
7.550000	0.200	-0.019132
7.553333	0.200	-0.011522
7.556667	0.200	-0.003620
7.560000	0.200	0.004849
7.563333	0.200	0.013970
7.566667	0.200	0.023326
7.570000	0.200	0.032106
7.573333	0.200	0.039397
7.576667	0.200	0.044551
7.580000	0.200	0.047702
7.583333	0.200	0.049883
7.586667	0.200	0.052264
7.590000	0.200	0.055068
7.593333	0.200	0.057263
7.596667	0.200	0.057472
7.600000	0.200	0.055167
7.603333	0.200	0.050648
7.606667	0.200	0.044117
7.610000	0.200	0.035650
7.613333	0.200	0.026007
7.616667	0.200	0.016493
7.620000	0.200	0.008115
7.623333	0.200	0.001283
7.626667	0.200	-0.004101
7.630000	0.200	-0.008649
7.633333	0.200	-0.013231
7.636667	0.200	-0.018499
7.640000	0.200	-0.024734
7.643333	0.200	-0.031744
7.646667	0.200	-0.038732
7.650000	0.200	-0.044937
7.653333	0.200	-0.050485
7.656667	0.200	-0.056245
7.660000	0.200	-0.062752
7.663333	0.200	-0.069432
7.666667	0.200	-0.075256
7.670000	0.200	-0.079734
7.673333	0.200	-0.082848
7.676667	0.200	-0.084808
7.680000	0.200	-0.086160
7.683333	0.200	-0.087679
7.686667	0.200	-0.090022
7.690000	0.200	-0.093404
7.693333	0.200	-0.097399
7.696667	0.200	-0.101365
7.700000	0.200	-0.105022
7.703333	0.200	-0.108140
7.706667	0.200	-0.109707
7.710000	0.200	-0.107633
7.713333	0.200	-0.098705
7.716667	0.200	-0.078091
7.720000	0.200	-0.037954
7.723333	0.200	0.035081
7.726667	0.200	0.162765
7.730000	0.200	0.377266
7.733333	0.200	0.722173
7.736667	0.200	1.251657
7.740000	0.200	2.026713
7.743333	0.200	3.107972
7.746667	0.200	4.544900
7.750000	0.200	6.362599
7.753333	0.200	8.548994
7.756667	0.200	11.044972
7.760000	0.200	13.739600
7.763333	0.200	16.473673
7.766667	0.200	19.054349
7.770000	0.200	21.278982
7.773333	0.200	22.962581
7.776667	0.200	23.963906
7.780000	0.200	24.205899
7.783333	0.200	23.686413
7.786667	0.200	22.476997
7.790000	0.200	20.709728
7.793333	0.200	18.555001
7.796667	0.200	16.195738
7.800000	0.200	13.803035
7.803333	0.200	11.517099
7.806667	0.200	9.436752
7.810000	0.200	7.618212
7.813333	0.200	6.080556
7.816667	0.200	4.814449
7.820000	0.200	3.792257
7.823333	0.200	2.977958
7.826667	0.200	2.334187
7.830000	0.200	1.826023
7.833333	0.200	1.423552
7.836667	0.200	1.103449
7.840000	0.200	0.848728
7.843333	0.200	0.647068
7.846667	0.200	0.488858
7.850000	0.200	0.365947
7.853333	0.200	0.271113
7.856667	0.200	0.198011
7.860000	0.200	0.141604
7.863333	0.200	0.098290
7.866667	0.200	0.065153
7.870000	0.200	0.039381
7.873333	0.200	0.018719
7.876667	0.200	0.001862
7.880000	0.200	-0.012051
7.883333	0.200	-0.023888
7.886667	0.200	-0.034275
7.890000	0.200	-0.043385
7.893333	0.200	-0.051022
7.896667	0.200	-0.056829
7.900000	0.200	-0.060798
7.903333	0.200	-0.063592
7.906667	0.200	-0.066153
7.910000	0.200	-0.069295
7.913333	0.200	-0.073394
7.916667	0.200	-0.077979
7.920000	0.200	-0.082165
7.923333	0.200	-0.085735
7.926667	0.200	-0.089152
7.930000	0.200	-0.092466
7.933333	0.200	-0.094908
7.936667	0.200	-0.095836
7.940000	0.200	-0.095468
7.943333	0.200	-0.094329
7.946667	0.200	-0.092887
7.950000	0.200	-0.092145
7.953333	0.200	-0.093260
7.956667	0.200	-0.096035
7.960000	0.200	-0.098929
7.963333	0.200	-0.100673
7.966667	0.200	-0.100990
7.970000	0.200	-0.099987
7.973333	0.200	-0.097883
7.976667	0.200	-0.095308
7.980000	0.200	-0.093056
7.983333	0.200	-0.091406
7.986667	0.200	-0.089914
7.990000	0.200	-0.087719
7.993333	0.200	-0.083850
7.996667	0.200	-0.077350
8.000000	0.200	-0.067259
8.003333	0.200	-0.052525
8.006667	0.200	-0.032147
8.010000	0.200	-0.005790
8.013333	0.200	0.025738
8.016667	0.200	0.060707
8.020000	0.200	0.096850
8.023333	0.200	0.131449
8.026667	0.200	0.161650
8.030000	0.200	0.185199
8.033333	0.200	0.200541
8.036667	0.200	0.206419
8.040000	0.200	0.202412
8.043333	0.200	0.189612
8.046667	0.200	0.169822
8.050000	0.200	0.144559
8.053333	0.200	0.115247
8.056667	0.200	0.083540
8.060000	0.200	0.051042
8.063333	0.200	0.019256
8.066667	0.200	-0.010335
8.070000	0.200	-0.036620
8.073333	0.200	-0.059127
8.076667	0.200	-0.077698
8.080000	0.200	-0.092166
8.083333	0.200	-0.102500
8.086667	0.200	-0.108956
8.090000	0.200	-0.111883
8.093333	0.200	-0.111692
8.096667	0.200	-0.109193
8.100000	0.200	-0.105699
8.103333	0.200	-0.102500
8.106667	0.200	-0.100388
8.110000	0.200	-0.099689
8.113333	0.200	-0.100309
8.116667	0.200	-0.101718
8.120000	0.200	-0.103270
8.123333	0.200	-0.104741
8.126667	0.200	-0.106430
8.130000	0.200	-0.108678
8.133333	0.200	-0.111698
8.136667	0.200	-0.115832
8.140000	0.200	-0.121126
8.143333	0.200	-0.126658
8.146667	0.200	-0.131098
8.150000	0.200	-0.133675
8.153333	0.200	-0.134269
8.156667	0.200	-0.133420
8.160000	0.200	-0.132505
8.163333	0.200	-0.133021
8.166667	0.200	-0.135447
8.170000	0.200	-0.139002
8.173333	0.200	-0.142458
8.176667	0.200	-0.144964
8.180000	0.200	-0.146070
8.183333	0.200	-0.145572
8.186667	0.200	-0.143662
8.190000	0.200	-0.141081
8.193333	0.200	-0.138932
8.196667	0.200	-0.137946
8.200000	0.200	-0.137858
8.203333	0.200	-0.137583
8.206667	0.200	-0.136104
8.210000	0.200	-0.133182
8.213333	0.200	-0.129079
8.216667	0.200	-0.124317
8.220000	0.200	-0.120064
8.223333	0.200	-0.117649
8.226667	0.200	-0.117441
8.230000	0.200	-0.118917
8.233333	0.200	-0.121613
8.236667	0.200	-0.125411
8.240000	0.200	-0.130005
8.243333	0.200	-0.134833
8.246667	0.200	-0.139707
8.250000	0.200	-0.144683
8.253333	0.200	-0.149179
8.256667	0.200	-0.152185
8.260000	0.200	-0.153538
8.263333	0.200	-0.153936
8.266667	0.200	-0.153869
8.270000	0.200	-0.153657
8.273333	0.200	-0.153945
8.276667	0.200	-0.155080
8.280000	0.200	-0.156585
8.283333	0.200	-0.157532
8.286667	0.200	-0.157138
8.290000	0.200	-0.155222
8.293333	0.200	-0.152310
8.296667	0.200	-0.149513
8.300000	0.200	-0.148032
8.303333	0.200	-0.148148
8.306667	0.200	-0.148874
8.310000	0.200	-0.148788
8.313333	0.200	-0.147028
8.316667	0.200	-0.143726
8.320000	0.200	-0.139396
8.323333	0.200	-0.133821
8.326667	0.200	-0.125905
8.330000	0.200	-0.114767
8.333333	0.200	-0.100812
8.336667	0.200	-0.085668
8.340000	0.200	-0.071398
8.343333	0.200	-0.059821
8.346667	0.200	-0.052068
8.350000	0.200	-0.048573
8.353333	0.200	-0.049319
8.356667	0.200	-0.053809
8.360000	0.200	-0.061136
8.363333	0.200	-0.070468
8.366667	0.200	-0.081162
8.370000	0.200	-0.092172
8.373333	0.200	-0.101558
8.376667	0.200	-0.106765
8.380000	0.200	-0.105626
8.383333	0.200	-0.097542
8.386667	0.200	-0.084085
8.390000	0.200	-0.068874
8.393333	0.200	-0.056401
8.396667	0.200	-0.049737
8.400000	0.200	-0.049225
8.403333	0.200	-0.053711
8.406667	0.200	-0.062139
8.410000	0.200	-0.073452
8.413333	0.200	-0.086334
8.416667	0.200	-0.099970
8.420000	0.200	-0.114012
8.423333	0.200	-0.127763
8.426667	0.200	-0.140365
8.430000	0.200	-0.151259
8.433333	0.200	-0.159917
8.436667	0.200	-0.165800
8.440000	0.200	-0.168601
8.443333	0.200	-0.168426
8.446667	0.200	-0.166331
8.450000	0.200	-0.164242
8.453333	0.200	-0.163497
8.456667	0.200	-0.164141
8.460000	0.200	-0.165689
8.463333	0.200	-0.167548
8.466667	0.200	-0.168990
8.470000	0.200	-0.169522
8.473333	0.200	-0.169187
8.476667	0.200	-0.168403
8.480000	0.200	-0.167750
8.483333	0.200	-0.167667
8.486667	0.200	-0.168112
8.490000	0.200	-0.168747
8.493333	0.200	-0.169203
8.496667	0.200	-0.169131
8.500000	0.200	-0.168430
8.503333	0.200	-0.167427
8.506667	0.200	-0.166634
8.510000	0.200	-0.166260
8.513333	0.200	-0.165913
8.516667	0.200	-0.164986
8.520000	0.200	-0.163271
8.523333	0.200	-0.160966
8.526667	0.200	-0.158272
8.530000	0.200	-0.155385
8.533333	0.200	-0.152543
8.536667	0.200	-0.149564
8.540000	0.200	-0.145637
8.543333	0.200	-0.139769
8.546667	0.200	-0.131272
8.550000	0.200	-0.120084
8.553333	0.200	-0.106857
8.556667	0.200	-0.092692
8.560000	0.200	-0.078787
8.563333	0.200	-0.066182
8.566667	0.200	-0.055585
8.570000	0.200	-0.047412
8.573333	0.200	-0.041771
8.576667	0.200	-0.038452
8.580000	0.200	-0.037298
8.583333	0.200	-0.038120
8.586667	0.200	-0.040137
8.590000	0.200	-0.042210
8.593333	0.200	-0.043701
8.596667	0.200	-0.044803
8.600000	0.200	-0.046340
8.603333	0.200	-0.049360
8.606667	0.200	-0.054597
8.610000	0.200	-0.062073
8.613333	0.200	-0.071245
8.616667	0.200	-0.081441
8.620000	0.200	-0.092185
8.623333	0.200	-0.103142
8.626667	0.200	-0.113556
8.630000	0.200	-0.122260
8.633333	0.200	-0.128648
8.636667	0.200	-0.133240
8.640000	0.200	-0.137364
8.643333	0.200	-0.142638
8.646667	0.200	-0.150144
8.650000	0.200	-0.159754
8.653333	0.200	-0.170515
8.656667	0.200	-0.181315
8.660000	0.200	-0.190893
8.663333	0.200	-0.198028
8.666667	0.200	-0.202205
8.670000	0.200	-0.203643
8.673333	0.200	-0.202754
8.676667	0.200	-0.200130
8.680000	0.200	-0.196993
8.683333	0.200	-0.195024
8.686667	0.200	-0.195427
8.690000	0.200	-0.198544
8.693333	0.200	-0.204193
8.696667	0.200	-0.211801
8.700000	0.200	-0.220505
8.703333	0.200	-0.229507
8.706667	0.200	-0.238265
8.710000	0.200	-0.246259
8.713333	0.200	-0.252581
8.716667	0.200	-0.256336
8.720000	0.200	-0.257558
8.723333	0.200	-0.257162
8.726667	0.200	-0.256309
8.730000	0.200	-0.255987
8.733333	0.200	-0.256737
8.736667	0.200	-0.258555
8.740000	0.200	-0.260782
8.743333	0.200	-0.262201
8.746667	0.200	-0.261905
8.750000	0.200	-0.260223
8.753333	0.200	-0.258467
8.756667	0.200	-0.257681
8.760000	0.200	-0.257918
8.763333	0.200	-0.258796
8.766667	0.200	-0.260044
8.770000	0.200	-0.261064
8.773333	0.200	-0.260862
8.776667	0.200	-0.258824
8.780000	0.200	-0.255167
8.783333	0.200	-0.250674
8.786667	0.200	-0.246333
8.790000	0.200	-0.243335
8.793333	0.200	-0.242846
8.796667	0.200	-0.245199
8.800000	0.200	-0.249753
8.803333	0.200	-0.255593
8.806667	0.200	-0.261575
8.810000	0.200	-0.266264
8.813333	0.200	-0.268912
8.816667	0.200	-0.269895
8.820000	0.200	-0.269971
8.823333	0.200	-0.269823
8.826667	0.200	-0.269972
8.830000	0.200	-0.270599
8.833333	0.200	-0.271560
8.836667	0.200	-0.272707
8.840000	0.200	-0.274080
8.843333	0.200	-0.275839
8.846667	0.200	-0.278313
8.850000	0.200	-0.281918
8.853333	0.200	-0.286611
8.856667	0.200	-0.291667
8.860000	0.200	-0.296370
8.863333	0.200	-0.300696
8.866667	0.200	-0.304929
8.870000	0.200	-0.309058
8.873333	0.200	-0.313128
8.876667	0.200	-0.317507
8.880000	0.200	-0.322210
8.883333	0.200	-0.326765
8.886667	0.200	-0.331077
8.890000	0.200	-0.335596
8.893333	0.200	-0.340617
8.896667	0.200	-0.346145
8.900000	0.200	-0.352235
8.903333	0.200	-0.358627
8.906667	0.200	-0.364074
8.910000	0.200	-0.366822
8.913333	0.200	-0.365760
8.916667	0.200	-0.360647
8.920000	0.200	-0.351386
8.923333	0.200	-0.336845
8.926667	0.200	-0.314086
8.930000	0.200	-0.279414
8.933333	0.200	-0.230476
8.936667	0.200	-0.167225
8.940000	0.200	-0.091898
8.943333	0.200	-0.009384
8.946667	0.200	0.072876
8.950000	0.200	0.146288
8.953333	0.200	0.203149
8.956667	0.200	0.238606
8.960000	0.200	0.251596
8.963333	0.200	0.244418
8.966667	0.200	0.221908
8.970000	0.200	0.190494
8.973333	0.200	0.156890
8.976667	0.200	0.126724
8.980000	0.200	0.103481
8.983333	0.200	0.088076
8.986667	0.200	0.079138
8.990000	0.200	0.073638
8.993333	0.200	0.067771
8.996667	0.200	0.058038
9.000000	0.200	0.042280
9.003333	0.200	0.020281
9.006667	0.200	-0.006677
9.010000	0.200	-0.036961
9.013333	0.200	-0.069397
9.016667	0.200	-0.103392
9.020000	0.200	-0.138502
9.023333	0.200	-0.173975
9.026667	0.200	-0.208894
9.030000	0.200	-0.242208
9.033333	0.200	-0.272565
9.036667	0.200	-0.298703
9.040000	0.200	-0.320104
9.043333	0.200	-0.337297
9.046667	0.200	-0.351489
9.050000	0.200	-0.363797
9.053333	0.200	-0.374695
9.056667	0.200	-0.383805
9.060000	0.200	-0.390290
9.063333	0.200	-0.393837
9.066667	0.200	-0.395354
9.070000	0.200	-0.396431
9.073333	0.200	-0.397966
9.076667	0.200	-0.399679
9.080000	0.200	-0.400918
9.083333	0.200	-0.401291
9.086667	0.200	-0.400601
9.090000	0.200	-0.399017
9.093333	0.200	-0.397258
9.096667	0.200	-0.396143
9.100000	0.200	-0.396140
9.103333	0.200	-0.397400
9.106667	0.200	-0.399881
9.110000	0.200	-0.403157
9.113333	0.200	-0.406249
9.116667	0.200	-0.408036
9.120000	0.200	-0.408011
9.123333	0.200	-0.406724
9.126667	0.200	-0.405474
9.130000	0.200	-0.405281
9.133333	0.200	-0.406087
9.136667	0.200	-0.406917
9.140000	0.200	-0.406563
9.143333	0.200	-0.404366
9.146667	0.200	-0.400942
9.150000	0.200	-0.398104
9.153333	0.200	-0.397543
9.156667	0.200	-0.399459
9.160000	0.200	-0.402653
9.163333	0.200	-0.405873
9.166667	0.200	-0.408790
9.170000	0.200	-0.411795
9.173333	0.200	-0.415156
9.176667	0.200	-0.418426
9.180000	0.200	-0.420814
9.183333	0.200	-0.422221
9.186667	0.200	-0.423271
9.190000	0.200	-0.424086
9.193333	0.200	-0.424316
9.196667	0.200	-0.424527
9.200000	0.200	-0.425833
9.203333	0.200	-0.428191
9.206667	0.200	-0.430357
9.210000	0.200	-0.430883
9.213333	0.200	-0.428328
9.216667	0.200	-0.421584
9.220000	0.200	-0.410594
9.223333	0.200	-0.396373
9.226667	0.200	-0.380472
9.230000	0.200	-0.364429
9.233333	0.200	-0.349573
9.236667	0.200	-0.337361
9.240000	0.200	-0.329334
9.243333	0.200	-0.326284
9.246667	0.200	-0.327680
9.250000	0.200	-0.332220
9.253333	0.200	-0.338798
9.256667	0.200	-0.346614
9.260000	0.200	-0.354864
9.263333	0.200	-0.362860
9.266667	0.200	-0.370040
9.270000	0.200	-0.375946
9.273333	0.200	-0.380685
9.276667	0.200	-0.384915
9.280000	0.200	-0.389013
9.283333	0.200	-0.392489
9.286667	0.200	-0.394437
9.290000	0.200	-0.394473
9.293333	0.200	-0.392838
9.296667	0.200	-0.389885
9.300000	0.200	-0.386241
9.303333	0.200	-0.383144
9.306667	0.200	-0.381949
9.310000	0.200	-0.382996
9.313333	0.200	-0.385058
9.316667	0.200	-0.386341
9.320000	0.200	-0.385631
9.323333	0.200	-0.382205
9.326667	0.200	-0.375983
9.330000	0.200	-0.368223
9.333333	0.200	-0.361055
9.336667	0.200	-0.356151
9.340000	0.200	-0.353995
9.343333	0.200	-0.354000
9.346667	0.200	-0.355105
9.350000	0.200	-0.356458
9.353333	0.200	-0.358014
9.356667	0.200	-0.360592
9.360000	0.200	-0.364907
9.363333	0.200	-0.370621
9.366667	0.200	-0.376652
9.370000	0.200	-0.381888
9.373333	0.200	-0.385554
9.376667	0.200	-0.387796
9.380000	0.200	-0.389731
9.383333	0.200	-0.392407
9.386667	0.200	-0.396002
9.390000	0.200	-0.399832
9.393333	0.200	-0.402954
9.396667	0.200	-0.404890
9.400000	0.200	-0.405383
9.403333	0.200	-0.403986
9.406667	0.200	-0.400687
9.410000	0.200	-0.396384
9.413333	0.200	-0.392385
9.416667	0.200	-0.389635
9.420000	0.200	-0.388284
9.423333	0.200	-0.387994
9.426667	0.200	-0.388588
9.430000	0.200	-0.390280
9.433333	0.200	-0.393287
9.436667	0.200	-0.397399
9.440000	0.200	-0.402078
9.443333	0.200	-0.406630
9.446667	0.200	-0.410345
9.450000	0.200	-0.412917
9.453333	0.200	-0.414573
9.456667	0.200	-0.415739
9.460000	0.200	-0.416901
9.463333	0.200	-0.418571
9.466667	0.200	-0.420952
9.470000	0.200	-0.423783
9.473333	0.200	-0.426521
9.476667	0.200	-0.427879
9.480000	0.200	-0.425753
9.483333	0.200	-0.419095
9.486667	0.200	-0.409401
9.490000	0.200	-0.399748
9.493333	0.200	-0.393006
9.496667	0.200	-0.390822
9.500000	0.200	-0.393412
9.503333	0.200	-0.399735
9.506667	0.200	-0.407851
9.510000	0.200	-0.415813
9.513333	0.200	-0.422409
9.516667	0.200	-0.427050
9.520000	0.200	-0.429575
9.523333	0.200	-0.430151
9.526667	0.200	-0.428940
9.530000	0.200	-0.426014
9.533333	0.200	-0.421738
9.536667	0.200	-0.417078
9.540000	0.200	-0.413424
9.543333	0.200	-0.411814
9.546667	0.200	-0.412198
9.550000	0.200	-0.413728
9.553333	0.200	-0.415247
9.556667	0.200	-0.415137
9.560000	0.200	-0.411920
9.563333	0.200	-0.405756
9.566667	0.200	-0.398809
9.570000	0.200	-0.393805
9.573333	0.200	-0.392214
9.576667	0.200	-0.393592
9.580000	0.200	-0.396403
9.583333	0.200	-0.399506
9.586667	0.200	-0.402970
9.590000	0.200	-0.407521
9.593333	0.200	-0.413366
9.596667	0.200	-0.419679
9.600000	0.200	-0.425040
9.603333	0.200	-0.428031
9.606667	0.200	-0.427835
9.610000	0.200	-0.425175
9.613333	0.200	-0.422252
9.616667	0.200	-0.421187
9.620000	0.200	-0.422865
9.623333	0.200	-0.426809
9.626667	0.200	-0.431537
9.630000	0.200	-0.435206
9.633333	0.200	-0.436103
9.636667	0.200	-0.433052
9.640000	0.200	-0.426201
9.643333	0.200	-0.417498
9.646667	0.200	-0.409841
9.650000	0.200	-0.405161
9.653333	0.200	-0.403473
9.656667	0.200	-0.403874
9.660000	0.200	-0.405700
9.663333	0.200	-0.408427
9.666667	0.200	-0.411621
9.670000	0.200	-0.415629
9.673333	0.200	-0.421217
9.676667	0.200	-0.428251
9.680000	0.200	-0.435685
9.683333	0.200	-0.442434
9.686667	0.200	-0.447830
9.690000	0.200	-0.451784
9.693333	0.200	-0.454634
9.696667	0.200	-0.456876
9.700000	0.200	-0.458880
9.703333	0.200	-0.460589
9.706667	0.200	-0.461710
9.710000	0.200	-0.461536
9.713333	0.200	-0.458413
9.716667	0.200	-0.450995
9.720000	0.200	-0.440152
9.723333	0.200	-0.428615
9.726667	0.200	-0.419162
9.730000	0.200	-0.413378
9.733333	0.200	-0.411353
9.736667	0.200	-0.412283
9.740000	0.200	-0.415421
9.743333	0.200	-0.420334
9.746667	0.200	-0.426608
9.750000	0.200	-0.433856
9.753333	0.200	-0.441801
9.756667	0.200	-0.449861
9.760000	0.200	-0.456710
9.763333	0.200	-0.460886
9.766667	0.200	-0.462071
9.770000	0.200	-0.461279
9.773333	0.200	-0.459809
9.776667	0.200	-0.458712
9.780000	0.200	-0.458879
9.783333	0.200	-0.460542
9.786667	0.200	-0.462838
9.790000	0.200	-0.464434
9.793333	0.200	-0.464495
9.796667	0.200	-0.463160
9.800000	0.200	-0.461157
9.803333	0.200	-0.459063
9.806667	0.200	-0.457193
9.810000	0.200	-0.455802
9.813333	0.200	-0.454896
9.816667	0.200	-0.453999
9.820000	0.200	-0.452502
9.823333	0.200	-0.450353
9.826667	0.200	-0.448508
9.830000	0.200	-0.448571
9.833333	0.200	-0.451385
9.836667	0.200	-0.455858
9.840000	0.200	-0.459607
9.843333	0.200	-0.461021
9.846667	0.200	-0.460482
9.850000	0.200	-0.459776
9.853333	0.200	-0.460887
9.856667	0.200	-0.464659
9.860000	0.200	-0.469858
9.863333	0.200	-0.474060
9.866667	0.200	-0.475796
9.870000	0.200	-0.475718
9.873333	0.200	-0.475467
9.876667	0.200	-0.475706
9.880000	0.200	-0.476043
9.883333	0.200	-0.476071
9.886667	0.200	-0.475564
9.890000	0.200	-0.474457
9.893333	0.200	-0.472880
9.896667	0.200	-0.470873
9.900000	0.200	-0.468348
9.903333	0.200	-0.465443
9.906667	0.200	-0.462716
9.910000	0.200	-0.460799
9.913333	0.200	-0.459592
9.916667	0.200	-0.458075
9.920000	0.200	-0.455445
9.923333	0.200	-0.452259
9.926667	0.200	-0.450225
9.930000	0.200	-0.450962
9.933333	0.200	-0.454744
9.936667	0.200	-0.460297
9.940000	0.200	-0.465833
9.943333	0.200	-0.470147
9.946667	0.200	-0.473000
9.950000	0.200	-0.474878
9.953333	0.200	-0.476153
9.956667	0.200	-0.476613
9.960000	0.200	-0.476043
9.963333	0.200	-0.474620
9.966667	0.200	-0.472531
9.970000	0.200	-0.469880
9.973333	0.200	-0.467019
9.976667	0.200	-0.464708
9.980000	0.200	-0.463881
9.983333	0.200	-0.465005
9.986667	0.200	-0.467576
9.990000	0.200	-0.470191
9.993333	0.200	-0.471254
9.996667	0.200	-0.469972
10.000000	0.200	-0.466717
10.003333	0.200	-0.462542
10.006667	0.200	-0.458574
10.010000	0.200	-0.455934
10.013333	0.200	-0.455714
10.016667	0.200	-0.458245
10.020000	0.200	-0.462553
10.023333	0.200	-0.467142
10.026667	0.200	-0.471273
10.030000	0.200	-0.475095
10.033333	0.200	-0.478554
10.036667	0.200	-0.481003
10.040000	0.200	-0.481803
10.043333	0.200	-0.480448
10.046667	0.200	-0.476494
10.050000	0.200	-0.470315
10.053333	0.200	-0.463513
10.056667	0.200	-0.457854
10.060000	0.200	-0.454160
10.063333	0.200	-0.452458
10.066667	0.200	-0.452598
10.070000	0.200	-0.454152
10.073333	0.200	-0.456120
10.076667	0.200	-0.457444
10.080000	0.200	-0.457647
10.083333	0.200	-0.456842
10.086667	0.200	-0.455540
10.090000	0.200	-0.454495
10.093333	0.200	-0.454396
10.096667	0.200	-0.455563
10.100000	0.200	-0.457793
10.103333	0.200	-0.460557
10.106667	0.200	-0.463315
10.110000	0.200	-0.465468
10.113333	0.200	-0.466474
10.116667	0.200	-0.466211
10.120000	0.200	-0.464939
10.123333	0.200	-0.463121
10.126667	0.200	-0.461354
10.130000	0.200	-0.460003
10.133333	0.200	-0.458929
10.136667	0.200	-0.457842
10.140000	0.200	-0.456780
10.143333	0.200	-0.455928
10.146667	0.200	-0.454946
10.150000	0.200	-0.453010
10.153333	0.200	-0.449820
10.156667	0.200	-0.446074
10.160000	0.200	-0.442837
10.163333	0.200	-0.440804
10.166667	0.200	-0.440164
10.170000	0.200	-0.440775
10.173333	0.200	-0.442195
10.176667	0.200	-0.443797
10.180000	0.200	-0.445477
10.183333	0.200	-0.447982
10.186667	0.200	-0.451639
10.190000	0.200	-0.455175
10.193333	0.200	-0.456657
10.196667	0.200	-0.454975
10.200000	0.200	-0.450379
10.203333	0.200	-0.444404
10.206667	0.200	-0.439066
10.210000	0.200	-0.435588
10.213333	0.200	-0.433750
10.216667	0.200	-0.432439
10.220000	0.200	-0.430710
10.223333	0.200	-0.428176
10.226667	0.200	-0.424644
10.230000	0.200	-0.419812
10.233333	0.200	-0.413751
10.236667	0.200	-0.407489
10.240000	0.200	-0.402573
10.243333	0.200	-0.400188
10.246667	0.200	-0.400721
10.250000	0.200	-0.403663
10.253333	0.200	-0.408076
10.256667	0.200	-0.413443
10.260000	0.200	-0.419657
10.263333	0.200	-0.426089
10.266667	0.200	-0.431372
10.270000	0.200	-0.434354
10.273333	0.200	-0.435038
10.276667	0.200	-0.434445
10.280000	0.200	-0.433499
10.283333	0.200	-0.432272
10.286667	0.200	-0.430587
10.290000	0.200	-0.429036
10.293333	0.200	-0.428873
10.296667	0.200	-0.430931
10.300000	0.200	-0.434893
10.303333	0.200	-0.439419
10.306667	0.200	-0.442711
10.310000	0.200	-0.443455
10.313333	0.200	-0.441619
10.316667	0.200	-0.438348
10.320000	0.200	-0.435252
10.323333	0.200	-0.433674
10.326667	0.200	-0.434233
10.330000	0.200	-0.436984
10.333333	0.200	-0.441707
10.336667	0.200	-0.447823
10.340000	0.200	-0.454336
10.343333	0.200	-0.460073
10.346667	0.200	-0.464029
10.350000	0.200	-0.465742
10.353333	0.200	-0.465440
10.356667	0.200	-0.463821
10.360000	0.200	-0.461821
10.363333	0.200	-0.460401
10.366667	0.200	-0.460177
10.370000	0.200	-0.461225
10.373333	0.200	-0.463388
10.376667	0.200	-0.466575
10.380000	0.200	-0.470318
10.383333	0.200	-0.473379
10.386667	0.200	-0.474463
10.390000	0.200	-0.473248
10.393333	0.200	-0.470627
10.396667	0.200	-0.468254
10.400000	0.200	-0.467598
10.403333	0.200	-0.468922
10.406667	0.200	-0.471302
10.410000	0.200	-0.473830
10.413333	0.200	-0.476318
10.416667	0.200	-0.479002
10.420000	0.200	-0.482228
10.423333	0.200	-0.486105
10.426667	0.200	-0.489928
10.430000	0.200	-0.492328
10.433333	0.200	-0.492401
10.436667	0.200	-0.490587
10.440000	0.200	-0.488287
10.443333	0.200	-0.486796
10.446667	0.200	-0.486616
10.450000	0.200	-0.487681
10.453333	0.200	-0.489971
10.456667	0.200	-0.493355
10.460000	0.200	-0.496961
10.463333	0.200	-0.499333
10.466667	0.200	-0.499295
10.470000	0.200	-0.496827
10.473333	0.200	-0.493374
10.476667	0.200	-0.491029
10.480000	0.200	-0.491052
10.483333	0.200	-0.493260
10.486667	0.200	-0.496698
10.490000	0.200	-0.500607
10.493333	0.200	-0.504933
10.496667	0.200	-0.509985
10.500000	0.200	-0.515516
10.503333	0.200	-0.520341
10.506667	0.200	-0.522931
10.510000	0.200	-0.522420
10.513333	0.200	-0.519201
10.516667	0.200	-0.514487
10.520000	0.200	-0.509556
10.523333	0.200	-0.505361
10.526667	0.200	-0.502286
10.530000	0.200	-0.500177
10.533333	0.200	-0.498729
10.536667	0.200	-0.497544
10.540000	0.200	-0.496039
10.543333	0.200	-0.493823
10.546667	0.200	-0.491182
10.550000	0.200	-0.489081
10.553333	0.200	-0.488509
10.556667	0.200	-0.489705
10.560000	0.200	-0.492098
10.563333	0.200	-0.494767
10.566667	0.200	-0.496830
10.570000	0.200	-0.497864
10.573333	0.200	-0.497970
10.576667	0.200	-0.497132
10.580000	0.200	-0.495050
10.583333	0.200	-0.491865
10.586667	0.200	-0.488274
10.590000	0.200	-0.484699
10.593333	0.200	-0.480874
10.596667	0.200	-0.476462
10.600000	0.200	-0.471855
10.603333	0.200	-0.468045
10.606667	0.200	-0.465731
10.610000	0.200	-0.464603
10.613333	0.200	-0.463358
10.616667	0.200	-0.460584
10.620000	0.200	-0.455800
10.623333	0.200	-0.449492
10.626667	0.200	-0.442472
10.630000	0.200	-0.435595
10.633333	0.200	-0.429544
10.636667	0.200	-0.424422
10.640000	0.200	-0.419907
10.643333	0.200	-0.415655
10.646667	0.200	-0.411414
10.650000	0.200	-0.407263
10.653333	0.200	-0.403457
10.656667	0.200	-0.399625
10.660000	0.200	-0.394665
10.663333	0.200	-0.387705
10.666667	0.200	-0.378980
10.670000	0.200	-0.369632
10.673333	0.200	-0.360604
10.676667	0.200	-0.351682
10.680000	0.200	-0.341418
10.683333	0.200	-0.328017
10.686667	0.200	-0.310729
10.690000	0.200	-0.290397
10.693333	0.200	-0.268678
10.696667	0.200	-0.247058
10.700000	0.200	-0.226385
10.703333	0.200	-0.206895
10.706667	0.200	-0.188706
10.710000	0.200	-0.172373
10.713333	0.200	-0.158768
10.716667	0.200	-0.148228
10.720000	0.200	-0.140104
10.723333	0.200	-0.133290
10.726667	0.200	-0.126828
10.730000	0.200	-0.120302
10.733333	0.200	-0.114178
10.736667	0.200	-0.109127
10.740000	0.200	-0.105104
10.743333	0.200	-0.101806
10.746667	0.200	-0.099272
10.750000	0.200	-0.097287
10.753333	0.200	-0.094998
10.756667	0.200	-0.091710
10.760000	0.200	-0.087366
10.763333	0.200	-0.082202
10.766667	0.200	-0.076786
10.770000	0.200	-0.071973
10.773333	0.200	-0.068273
10.776667	0.200	-0.065663
10.780000	0.200	-0.063977
10.783333	0.200	-0.063112
10.786667	0.200	-0.062966
10.790000	0.200	-0.063619
10.793333	0.200	-0.065339
10.796667	0.200	-0.067722
10.800000	0.200	-0.069383
10.803333	0.200	-0.069301
10.806667	0.200	-0.067778
10.810000	0.200	-0.065446
10.813333	0.200	-0.062218
10.816667	0.200	-0.057804
10.820000	0.200	-0.052582
10.823333	0.200	-0.047694
10.826667	0.200	-0.044484
10.830000	0.200	-0.043379
10.833333	0.200	-0.043285
10.836667	0.200	-0.042660
10.840000	0.200	-0.040823
10.843333	0.200	-0.038062
10.846667	0.200	-0.035177
10.850000	0.200	-0.032765
10.853333	0.200	-0.030577
10.856667	0.200	-0.027922
10.860000	0.200	-0.024531
10.863333	0.200	-0.020701
10.866667	0.200	-0.017084
10.870000	0.200	-0.014410
10.873333	0.200	-0.013094
10.876667	0.200	-0.013089
10.880000	0.200	-0.013847
10.883333	0.200	-0.014345
10.886667	0.200	-0.013692
10.890000	0.200	-0.011817
10.893333	0.200	-0.009281
10.896667	0.200	-0.006624
10.900000	0.200	-0.004064
10.903333	0.200	-0.001531
10.906667	0.200	0.001284
10.910000	0.200	0.004633
10.913333	0.200	0.008431
10.916667	0.200	0.012550
10.920000	0.200	0.016941
10.923333	0.200	0.021073
10.926667	0.200	0.023897
10.930000	0.200	0.025016
10.933333	0.200	0.025551
10.936667	0.200	0.027111
10.940000	0.200	0.030167
10.943333	0.200	0.034050
10.946667	0.200	0.038008
10.950000	0.200	0.041601
10.953333	0.200	0.044571
10.956667	0.200	0.046969
10.960000	0.200	0.049206
10.963333	0.200	0.051654
10.966667	0.200	0.054252
10.970000	0.200	0.056607
10.973333	0.200	0.058532
10.976667	0.200	0.060353
10.980000	0.200	0.062357
10.983333	0.200	0.064307
10.986667	0.200	0.066004
10.990000	0.200	0.067590
10.993333	0.200	0.069091
10.996667	0.200	0.070474
11.000000	0.200	0.071976
