File Path	chrom://nnfcb-l0286/ChromeleonLocal/metk/20171013_HMP_C61_metk.seq/689.smp/UV_VIS_2.channel/UV_VIS_2.chm
Channel	UV_VIS_2

Injection Information:
Data Vault	ChromeleonLocal
Injection	20171013_HMP_C61_ISO_P1_GA5
Injection Number	26
Position	GA5
Comment	
Processing Method	HMP New ProcMethod
Instrument Method	HM_metode_ZorBax_0,02%_Acetic_acid_ver6
Type	Unknown
Status	Finished
Injection Date	10/13/2017
Injection Time	7:15:02 PM
Injection Volume (µl)	1.000
Dilution Factor	1.0000
Weight	1.0000

Raw Data Information:
Time Min. (min)	0.000000
Time Max. (min)	11.000000
Data Points	3301
Detector	UV
Exporting Data System	Chromeleon 7.1.3.2425
Operator	
Signal Quantity	Absorbance
Signal Unit	mAU
Signal Min.	-0.877413
Signal Max.	331.775186
Channel	UV_VIS_2
Driver Name	DAD3000.dll
Channel Type	Evaluation
Min. Step (s)	0.200
Max. Step (s)	0.200
Average Step (s)	0.200

Signal Parameter Information:
Signal Info	WVL:280 nm

Raw Data:
Time (min)	Step (s)	Value (mAU)
0.000000	0.000	0.000000
0.003333	0.200	-0.002458
0.006667	0.200	-0.017010
0.010000	0.200	-0.054688
0.013333	0.200	-0.110746
0.016667	0.200	-0.162397
0.020000	0.200	-0.187929
0.023333	0.200	-0.181746
0.026667	0.200	-0.153034
0.030000	0.200	-0.116589
0.033333	0.200	-0.084576
0.036667	0.200	-0.062629
0.040000	0.200	-0.050855
0.043333	0.200	-0.047452
0.046667	0.200	-0.050837
0.050000	0.200	-0.059451
0.053333	0.200	-0.071448
0.056667	0.200	-0.084941
0.060000	0.200	-0.098525
0.063333	0.200	-0.111829
0.066667	0.200	-0.125237
0.070000	0.200	-0.138881
0.073333	0.200	-0.152249
0.076667	0.200	-0.164778
0.080000	0.200	-0.176352
0.083333	0.200	-0.187248
0.086667	0.200	-0.197933
0.090000	0.200	-0.208784
0.093333	0.200	-0.219784
0.096667	0.200	-0.230280
0.100000	0.200	-0.239365
0.103333	0.200	-0.247124
0.106667	0.200	-0.254673
0.110000	0.200	-0.262607
0.113333	0.200	-0.270607
0.116667	0.200	-0.278435
0.120000	0.200	-0.286285
0.123333	0.200	-0.294452
0.126667	0.200	-0.303058
0.130000	0.200	-0.311998
0.133333	0.200	-0.321104
0.136667	0.200	-0.330139
0.140000	0.200	-0.338624
0.143333	0.200	-0.346217
0.146667	0.200	-0.353251
0.150000	0.200	-0.360432
0.153333	0.200	-0.368141
0.156667	0.200	-0.376298
0.160000	0.200	-0.384712
0.163333	0.200	-0.393253
0.166667	0.200	-0.401578
0.170000	0.200	-0.409059
0.173333	0.200	-0.415328
0.176667	0.200	-0.420561
0.180000	0.200	-0.424954
0.183333	0.200	-0.428397
0.186667	0.200	-0.431160
0.190000	0.200	-0.434135
0.193333	0.200	-0.437708
0.196667	0.200	-0.441583
0.200000	0.200	-0.445952
0.203333	0.200	-0.451434
0.206667	0.200	-0.458123
0.210000	0.200	-0.465755
0.213333	0.200	-0.474234
0.216667	0.200	-0.483262
0.220000	0.200	-0.491894
0.223333	0.200	-0.498972
0.226667	0.200	-0.503979
0.230000	0.200	-0.507419
0.233333	0.200	-0.510368
0.236667	0.200	-0.513727
0.240000	0.200	-0.517832
0.243333	0.200	-0.522584
0.246667	0.200	-0.527824
0.250000	0.200	-0.533489
0.253333	0.200	-0.539425
0.256667	0.200	-0.545205
0.260000	0.200	-0.550291
0.263333	0.200	-0.554441
0.266667	0.200	-0.557777
0.270000	0.200	-0.560533
0.273333	0.200	-0.563020
0.276667	0.200	-0.565585
0.280000	0.200	-0.568379
0.283333	0.200	-0.571365
0.286667	0.200	-0.574775
0.290000	0.200	-0.579124
0.293333	0.200	-0.584371
0.296667	0.200	-0.589635
0.300000	0.200	-0.593968
0.303333	0.200	-0.597059
0.306667	0.200	-0.599538
0.310000	0.200	-0.602629
0.313333	0.200	-0.606873
0.316667	0.200	-0.611448
0.320000	0.200	-0.615047
0.323333	0.200	-0.617137
0.326667	0.200	-0.618476
0.330000	0.200	-0.620473
0.333333	0.200	-0.624102
0.336667	0.200	-0.629401
0.340000	0.200	-0.635484
0.343333	0.200	-0.641009
0.346667	0.200	-0.645089
0.350000	0.200	-0.647825
0.353333	0.200	-0.650037
0.356667	0.200	-0.652514
0.360000	0.200	-0.655564
0.363333	0.200	-0.659226
0.366667	0.200	-0.663339
0.370000	0.200	-0.667509
0.373333	0.200	-0.671596
0.376667	0.200	-0.675748
0.380000	0.200	-0.679691
0.383333	0.200	-0.682762
0.386667	0.200	-0.684532
0.390000	0.200	-0.685075
0.393333	0.200	-0.685046
0.396667	0.200	-0.685422
0.400000	0.200	-0.686979
0.403333	0.200	-0.690112
0.406667	0.200	-0.694592
0.410000	0.200	-0.699308
0.413333	0.200	-0.702876
0.416667	0.200	-0.704587
0.420000	0.200	-0.704776
0.423333	0.200	-0.704524
0.426667	0.200	-0.704710
0.430000	0.200	-0.705325
0.433333	0.200	-0.706064
0.436667	0.200	-0.707119
0.440000	0.200	-0.708825
0.443333	0.200	-0.711190
0.446667	0.200	-0.714120
0.450000	0.200	-0.717421
0.453333	0.200	-0.720638
0.456667	0.200	-0.723457
0.460000	0.200	-0.726115
0.463333	0.200	-0.729106
0.466667	0.200	-0.732586
0.470000	0.200	-0.736043
0.473333	0.200	-0.738537
0.476667	0.200	-0.739729
0.480000	0.200	-0.740380
0.483333	0.200	-0.741298
0.486667	0.200	-0.742594
0.490000	0.200	-0.744260
0.493333	0.200	-0.746334
0.496667	0.200	-0.748422
0.500000	0.200	-0.749987
0.503333	0.200	-0.751072
0.506667	0.200	-0.752335
0.510000	0.200	-0.754571
0.513333	0.200	-0.758209
0.516667	0.200	-0.762918
0.520000	0.200	-0.767557
0.523333	0.200	-0.770709
0.526667	0.200	-0.771655
0.530000	0.200	-0.770744
0.533333	0.200	-0.768820
0.536667	0.200	-0.766739
0.540000	0.200	-0.765256
0.543333	0.200	-0.765043
0.546667	0.200	-0.766594
0.550000	0.200	-0.769761
0.553333	0.200	-0.773701
0.556667	0.200	-0.777567
0.560000	0.200	-0.780858
0.563333	0.200	-0.783379
0.566667	0.200	-0.785425
0.570000	0.200	-0.787356
0.573333	0.200	-0.788859
0.576667	0.200	-0.789551
0.580000	0.200	-0.789938
0.583333	0.200	-0.791001
0.586667	0.200	-0.793288
0.590000	0.200	-0.796567
0.593333	0.200	-0.799826
0.596667	0.200	-0.801853
0.600000	0.200	-0.802166
0.603333	0.200	-0.801060
0.606667	0.200	-0.798990
0.610000	0.200	-0.796470
0.613333	0.200	-0.794408
0.616667	0.200	-0.793853
0.620000	0.200	-0.795183
0.623333	0.200	-0.797968
0.626667	0.200	-0.801724
0.630000	0.200	-0.806226
0.633333	0.200	-0.810866
0.636667	0.200	-0.814486
0.640000	0.200	-0.816357
0.643333	0.200	-0.816677
0.646667	0.200	-0.815927
0.650000	0.200	-0.814696
0.653333	0.200	-0.814101
0.656667	0.200	-0.815243
0.660000	0.200	-0.818111
0.663333	0.200	-0.821640
0.666667	0.200	-0.824728
0.670000	0.200	-0.826834
0.673333	0.200	-0.828048
0.676667	0.200	-0.828955
0.680000	0.200	-0.830076
0.683333	0.200	-0.831406
0.686667	0.200	-0.832789
0.690000	0.200	-0.834373
0.693333	0.200	-0.836276
0.696667	0.200	-0.838137
0.700000	0.200	-0.839486
0.703333	0.200	-0.840356
0.706667	0.200	-0.841044
0.710000	0.200	-0.841663
0.713333	0.200	-0.842222
0.716667	0.200	-0.842628
0.720000	0.200	-0.842546
0.723333	0.200	-0.841823
0.726667	0.200	-0.840809
0.730000	0.200	-0.839832
0.733333	0.200	-0.838882
0.736667	0.200	-0.838142
0.740000	0.200	-0.838179
0.743333	0.200	-0.839208
0.746667	0.200	-0.840577
0.750000	0.200	-0.841481
0.753333	0.200	-0.841994
0.756667	0.200	-0.842876
0.760000	0.200	-0.844593
0.763333	0.200	-0.846634
0.766667	0.200	-0.847705
0.770000	0.200	-0.846936
0.773333	0.200	-0.844796
0.776667	0.200	-0.842624
0.780000	0.200	-0.841492
0.783333	0.200	-0.841652
0.786667	0.200	-0.842822
0.790000	0.200	-0.844394
0.793333	0.200	-0.845768
0.796667	0.200	-0.847038
0.800000	0.200	-0.848561
0.803333	0.200	-0.849992
0.806667	0.200	-0.850649
0.810000	0.200	-0.850347
0.813333	0.200	-0.849408
0.816667	0.200	-0.848322
0.820000	0.200	-0.847595
0.823333	0.200	-0.847679
0.826667	0.200	-0.848902
0.830000	0.200	-0.851481
0.833333	0.200	-0.855444
0.836667	0.200	-0.860436
0.840000	0.200	-0.865815
0.843333	0.200	-0.870906
0.846667	0.200	-0.874992
0.850000	0.200	-0.877413
0.853333	0.200	-0.877392
0.856667	0.200	-0.872976
0.860000	0.200	-0.860266
0.863333	0.200	-0.834042
0.866667	0.200	-0.789586
0.870000	0.200	-0.724510
0.873333	0.200	-0.638941
0.876667	0.200	-0.533686
0.880000	0.200	-0.408037
0.883333	0.200	-0.258157
0.886667	0.200	-0.074214
0.890000	0.200	0.167400
0.893333	0.200	0.517497
0.896667	0.200	1.061548
0.900000	0.200	1.901611
0.903333	0.200	3.112163
0.906667	0.200	4.700818
0.910000	0.200	6.605609
0.913333	0.200	8.720199
0.916667	0.200	10.907298
0.920000	0.200	12.991920
0.923333	0.200	14.789684
0.926667	0.200	16.211951
0.930000	0.200	17.369687
0.933333	0.200	18.532592
0.936667	0.200	19.915362
0.940000	0.200	21.442078
0.943333	0.200	22.695809
0.946667	0.200	23.125108
0.950000	0.200	22.358055
0.953333	0.200	20.393203
0.956667	0.200	17.569273
0.960000	0.200	14.388690
0.963333	0.200	11.326780
0.966667	0.200	8.712479
0.970000	0.200	6.697361
0.973333	0.200	5.286404
0.976667	0.200	4.394450
0.980000	0.200	3.900833
0.983333	0.200	3.686658
0.986667	0.200	3.651826
0.990000	0.200	3.718146
0.993333	0.200	3.827260
0.996667	0.200	3.938770
1.000000	0.200	4.029315
1.003333	0.200	4.090855
1.006667	0.200	4.126627
1.010000	0.200	4.145027
1.013333	0.200	4.154053
1.016667	0.200	4.158937
1.020000	0.200	4.162101
1.023333	0.200	4.162545
1.026667	0.200	4.154039
1.030000	0.200	4.124428
1.033333	0.200	4.058821
1.036667	0.200	3.946746
1.040000	0.200	3.788834
1.043333	0.200	3.598482
1.046667	0.200	3.398492
1.050000	0.200	3.215448
1.053333	0.200	3.073724
1.056667	0.200	2.990768
1.060000	0.200	2.976019
1.063333	0.200	3.033769
1.066667	0.200	3.168023
1.070000	0.200	3.387652
1.073333	0.200	3.710221
1.076667	0.200	4.162692
1.080000	0.200	4.776791
1.083333	0.200	5.576424
1.086667	0.200	6.558305
1.090000	0.200	7.674234
1.093333	0.200	8.826393
1.096667	0.200	9.882513
1.100000	0.200	10.710290
1.103333	0.200	11.222753
1.106667	0.200	11.420636
1.110000	0.200	11.417407
1.113333	0.200	11.436017
1.116667	0.200	11.771084
1.120000	0.200	12.716575
1.123333	0.200	14.470013
1.126667	0.200	17.039153
1.130000	0.200	20.188577
1.133333	0.200	23.461015
1.136667	0.200	26.282437
1.140000	0.200	28.120281
1.143333	0.200	28.635234
1.146667	0.200	27.768006
1.150000	0.200	25.736180
1.153333	0.200	22.959252
1.156667	0.200	19.952470
1.160000	0.200	17.224935
1.163333	0.200	15.197253
1.166667	0.200	14.137141
1.170000	0.200	14.110974
1.173333	0.200	14.960937
1.176667	0.200	16.326973
1.180000	0.200	17.726806
1.183333	0.200	18.681592
1.186667	0.200	18.845987
1.190000	0.200	18.094131
1.193333	0.200	16.533286
1.196667	0.200	14.450451
1.200000	0.200	12.224217
1.203333	0.200	10.238693
1.206667	0.200	8.819913
1.210000	0.200	8.194682
1.213333	0.200	8.461066
1.216667	0.200	9.563998
1.220000	0.200	11.284900
1.223333	0.200	13.264060
1.226667	0.200	15.067362
1.230000	0.200	16.287833
1.233333	0.200	16.649639
1.236667	0.200	16.074879
1.240000	0.200	14.688168
1.243333	0.200	12.761513
1.246667	0.200	10.626987
1.250000	0.200	8.592378
1.253333	0.200	6.884241
1.256667	0.200	5.626925
1.260000	0.200	4.855565
1.263333	0.200	4.558948
1.266667	0.200	4.744925
1.270000	0.200	5.506084
1.273333	0.200	7.057227
1.276667	0.200	9.730419
1.280000	0.200	13.905814
1.283333	0.200	19.832160
1.286667	0.200	27.347603
1.290000	0.200	35.655169
1.293333	0.200	43.371851
1.296667	0.200	48.929973
1.300000	0.200	51.154878
1.303333	0.200	49.699129
1.306667	0.200	45.108758
1.310000	0.200	38.535842
1.313333	0.200	31.294080
1.316667	0.200	24.476166
1.320000	0.200	18.755205
1.323333	0.200	14.374684
1.326667	0.200	11.258800
1.330000	0.200	9.160803
1.333333	0.200	7.789913
1.336667	0.200	6.890948
1.340000	0.200	6.277333
1.343333	0.200	5.831773
1.346667	0.200	5.490802
1.350000	0.200	5.225286
1.353333	0.200	5.024048
1.356667	0.200	4.882995
1.360000	0.200	4.798995
1.363333	0.200	4.767527
1.366667	0.200	4.782868
1.370000	0.200	4.838676
1.373333	0.200	4.927890
1.376667	0.200	5.042754
1.380000	0.200	5.175340
1.383333	0.200	5.317362
1.386667	0.200	5.459404
1.390000	0.200	5.591038
1.393333	0.200	5.701745
1.396667	0.200	5.781936
1.400000	0.200	5.823828
1.403333	0.200	5.822026
1.406667	0.200	5.774293
1.410000	0.200	5.682184
1.413333	0.200	5.550530
1.416667	0.200	5.386017
1.420000	0.200	5.196361
1.423333	0.200	4.990401
1.426667	0.200	4.778278
1.430000	0.200	4.571226
1.433333	0.200	4.381185
1.436667	0.200	4.220526
1.440000	0.200	4.102282
1.443333	0.200	4.041306
1.446667	0.200	4.055930
1.450000	0.200	4.168776
1.453333	0.200	4.406372
1.456667	0.200	4.797720
1.460000	0.200	5.370889
1.463333	0.200	6.147330
1.466667	0.200	7.135047
1.470000	0.200	8.322151
1.473333	0.200	9.672950
1.476667	0.200	11.128413
1.480000	0.200	12.611148
1.483333	0.200	14.033900
1.486667	0.200	15.309727
1.490000	0.200	16.361942
1.493333	0.200	17.132231
1.496667	0.200	17.585661
1.500000	0.200	17.711797
1.503333	0.200	17.522190
1.506667	0.200	17.046122
1.510000	0.200	16.326264
1.513333	0.200	15.414606
1.516667	0.200	14.368447
1.520000	0.200	13.245897
1.523333	0.200	12.101209
1.526667	0.200	10.981082
1.530000	0.200	9.922687
1.533333	0.200	8.953235
1.536667	0.200	8.090155
1.540000	0.200	7.341666
1.543333	0.200	6.708243
1.546667	0.200	6.184666
1.550000	0.200	5.761711
1.553333	0.200	5.427208
1.556667	0.200	5.166806
1.560000	0.200	4.964708
1.563333	0.200	4.804448
1.566667	0.200	4.669428
1.570000	0.200	4.543235
1.573333	0.200	4.410513
1.576667	0.200	4.258677
1.580000	0.200	4.079310
1.583333	0.200	3.868445
1.586667	0.200	3.626576
1.590000	0.200	3.358113
1.593333	0.200	3.069801
1.596667	0.200	2.769735
1.600000	0.200	2.467158
1.603333	0.200	2.171529
1.606667	0.200	1.891408
1.610000	0.200	1.633892
1.613333	0.200	1.403820
1.616667	0.200	1.203222
1.620000	0.200	1.032157
1.623333	0.200	0.889908
1.626667	0.200	0.775111
1.630000	0.200	0.685209
1.633333	0.200	0.616527
1.636667	0.200	0.565608
1.640000	0.200	0.530164
1.643333	0.200	0.508300
1.646667	0.200	0.497586
1.650000	0.200	0.495029
1.653333	0.200	0.497669
1.656667	0.200	0.503292
1.660000	0.200	0.510300
1.663333	0.200	0.517411
1.666667	0.200	0.524104
1.670000	0.200	0.530494
1.673333	0.200	0.536608
1.676667	0.200	0.542361
1.680000	0.200	0.548248
1.683333	0.200	0.556060
1.686667	0.200	0.568852
1.690000	0.200	0.590241
1.693333	0.200	0.624057
1.696667	0.200	0.674605
1.700000	0.200	0.747027
1.703333	0.200	0.847160
1.706667	0.200	0.980649
1.710000	0.200	1.151864
1.713333	0.200	1.363203
1.716667	0.200	1.614620
1.720000	0.200	1.903718
1.723333	0.200	2.226356
1.726667	0.200	2.576368
1.730000	0.200	2.944485
1.733333	0.200	3.318282
1.736667	0.200	3.683592
1.740000	0.200	4.026307
1.743333	0.200	4.333566
1.746667	0.200	4.594383
1.750000	0.200	4.799949
1.753333	0.200	4.943703
1.756667	0.200	5.021848
1.760000	0.200	5.034454
1.763333	0.200	4.985880
1.766667	0.200	4.883848
1.770000	0.200	4.738162
1.773333	0.200	4.559688
1.776667	0.200	4.359333
1.780000	0.200	4.146985
1.783333	0.200	3.930751
1.786667	0.200	3.716731
1.790000	0.200	3.509270
1.793333	0.200	3.311532
1.796667	0.200	3.126010
1.800000	0.200	2.954585
1.803333	0.200	2.798749
1.806667	0.200	2.660116
1.810000	0.200	2.540378
1.813333	0.200	2.440852
1.816667	0.200	2.361850
1.820000	0.200	2.301718
1.823333	0.200	2.256536
1.826667	0.200	2.220923
1.830000	0.200	2.188528
1.833333	0.200	2.152242
1.836667	0.200	2.105629
1.840000	0.200	2.045398
1.843333	0.200	1.973131
1.846667	0.200	1.895247
1.850000	0.200	1.821962
1.853333	0.200	1.766197
1.856667	0.200	1.742375
1.860000	0.200	1.764860
1.863333	0.200	1.846336
1.866667	0.200	1.996078
1.870000	0.200	2.217672
1.873333	0.200	2.506636
1.876667	0.200	2.848909
1.880000	0.200	3.221106
1.883333	0.200	3.592845
1.886667	0.200	3.930186
1.890000	0.200	4.199555
1.893333	0.200	4.372410
1.896667	0.200	4.429465
1.900000	0.200	4.362843
1.903333	0.200	4.176353
1.906667	0.200	3.884721
1.910000	0.200	3.511437
1.913333	0.200	3.085049
1.916667	0.200	2.634987
1.920000	0.200	2.187992
1.923333	0.200	1.765493
1.926667	0.200	1.382274
1.930000	0.200	1.046564
1.933333	0.200	0.761019
1.936667	0.200	0.524268
1.940000	0.200	0.332700
1.943333	0.200	0.181749
1.946667	0.200	0.066434
1.950000	0.200	-0.018253
1.953333	0.200	-0.076458
1.956667	0.200	-0.109785
1.960000	0.200	-0.115593
1.963333	0.200	-0.085928
1.966667	0.200	-0.005826
1.970000	0.200	0.150278
1.973333	0.200	0.423058
1.976667	0.200	0.872293
1.980000	0.200	1.580340
1.983333	0.200	2.654456
1.986667	0.200	4.224608
1.990000	0.200	6.434060
1.993333	0.200	9.423121
1.996667	0.200	13.306878
2.000000	0.200	18.147822
2.003333	0.200	23.927496
2.006667	0.200	30.523834
2.010000	0.200	37.700520
2.013333	0.200	45.113680
2.016667	0.200	52.338318
2.020000	0.200	58.911766
2.023333	0.200	64.387655
2.026667	0.200	68.391146
2.030000	0.200	70.664699
2.033333	0.200	71.096232
2.036667	0.200	69.726102
2.040000	0.200	66.733393
2.043333	0.200	62.405053
2.046667	0.200	57.094436
2.050000	0.200	51.177414
2.053333	0.200	45.013230
2.056667	0.200	38.914609
2.060000	0.200	33.128997
2.063333	0.200	27.830552
2.066667	0.200	23.121363
2.070000	0.200	19.040132
2.073333	0.200	15.575780
2.076667	0.200	12.683035
2.080000	0.200	10.297147
2.083333	0.200	8.345653
2.086667	0.200	6.757049
2.090000	0.200	5.466484
2.093333	0.200	4.417931
2.096667	0.200	3.564204
2.100000	0.200	2.866758
2.103333	0.200	2.295267
2.106667	0.200	1.826298
2.110000	0.200	1.441262
2.113333	0.200	1.124723
2.116667	0.200	0.863927
2.120000	0.200	0.648702
2.123333	0.200	0.470892
2.126667	0.200	0.324150
2.130000	0.200	0.203891
2.133333	0.200	0.106334
2.136667	0.200	0.027476
2.140000	0.200	-0.036982
2.143333	0.200	-0.090836
2.146667	0.200	-0.136300
2.150000	0.200	-0.173856
2.153333	0.200	-0.203207
2.156667	0.200	-0.224180
2.160000	0.200	-0.237185
2.163333	0.200	-0.243488
2.166667	0.200	-0.244957
2.170000	0.200	-0.243104
2.173333	0.200	-0.238676
2.176667	0.200	-0.232309
2.180000	0.200	-0.224709
2.183333	0.200	-0.215854
2.186667	0.200	-0.205148
2.190000	0.200	-0.192824
2.193333	0.200	-0.180216
2.196667	0.200	-0.168465
2.200000	0.200	-0.157746
2.203333	0.200	-0.147477
2.206667	0.200	-0.136676
2.210000	0.200	-0.123951
2.213333	0.200	-0.106911
2.216667	0.200	-0.081453
2.220000	0.200	-0.041515
2.223333	0.200	0.021391
2.226667	0.200	0.119909
2.230000	0.200	0.273622
2.233333	0.200	0.511596
2.236667	0.200	0.872920
2.240000	0.200	1.402136
2.243333	0.200	2.136833
2.246667	0.200	3.089938
2.250000	0.200	4.233263
2.253333	0.200	5.487205
2.256667	0.200	6.719662
2.260000	0.200	7.760134
2.263333	0.200	8.435172
2.266667	0.200	8.619251
2.270000	0.200	8.278589
2.273333	0.200	7.484403
2.276667	0.200	6.389623
2.280000	0.200	5.182617
2.283333	0.200	4.039255
2.286667	0.200	3.090367
2.290000	0.200	2.410394
2.293333	0.200	2.023376
2.296667	0.200	1.918776
2.300000	0.200	2.069179
2.303333	0.200	2.443509
2.306667	0.200	3.013614
2.310000	0.200	3.755890
2.313333	0.200	4.649949
2.316667	0.200	5.675200
2.320000	0.200	6.807540
2.323333	0.200	8.018493
2.326667	0.200	9.276108
2.330000	0.200	10.545838
2.333333	0.200	11.791636
2.336667	0.200	12.978073
2.340000	0.200	14.072906
2.343333	0.200	15.049037
2.346667	0.200	15.884943
2.350000	0.200	16.564289
2.353333	0.200	17.076776
2.356667	0.200	17.418954
2.360000	0.200	17.593191
2.363333	0.200	17.606731
2.366667	0.200	17.471401
2.370000	0.200	17.202523
2.373333	0.200	16.817836
2.376667	0.200	16.336704
2.380000	0.200	15.778668
2.383333	0.200	15.162326
2.386667	0.200	14.505159
2.390000	0.200	13.823507
2.393333	0.200	13.132527
2.396667	0.200	12.445958
2.400000	0.200	11.775507
2.403333	0.200	11.130486
2.406667	0.200	10.517798
2.410000	0.200	9.942049
2.413333	0.200	9.406644
2.416667	0.200	8.915185
2.420000	0.200	8.471313
2.423333	0.200	8.077660
2.426667	0.200	7.735251
2.430000	0.200	7.443545
2.433333	0.200	7.201264
2.436667	0.200	7.007124
2.440000	0.200	6.859824
2.443333	0.200	6.757978
2.446667	0.200	6.700033
2.450000	0.200	6.684064
2.453333	0.200	6.708243
2.456667	0.200	6.772062
2.460000	0.200	6.876871
2.463333	0.200	7.024974
2.466667	0.200	7.218565
2.470000	0.200	7.459731
2.473333	0.200	7.751123
2.476667	0.200	8.096225
2.480000	0.200	8.498946
2.483333	0.200	8.962649
2.486667	0.200	9.489049
2.490000	0.200	10.077597
2.493333	0.200	10.724976
2.496667	0.200	11.424389
2.500000	0.200	12.165052
2.503333	0.200	12.931794
2.506667	0.200	13.704953
2.510000	0.200	14.461159
2.513333	0.200	15.174429
2.516667	0.200	15.816951
2.520000	0.200	16.360309
2.523333	0.200	16.777623
2.526667	0.200	17.045604
2.530000	0.200	17.145847
2.533333	0.200	17.066154
2.536667	0.200	16.802050
2.540000	0.200	16.357304
2.543333	0.200	15.742933
2.546667	0.200	14.976087
2.550000	0.200	14.079891
2.553333	0.200	13.082937
2.556667	0.200	12.017803
2.560000	0.200	10.918939
2.563333	0.200	9.819747
2.566667	0.200	8.750471
2.570000	0.200	7.737483
2.573333	0.200	6.802059
2.576667	0.200	5.958894
2.580000	0.200	5.215798
2.583333	0.200	4.574172
2.586667	0.200	4.029828
2.590000	0.200	3.574376
2.593333	0.200	3.197115
2.596667	0.200	2.886342
2.600000	0.200	2.629733
2.603333	0.200	2.415073
2.606667	0.200	2.231778
2.610000	0.200	2.071904
2.613333	0.200	1.929669
2.616667	0.200	1.800642
2.620000	0.200	1.681843
2.623333	0.200	1.571886
2.626667	0.200	1.470166
2.630000	0.200	1.376138
2.633333	0.200	1.289357
2.636667	0.200	1.209632
2.640000	0.200	1.136885
2.643333	0.200	1.071211
2.646667	0.200	1.013128
2.650000	0.200	0.963395
2.653333	0.200	0.922525
2.656667	0.200	0.890416
2.660000	0.200	0.866158
2.663333	0.200	0.848319
2.666667	0.200	0.835437
2.670000	0.200	0.826276
2.673333	0.200	0.819852
2.676667	0.200	0.814888
2.680000	0.200	0.809562
2.683333	0.200	0.802306
2.686667	0.200	0.792114
2.690000	0.200	0.778029
2.693333	0.200	0.759282
2.696667	0.200	0.735797
2.700000	0.200	0.708118
2.703333	0.200	0.677138
2.706667	0.200	0.644204
2.710000	0.200	0.611512
2.713333	0.200	0.582285
2.716667	0.200	0.560479
2.720000	0.200	0.549769
2.723333	0.200	0.552119
2.726667	0.200	0.567305
2.730000	0.200	0.593270
2.733333	0.200	0.626208
2.736667	0.200	0.661078
2.740000	0.200	0.692857
2.743333	0.200	0.717205
2.746667	0.200	0.730396
2.750000	0.200	0.729692
2.753333	0.200	0.714109
2.756667	0.200	0.684506
2.760000	0.200	0.643261
2.763333	0.200	0.594175
2.766667	0.200	0.541820
2.770000	0.200	0.490254
2.773333	0.200	0.442181
2.776667	0.200	0.398956
2.780000	0.200	0.360954
2.783333	0.200	0.327898
2.786667	0.200	0.299023
2.790000	0.200	0.273456
2.793333	0.200	0.250747
2.796667	0.200	0.230638
2.800000	0.200	0.212391
2.803333	0.200	0.194750
2.806667	0.200	0.176338
2.810000	0.200	0.156028
2.813333	0.200	0.133280
2.816667	0.200	0.108284
2.820000	0.200	0.081625
2.823333	0.200	0.053657
2.826667	0.200	0.024201
2.830000	0.200	-0.006977
2.833333	0.200	-0.039354
2.836667	0.200	-0.071277
2.840000	0.200	-0.100473
2.843333	0.200	-0.125550
2.846667	0.200	-0.146875
2.850000	0.200	-0.165239
2.853333	0.200	-0.180517
2.856667	0.200	-0.191995
2.860000	0.200	-0.198685
2.863333	0.200	-0.199334
2.866667	0.200	-0.192672
2.870000	0.200	-0.177550
2.873333	0.200	-0.153068
2.876667	0.200	-0.118639
2.880000	0.200	-0.074061
2.883333	0.200	-0.019811
2.886667	0.200	0.042908
2.890000	0.200	0.112310
2.893333	0.200	0.185729
2.896667	0.200	0.259247
2.900000	0.200	0.327937
2.903333	0.200	0.386659
2.906667	0.200	0.431045
2.910000	0.200	0.458327
2.913333	0.200	0.467849
2.916667	0.200	0.461027
2.920000	0.200	0.440924
2.923333	0.200	0.412088
2.926667	0.200	0.379950
2.930000	0.200	0.349181
2.933333	0.200	0.322438
2.936667	0.200	0.300484
2.940000	0.200	0.282740
2.943333	0.200	0.267797
2.946667	0.200	0.254106
2.950000	0.200	0.240432
2.953333	0.200	0.226090
2.956667	0.200	0.211127
2.960000	0.200	0.195766
2.963333	0.200	0.179644
2.966667	0.200	0.162169
2.970000	0.200	0.143318
2.973333	0.200	0.123688
2.976667	0.200	0.104451
2.980000	0.200	0.087664
2.983333	0.200	0.075989
2.986667	0.200	0.071847
2.990000	0.200	0.077096
2.993333	0.200	0.092926
2.996667	0.200	0.119525
3.000000	0.200	0.156034
3.003333	0.200	0.200482
3.006667	0.200	0.249446
3.010000	0.200	0.298273
3.013333	0.200	0.341840
3.016667	0.200	0.375586
3.020000	0.200	0.396726
3.023333	0.200	0.404464
3.026667	0.200	0.399269
3.030000	0.200	0.382788
3.033333	0.200	0.358139
3.036667	0.200	0.329083
3.040000	0.200	0.298433
3.043333	0.200	0.267571
3.046667	0.200	0.237175
3.050000	0.200	0.207593
3.053333	0.200	0.178535
3.056667	0.200	0.149264
3.060000	0.200	0.119615
3.063333	0.200	0.090545
3.066667	0.200	0.063571
3.070000	0.200	0.040271
3.073333	0.200	0.022002
3.076667	0.200	0.009304
3.080000	0.200	0.002182
3.083333	0.200	0.000988
3.086667	0.200	0.006176
3.090000	0.200	0.017691
3.093333	0.200	0.034652
3.096667	0.200	0.055014
3.100000	0.200	0.076031
3.103333	0.200	0.095425
3.106667	0.200	0.112093
3.110000	0.200	0.126095
3.113333	0.200	0.138409
3.116667	0.200	0.150557
3.120000	0.200	0.164060
3.123333	0.200	0.180136
3.126667	0.200	0.199520
3.130000	0.200	0.222261
3.133333	0.200	0.248047
3.136667	0.200	0.276664
3.140000	0.200	0.308134
3.143333	0.200	0.342821
3.146667	0.200	0.381058
3.150000	0.200	0.422027
3.153333	0.200	0.463262
3.156667	0.200	0.501389
3.160000	0.200	0.532735
3.163333	0.200	0.553443
3.166667	0.200	0.560109
3.170000	0.200	0.550848
3.173333	0.200	0.525982
3.176667	0.200	0.487749
3.180000	0.200	0.439249
3.183333	0.200	0.384106
3.186667	0.200	0.326828
3.190000	0.200	0.272122
3.193333	0.200	0.223151
3.196667	0.200	0.180593
3.200000	0.200	0.143454
3.203333	0.200	0.110723
3.206667	0.200	0.082252
3.210000	0.200	0.058289
3.213333	0.200	0.038639
3.216667	0.200	0.022748
3.220000	0.200	0.010345
3.223333	0.200	0.001184
3.226667	0.200	-0.005535
3.230000	0.200	-0.010780
3.233333	0.200	-0.015245
3.236667	0.200	-0.019288
3.240000	0.200	-0.022548
3.243333	0.200	-0.024056
3.246667	0.200	-0.023056
3.250000	0.200	-0.019065
3.253333	0.200	-0.011369
3.256667	0.200	0.001155
3.260000	0.200	0.020066
3.263333	0.200	0.046909
3.266667	0.200	0.082184
3.270000	0.200	0.124757
3.273333	0.200	0.172231
3.276667	0.200	0.221789
3.280000	0.200	0.270682
3.283333	0.200	0.316110
3.286667	0.200	0.355234
3.290000	0.200	0.385871
3.293333	0.200	0.407224
3.296667	0.200	0.419699
3.300000	0.200	0.424042
3.303333	0.200	0.420936
3.306667	0.200	0.411296
3.310000	0.200	0.396276
3.313333	0.200	0.376731
3.316667	0.200	0.353296
3.320000	0.200	0.327321
3.323333	0.200	0.301390
3.326667	0.200	0.278492
3.330000	0.200	0.260741
3.333333	0.200	0.249290
3.336667	0.200	0.245536
3.340000	0.200	0.251379
3.343333	0.200	0.267969
3.346667	0.200	0.295532
3.350000	0.200	0.335649
3.353333	0.200	0.396699
3.356667	0.200	0.507087
3.360000	0.200	0.743196
3.363333	0.200	1.278176
3.366667	0.200	2.454225
3.370000	0.200	4.867833
3.373333	0.200	9.432931
3.376667	0.200	17.366196
3.380000	0.200	30.042286
3.383333	0.200	48.705726
3.386667	0.200	74.093369
3.390000	0.200	106.080970
3.393333	0.200	143.477786
3.396667	0.200	184.050665
3.400000	0.200	224.792682
3.403333	0.200	262.383451
3.406667	0.200	293.730415
3.410000	0.200	316.454981
3.413333	0.200	329.210376
3.416667	0.200	331.775186
3.420000	0.200	324.932239
3.423333	0.200	310.196122
3.426667	0.200	289.478020
3.430000	0.200	264.771127
3.433333	0.200	237.913005
3.436667	0.200	210.445236
3.440000	0.200	183.560493
3.443333	0.200	158.112082
3.446667	0.200	134.658306
3.450000	0.200	113.518941
3.453333	0.200	94.829578
3.456667	0.200	78.588221
3.460000	0.200	64.693350
3.463333	0.200	52.974033
3.466667	0.200	43.214245
3.470000	0.200	35.174235
3.473333	0.200	28.609277
3.476667	0.200	23.284465
3.480000	0.200	18.985038
3.483333	0.200	15.522485
3.486667	0.200	12.736873
3.490000	0.200	10.496370
3.493333	0.200	8.694594
3.496667	0.200	7.246690
3.500000	0.200	6.085249
3.503333	0.200	5.156368
3.506667	0.200	4.416229
3.510000	0.200	3.828666
3.513333	0.200	3.363272
3.516667	0.200	2.993939
3.520000	0.200	2.698530
3.523333	0.200	2.459473
3.526667	0.200	2.263670
3.530000	0.200	2.101392
3.533333	0.200	1.965388
3.536667	0.200	1.850503
3.540000	0.200	1.753306
3.543333	0.200	1.671730
3.546667	0.200	1.604771
3.550000	0.200	1.552041
3.553333	0.200	1.513475
3.556667	0.200	1.489571
3.560000	0.200	1.481540
3.563333	0.200	1.491047
3.566667	0.200	1.519767
3.570000	0.200	1.569089
3.573333	0.200	1.640058
3.576667	0.200	1.732996
3.580000	0.200	1.846997
3.583333	0.200	1.979636
3.586667	0.200	2.126222
3.590000	0.200	2.279027
3.593333	0.200	2.427482
3.596667	0.200	2.559161
3.600000	0.200	2.661406
3.603333	0.200	2.723380
3.606667	0.200	2.737530
3.610000	0.200	2.700201
3.613333	0.200	2.611802
3.616667	0.200	2.476664
3.620000	0.200	2.302755
3.623333	0.200	2.101021
3.626667	0.200	1.883925
3.630000	0.200	1.663678
3.633333	0.200	1.450873
3.636667	0.200	1.253347
3.640000	0.200	1.075638
3.643333	0.200	0.919764
3.646667	0.200	0.786526
3.650000	0.200	0.675753
3.653333	0.200	0.585572
3.656667	0.200	0.512604
3.660000	0.200	0.453611
3.663333	0.200	0.406357
3.666667	0.200	0.369013
3.670000	0.200	0.339780
3.673333	0.200	0.317088
3.676667	0.200	0.299526
3.680000	0.200	0.285658
3.683333	0.200	0.274033
3.686667	0.200	0.263385
3.690000	0.200	0.253061
3.693333	0.200	0.242980
3.696667	0.200	0.233174
3.700000	0.200	0.223745
3.703333	0.200	0.215125
3.706667	0.200	0.208018
3.710000	0.200	0.202956
3.713333	0.200	0.199934
3.716667	0.200	0.198454
3.720000	0.200	0.197701
3.723333	0.200	0.196792
3.726667	0.200	0.195477
3.730000	0.200	0.194337
3.733333	0.200	0.193605
3.736667	0.200	0.192389
3.740000	0.200	0.189478
3.743333	0.200	0.184218
3.746667	0.200	0.176438
3.750000	0.200	0.166232
3.753333	0.200	0.154150
3.756667	0.200	0.141184
3.760000	0.200	0.128376
3.763333	0.200	0.116674
3.766667	0.200	0.106860
3.770000	0.200	0.099211
3.773333	0.200	0.093251
3.776667	0.200	0.087895
3.780000	0.200	0.082089
3.783333	0.200	0.075665
3.786667	0.200	0.069547
3.790000	0.200	0.064739
3.793333	0.200	0.060993
3.796667	0.200	0.056878
3.800000	0.200	0.051298
3.803333	0.200	0.044490
3.806667	0.200	0.037901
3.810000	0.200	0.033961
3.813333	0.200	0.035984
3.816667	0.200	0.048061
3.820000	0.200	0.075498
3.823333	0.200	0.125407
3.826667	0.200	0.206441
3.830000	0.200	0.328292
3.833333	0.200	0.501546
3.836667	0.200	0.737395
3.840000	0.200	1.046850
3.843333	0.200	1.439307
3.846667	0.200	1.920728
3.850000	0.200	2.491519
3.853333	0.200	3.143592
3.856667	0.200	3.857839
3.860000	0.200	4.604479
3.863333	0.200	5.346353
3.866667	0.200	6.042909
3.870000	0.200	6.653597
3.873333	0.200	7.141071
3.876667	0.200	7.474407
3.880000	0.200	7.632477
3.883333	0.200	7.607239
3.886667	0.200	7.405187
3.890000	0.200	7.045700
3.893333	0.200	6.557480
3.896667	0.200	5.974987
3.900000	0.200	5.335242
3.903333	0.200	4.674237
3.906667	0.200	4.023521
3.910000	0.200	3.408210
3.913333	0.200	2.846365
3.916667	0.200	2.349144
3.920000	0.200	1.921309
3.923333	0.200	1.562081
3.926667	0.200	1.266702
3.930000	0.200	1.028322
3.933333	0.200	0.839156
3.936667	0.200	0.690870
3.940000	0.200	0.575132
3.943333	0.200	0.484432
3.946667	0.200	0.412482
3.950000	0.200	0.354281
3.953333	0.200	0.306360
3.956667	0.200	0.266741
3.960000	0.200	0.234011
3.963333	0.200	0.206275
3.966667	0.200	0.181311
3.970000	0.200	0.157658
3.973333	0.200	0.135118
3.976667	0.200	0.114238
3.980000	0.200	0.095476
3.983333	0.200	0.078665
3.986667	0.200	0.063096
3.990000	0.200	0.048224
3.993333	0.200	0.034110
3.996667	0.200	0.021182
4.000000	0.200	0.009835
4.003333	0.200	0.000301
4.006667	0.200	-0.007370
4.010000	0.200	-0.013502
4.013333	0.200	-0.018751
4.016667	0.200	-0.023780
4.020000	0.200	-0.029154
4.023333	0.200	-0.035162
4.026667	0.200	-0.041424
4.030000	0.200	-0.047221
4.033333	0.200	-0.052487
4.036667	0.200	-0.058084
4.040000	0.200	-0.065033
4.043333	0.200	-0.073751
4.046667	0.200	-0.083971
4.050000	0.200	-0.095087
4.053333	0.200	-0.106333
4.056667	0.200	-0.117030
4.060000	0.200	-0.126875
4.063333	0.200	-0.135700
4.066667	0.200	-0.143313
4.070000	0.200	-0.149853
4.073333	0.200	-0.155588
4.076667	0.200	-0.160045
4.080000	0.200	-0.162041
4.083333	0.200	-0.160777
4.086667	0.200	-0.156546
4.090000	0.200	-0.150311
4.093333	0.200	-0.142635
4.096667	0.200	-0.133365
4.100000	0.200	-0.122412
4.103333	0.200	-0.110485
4.106667	0.200	-0.099002
4.110000	0.200	-0.089344
4.113333	0.200	-0.082360
4.116667	0.200	-0.078303
4.120000	0.200	-0.076682
4.123333	0.200	-0.076838
4.126667	0.200	-0.079082
4.130000	0.200	-0.084378
4.133333	0.200	-0.092891
4.136667	0.200	-0.103581
4.140000	0.200	-0.114945
4.143333	0.200	-0.125746
4.146667	0.200	-0.135517
4.150000	0.200	-0.144640
4.153333	0.200	-0.153755
4.156667	0.200	-0.163137
4.160000	0.200	-0.172831
4.163333	0.200	-0.182856
4.166667	0.200	-0.192805
4.170000	0.200	-0.201959
4.173333	0.200	-0.210272
4.176667	0.200	-0.218696
4.180000	0.200	-0.228291
4.183333	0.200	-0.239172
4.186667	0.200	-0.250269
4.190000	0.200	-0.260299
4.193333	0.200	-0.268910
4.196667	0.200	-0.276594
4.200000	0.200	-0.283899
4.203333	0.200	-0.291059
4.206667	0.200	-0.297935
4.210000	0.200	-0.304083
4.213333	0.200	-0.309049
4.216667	0.200	-0.312693
4.220000	0.200	-0.315186
4.223333	0.200	-0.316548
4.226667	0.200	-0.316348
4.230000	0.200	-0.314200
4.233333	0.200	-0.310490
4.236667	0.200	-0.306337
4.240000	0.200	-0.302719
4.243333	0.200	-0.299693
4.246667	0.200	-0.296574
4.250000	0.200	-0.292777
4.253333	0.200	-0.288236
4.256667	0.200	-0.282696
4.260000	0.200	-0.274952
4.263333	0.200	-0.263783
4.266667	0.200	-0.249405
4.270000	0.200	-0.233182
4.273333	0.200	-0.216555
4.276667	0.200	-0.200537
4.280000	0.200	-0.185396
4.283333	0.200	-0.170658
4.286667	0.200	-0.156098
4.290000	0.200	-0.142780
4.293333	0.200	-0.132622
4.296667	0.200	-0.127006
4.300000	0.200	-0.126331
4.303333	0.200	-0.130688
4.306667	0.200	-0.140118
4.310000	0.200	-0.154021
4.313333	0.200	-0.170774
4.316667	0.200	-0.188326
4.320000	0.200	-0.205543
4.323333	0.200	-0.222759
4.326667	0.200	-0.240756
4.330000	0.200	-0.259629
4.333333	0.200	-0.278670
4.336667	0.200	-0.296739
4.340000	0.200	-0.312839
4.343333	0.200	-0.326805
4.346667	0.200	-0.339265
4.350000	0.200	-0.350734
4.353333	0.200	-0.361096
4.356667	0.200	-0.370032
4.360000	0.200	-0.377569
4.363333	0.200	-0.383973
4.366667	0.200	-0.389215
4.370000	0.200	-0.392953
4.373333	0.200	-0.394991
4.376667	0.200	-0.395497
4.380000	0.200	-0.394983
4.383333	0.200	-0.394256
4.386667	0.200	-0.393975
4.390000	0.200	-0.394050
4.393333	0.200	-0.393889
4.396667	0.200	-0.393112
4.400000	0.200	-0.391594
4.403333	0.200	-0.389197
4.406667	0.200	-0.385871
4.410000	0.200	-0.381775
4.413333	0.200	-0.377104
4.416667	0.200	-0.371935
4.420000	0.200	-0.366405
4.423333	0.200	-0.360827
4.426667	0.200	-0.355317
4.430000	0.200	-0.349424
4.433333	0.200	-0.342394
4.436667	0.200	-0.333680
4.440000	0.200	-0.323167
4.443333	0.200	-0.310840
4.446667	0.200	-0.296354
4.450000	0.200	-0.279331
4.453333	0.200	-0.259832
4.456667	0.200	-0.238187
4.460000	0.200	-0.214474
4.463333	0.200	-0.188260
4.466667	0.200	-0.158811
4.470000	0.200	-0.125541
4.473333	0.200	-0.088058
4.476667	0.200	-0.046182
4.480000	0.200	-0.000440
4.483333	0.200	0.047802
4.486667	0.200	0.096834
4.490000	0.200	0.145042
4.493333	0.200	0.191143
4.496667	0.200	0.234168
4.500000	0.200	0.273176
4.503333	0.200	0.307338
4.506667	0.200	0.336199
4.510000	0.200	0.359522
4.513333	0.200	0.377136
4.516667	0.200	0.389039
4.520000	0.200	0.395616
4.523333	0.200	0.397988
4.526667	0.200	0.397973
4.530000	0.200	0.397330
4.533333	0.200	0.397091
4.536667	0.200	0.397887
4.540000	0.200	0.401046
4.543333	0.200	0.408653
4.546667	0.200	0.421976
4.550000	0.200	0.440417
4.553333	0.200	0.462316
4.556667	0.200	0.486024
4.560000	0.200	0.510038
4.563333	0.200	0.532936
4.566667	0.200	0.553239
4.570000	0.200	0.569096
4.573333	0.200	0.578340
4.576667	0.200	0.578897
4.580000	0.200	0.569380
4.583333	0.200	0.549542
4.586667	0.200	0.519880
4.590000	0.200	0.481050
4.593333	0.200	0.434274
4.596667	0.200	0.381894
4.600000	0.200	0.326367
4.603333	0.200	0.268989
4.606667	0.200	0.210514
4.610000	0.200	0.152252
4.613333	0.200	0.095619
4.616667	0.200	0.041437
4.620000	0.200	-0.009670
4.623333	0.200	-0.056476
4.626667	0.200	-0.097005
4.630000	0.200	-0.129170
4.633333	0.200	-0.151757
4.636667	0.200	-0.165080
4.640000	0.200	-0.170477
4.643333	0.200	-0.169105
4.646667	0.200	-0.161516
4.650000	0.200	-0.148384
4.653333	0.200	-0.131017
4.656667	0.200	-0.110631
4.660000	0.200	-0.087609
4.663333	0.200	-0.062134
4.666667	0.200	-0.035351
4.670000	0.200	-0.009472
4.673333	0.200	0.013451
4.676667	0.200	0.032528
4.680000	0.200	0.047679
4.683333	0.200	0.058930
4.686667	0.200	0.066162
4.690000	0.200	0.069169
4.693333	0.200	0.068150
4.696667	0.200	0.063984
4.700000	0.200	0.057643
4.703333	0.200	0.049559
4.706667	0.200	0.039794
4.710000	0.200	0.028499
4.713333	0.200	0.015806
4.716667	0.200	0.001697
4.720000	0.200	-0.013408
4.723333	0.200	-0.028224
4.726667	0.200	-0.040973
4.730000	0.200	-0.049778
4.733333	0.200	-0.052760
4.736667	0.200	-0.048320
4.740000	0.200	-0.035620
4.743333	0.200	-0.014464
4.746667	0.200	0.015219
4.750000	0.200	0.053516
4.753333	0.200	0.100276
4.756667	0.200	0.154312
4.760000	0.200	0.212842
4.763333	0.200	0.272405
4.766667	0.200	0.330187
4.770000	0.200	0.384287
4.773333	0.200	0.433279
4.776667	0.200	0.475775
4.780000	0.200	0.510187
4.783333	0.200	0.534884
4.786667	0.200	0.548836
4.790000	0.200	0.552332
4.793333	0.200	0.547082
4.796667	0.200	0.535649
4.800000	0.200	0.520976
4.803333	0.200	0.506407
4.806667	0.200	0.495748
4.810000	0.200	0.492787
4.813333	0.200	0.500617
4.816667	0.200	0.521315
4.820000	0.200	0.555840
4.823333	0.200	0.604129
4.826667	0.200	0.665083
4.830000	0.200	0.736244
4.833333	0.200	0.813782
4.836667	0.200	0.892845
4.840000	0.200	0.967896
4.843333	0.200	1.033377
4.846667	0.200	1.084655
4.850000	0.200	1.118367
4.853333	0.200	1.132014
4.856667	0.200	1.123965
4.860000	0.200	1.094249
4.863333	0.200	1.044797
4.866667	0.200	0.978459
4.870000	0.200	0.898297
4.873333	0.200	0.807811
4.876667	0.200	0.711144
4.880000	0.200	0.612855
4.883333	0.200	0.517243
4.886667	0.200	0.427613
4.890000	0.200	0.345925
4.893333	0.200	0.272575
4.896667	0.200	0.206793
4.900000	0.200	0.147978
4.903333	0.200	0.096385
4.906667	0.200	0.052524
4.910000	0.200	0.016507
4.913333	0.200	-0.012110
4.916667	0.200	-0.034130
4.920000	0.200	-0.050180
4.923333	0.200	-0.060322
4.926667	0.200	-0.064410
4.930000	0.200	-0.062755
4.933333	0.200	-0.056111
4.936667	0.200	-0.045044
4.940000	0.200	-0.029397
4.943333	0.200	-0.008582
4.946667	0.200	0.017549
4.950000	0.200	0.048403
4.953333	0.200	0.083249
4.956667	0.200	0.121776
4.960000	0.200	0.163654
4.963333	0.200	0.208055
4.966667	0.200	0.254202
4.970000	0.200	0.301489
4.973333	0.200	0.348459
4.976667	0.200	0.392708
4.980000	0.200	0.432256
4.983333	0.200	0.466207
4.986667	0.200	0.494160
4.990000	0.200	0.515957
4.993333	0.200	0.532338
4.996667	0.200	0.545865
5.000000	0.200	0.561992
5.003333	0.200	0.590940
5.006667	0.200	0.650928
5.010000	0.200	0.772295
5.013333	0.200	1.000990
5.016667	0.200	1.400814
5.020000	0.200	2.054877
5.023333	0.200	3.065238
5.026667	0.200	4.548874
5.030000	0.200	6.628781
5.033333	0.200	9.418513
5.036667	0.200	13.000537
5.040000	0.200	17.402859
5.043333	0.200	22.578533
5.046667	0.200	28.391442
5.050000	0.200	34.612649
5.053333	0.200	40.931345
5.056667	0.200	46.980296
5.060000	0.200	52.372186
5.063333	0.200	56.742724
5.066667	0.200	59.794523
5.070000	0.200	61.333380
5.073333	0.200	61.290314
5.076667	0.200	59.726035
5.080000	0.200	56.816941
5.083333	0.200	52.826480
5.086667	0.200	48.069452
5.090000	0.200	42.874555
5.093333	0.200	37.549305
5.096667	0.200	32.353020
5.100000	0.200	27.481768
5.103333	0.200	23.064898
5.106667	0.200	19.170280
5.110000	0.200	15.814663
5.113333	0.200	12.976173
5.116667	0.200	10.607605
5.120000	0.200	8.649660
5.123333	0.200	7.041879
5.126667	0.200	5.728696
5.130000	0.200	4.661057
5.133333	0.200	3.796617
5.136667	0.200	3.099899
5.140000	0.200	2.541602
5.143333	0.200	2.097310
5.146667	0.200	1.747057
5.150000	0.200	1.475632
5.153333	0.200	1.272151
5.156667	0.200	1.129023
5.160000	0.200	1.041401
5.163333	0.200	1.006954
5.166667	0.200	1.025548
5.170000	0.200	1.098654
5.173333	0.200	1.228042
5.176667	0.200	1.413918
5.180000	0.200	1.653312
5.183333	0.200	1.938756
5.186667	0.200	2.256525
5.190000	0.200	2.585249
5.193333	0.200	2.897335
5.196667	0.200	3.163373
5.200000	0.200	3.356784
5.203333	0.200	3.457226
5.206667	0.200	3.453392
5.210000	0.200	3.345116
5.213333	0.200	3.143861
5.216667	0.200	2.870886
5.220000	0.200	2.553125
5.223333	0.200	2.218428
5.226667	0.200	1.891507
5.230000	0.200	1.590858
5.233333	0.200	1.328028
5.236667	0.200	1.109181
5.240000	0.200	0.937154
5.243333	0.200	0.814307
5.246667	0.200	0.746846
5.250000	0.200	0.748664
5.253333	0.200	0.841860
5.256667	0.200	1.053234
5.260000	0.200	1.407631
5.263333	0.200	1.918385
5.266667	0.200	2.575975
5.270000	0.200	3.339438
5.273333	0.200	4.136005
5.276667	0.200	4.871116
5.280000	0.200	5.446605
5.283333	0.200	5.782012
5.286667	0.200	5.833028
5.290000	0.200	5.601417
5.293333	0.200	5.133110
5.296667	0.200	4.504875
5.300000	0.200	3.804128
5.303333	0.200	3.109699
5.306667	0.200	2.479773
5.310000	0.200	1.947679
5.313333	0.200	1.523443
5.316667	0.200	1.199745
5.320000	0.200	0.960214
5.323333	0.200	0.786229
5.326667	0.200	0.660556
5.330000	0.200	0.569341
5.333333	0.200	0.502937
5.336667	0.200	0.454995
5.340000	0.200	0.420918
5.343333	0.200	0.396698
5.346667	0.200	0.378308
5.350000	0.200	0.362192
5.353333	0.200	0.346440
5.356667	0.200	0.331036
5.360000	0.200	0.316991
5.363333	0.200	0.305272
5.366667	0.200	0.296022
5.370000	0.200	0.288498
5.373333	0.200	0.281851
5.376667	0.200	0.275786
5.380000	0.200	0.270382
5.383333	0.200	0.265673
5.386667	0.200	0.261766
5.390000	0.200	0.259258
5.393333	0.200	0.258864
5.396667	0.200	0.260475
5.400000	0.200	0.263301
5.403333	0.200	0.266981
5.406667	0.200	0.272055
5.410000	0.200	0.279224
5.413333	0.200	0.288300
5.416667	0.200	0.298136
5.420000	0.200	0.307485
5.423333	0.200	0.315575
5.426667	0.200	0.321946
5.430000	0.200	0.326015
5.433333	0.200	0.326883
5.436667	0.200	0.323554
5.440000	0.200	0.315414
5.443333	0.200	0.302951
5.446667	0.200	0.288122
5.450000	0.200	0.273357
5.453333	0.200	0.260126
5.456667	0.200	0.248728
5.460000	0.200	0.238985
5.463333	0.200	0.230839
5.466667	0.200	0.224418
5.470000	0.200	0.219990
5.473333	0.200	0.218430
5.476667	0.200	0.221415
5.480000	0.200	0.230398
5.483333	0.200	0.245571
5.486667	0.200	0.266080
5.490000	0.200	0.290501
5.493333	0.200	0.316566
5.496667	0.200	0.341215
5.500000	0.200	0.361787
5.503333	0.200	0.377162
5.506667	0.200	0.388003
5.510000	0.200	0.396194
5.513333	0.200	0.403955
5.516667	0.200	0.413549
5.520000	0.200	0.427178
5.523333	0.200	0.445931
5.526667	0.200	0.468750
5.530000	0.200	0.493031
5.533333	0.200	0.516303
5.536667	0.200	0.537099
5.540000	0.200	0.554269
5.543333	0.200	0.566061
5.546667	0.200	0.570610
5.550000	0.200	0.567265
5.553333	0.200	0.556921
5.556667	0.200	0.541695
5.560000	0.200	0.524700
5.563333	0.200	0.509160
5.566667	0.200	0.497285
5.570000	0.200	0.490414
5.573333	0.200	0.490119
5.576667	0.200	0.498807
5.580000	0.200	0.519138
5.583333	0.200	0.553135
5.586667	0.200	0.601448
5.590000	0.200	0.662451
5.593333	0.200	0.732153
5.596667	0.200	0.805448
5.600000	0.200	0.877095
5.603333	0.200	0.941434
5.606667	0.200	0.992257
5.610000	0.200	1.024332
5.613333	0.200	1.035249
5.616667	0.200	1.025510
5.620000	0.200	0.997400
5.623333	0.200	0.954601
5.626667	0.200	0.902367
5.630000	0.200	0.846717
5.633333	0.200	0.793142
5.636667	0.200	0.746270
5.640000	0.200	0.709924
5.643333	0.200	0.686823
5.646667	0.200	0.678354
5.650000	0.200	0.684624
5.653333	0.200	0.704443
5.656667	0.200	0.735503
5.660000	0.200	0.775201
5.663333	0.200	0.821052
5.666667	0.200	0.869973
5.670000	0.200	0.917862
5.673333	0.200	0.959995
5.676667	0.200	0.991663
5.680000	0.200	1.008939
5.683333	0.200	1.009266
5.686667	0.200	0.991961
5.690000	0.200	0.958461
5.693333	0.200	0.911678
5.696667	0.200	0.855086
5.700000	0.200	0.792383
5.703333	0.200	0.727473
5.706667	0.200	0.664337
5.710000	0.200	0.606952
5.713333	0.200	0.559251
5.716667	0.200	0.524929
5.720000	0.200	0.507364
5.723333	0.200	0.509451
5.726667	0.200	0.533163
5.730000	0.200	0.579270
5.733333	0.200	0.647256
5.736667	0.200	0.735018
5.740000	0.200	0.838338
5.743333	0.200	0.950743
5.746667	0.200	1.064160
5.750000	0.200	1.169767
5.753333	0.200	1.259300
5.756667	0.200	1.326973
5.760000	0.200	1.370168
5.763333	0.200	1.388135
5.766667	0.200	1.380902
5.770000	0.200	1.349796
5.773333	0.200	1.298015
5.776667	0.200	1.230178
5.780000	0.200	1.151970
5.783333	0.200	1.069719
5.786667	0.200	0.989251
5.790000	0.200	0.915272
5.793333	0.200	0.851562
5.796667	0.200	0.800997
5.800000	0.200	0.765286
5.803333	0.200	0.744247
5.806667	0.200	0.735118
5.810000	0.200	0.733196
5.813333	0.200	0.733570
5.816667	0.200	0.732299
5.820000	0.200	0.726354
5.823333	0.200	0.713464
5.826667	0.200	0.692598
5.830000	0.200	0.664360
5.833333	0.200	0.630948
5.836667	0.200	0.595718
5.840000	0.200	0.562286
5.843333	0.200	0.533672
5.846667	0.200	0.511774
5.850000	0.200	0.497251
5.853333	0.200	0.489920
5.856667	0.200	0.489173
5.860000	0.200	0.493989
5.863333	0.200	0.502860
5.866667	0.200	0.514401
5.870000	0.200	0.528345
5.873333	0.200	0.545962
5.876667	0.200	0.570051
5.880000	0.200	0.604525
5.883333	0.200	0.653552
5.886667	0.200	0.720731
5.890000	0.200	0.807919
5.893333	0.200	0.913799
5.896667	0.200	1.033183
5.900000	0.200	1.157013
5.903333	0.200	1.272950
5.906667	0.200	1.367188
5.910000	0.200	1.427252
5.913333	0.200	1.444952
5.916667	0.200	1.418482
5.920000	0.200	1.352554
5.923333	0.200	1.257025
5.926667	0.200	1.144823
5.930000	0.200	1.029226
5.933333	0.200	0.921045
5.936667	0.200	0.826857
5.940000	0.200	0.748959
5.943333	0.200	0.686608
5.946667	0.200	0.637643
5.950000	0.200	0.599719
5.953333	0.200	0.570474
5.956667	0.200	0.547326
5.960000	0.200	0.528065
5.963333	0.200	0.511337
5.966667	0.200	0.496433
5.970000	0.200	0.483270
5.973333	0.200	0.472344
5.976667	0.200	0.464503
5.980000	0.200	0.460690
5.983333	0.200	0.461211
5.986667	0.200	0.465405
5.990000	0.200	0.472291
5.993333	0.200	0.480883
5.996667	0.200	0.489753
6.000000	0.200	0.496959
6.003333	0.200	0.501261
6.006667	0.200	0.503281
6.010000	0.200	0.504870
6.013333	0.200	0.508042
6.016667	0.200	0.514883
6.020000	0.200	0.527418
6.023333	0.200	0.547105
6.026667	0.200	0.574253
6.030000	0.200	0.607362
6.033333	0.200	0.643315
6.036667	0.200	0.678775
6.040000	0.200	0.711099
6.043333	0.200	0.738225
6.046667	0.200	0.758967
6.050000	0.200	0.773811
6.053333	0.200	0.785025
6.056667	0.200	0.795748
6.060000	0.200	0.808592
6.063333	0.200	0.824991
6.066667	0.200	0.845573
6.070000	0.200	0.870110
6.073333	0.200	0.896734
6.076667	0.200	0.921880
6.080000	0.200	0.941268
6.083333	0.200	0.951095
6.086667	0.200	0.949211
6.090000	0.200	0.935577
6.093333	0.200	0.911690
6.096667	0.200	0.880065
6.100000	0.200	0.844151
6.103333	0.200	0.808000
6.106667	0.200	0.775535
6.110000	0.200	0.749548
6.113333	0.200	0.730972
6.116667	0.200	0.719415
6.120000	0.200	0.714139
6.123333	0.200	0.714245
6.126667	0.200	0.718749
6.130000	0.200	0.726771
6.133333	0.200	0.737442
6.136667	0.200	0.749843
6.140000	0.200	0.763039
6.143333	0.200	0.775980
6.146667	0.200	0.787349
6.150000	0.200	0.795931
6.153333	0.200	0.801474
6.156667	0.200	0.804714
6.160000	0.200	0.806175
6.163333	0.200	0.805470
6.166667	0.200	0.801473
6.170000	0.200	0.792421
6.173333	0.200	0.776716
6.176667	0.200	0.754477
6.180000	0.200	0.727591
6.183333	0.200	0.698329
6.186667	0.200	0.668762
6.190000	0.200	0.640744
6.193333	0.200	0.615460
6.196667	0.200	0.593648
6.200000	0.200	0.576319
6.203333	0.200	0.564571
6.206667	0.200	0.559016
6.210000	0.200	0.559482
6.213333	0.200	0.564553
6.216667	0.200	0.571537
6.220000	0.200	0.577505
6.223333	0.200	0.580572
6.226667	0.200	0.580178
6.230000	0.200	0.576475
6.233333	0.200	0.569964
6.236667	0.200	0.561724
6.240000	0.200	0.553624
6.243333	0.200	0.547875
6.246667	0.200	0.545918
6.250000	0.200	0.547670
6.253333	0.200	0.551584
6.256667	0.200	0.555575
6.260000	0.200	0.558509
6.263333	0.200	0.560417
6.266667	0.200	0.561285
6.270000	0.200	0.560913
6.273333	0.200	0.559742
6.276667	0.200	0.558585
6.280000	0.200	0.557954
6.283333	0.200	0.558445
6.286667	0.200	0.561257
6.290000	0.200	0.567746
6.293333	0.200	0.578577
6.296667	0.200	0.593426
6.300000	0.200	0.611179
6.303333	0.200	0.630105
6.306667	0.200	0.647867
6.310000	0.200	0.661650
6.313333	0.200	0.668946
6.316667	0.200	0.668969
6.320000	0.200	0.663219
6.323333	0.200	0.654598
6.326667	0.200	0.646341
6.330000	0.200	0.641262
6.333333	0.200	0.640714
6.336667	0.200	0.643828
6.340000	0.200	0.648471
6.343333	0.200	0.652838
6.346667	0.200	0.655591
6.350000	0.200	0.655347
6.353333	0.200	0.651129
6.356667	0.200	0.643132
6.360000	0.200	0.632464
6.363333	0.200	0.620418
6.366667	0.200	0.608549
6.370000	0.200	0.598946
6.373333	0.200	0.593724
6.376667	0.200	0.594063
6.380000	0.200	0.599692
6.383333	0.200	0.609164
6.386667	0.200	0.620490
6.390000	0.200	0.631792
6.393333	0.200	0.641656
6.396667	0.200	0.649102
6.400000	0.200	0.653611
6.403333	0.200	0.655268
6.406667	0.200	0.654669
6.410000	0.200	0.652836
6.413333	0.200	0.651402
6.416667	0.200	0.652646
6.420000	0.200	0.659048
6.423333	0.200	0.672232
6.426667	0.200	0.691927
6.430000	0.200	0.716283
6.433333	0.200	0.743539
6.436667	0.200	0.773260
6.440000	0.200	0.805922
6.443333	0.200	0.841472
6.446667	0.200	0.878379
6.450000	0.200	0.913664
6.453333	0.200	0.943773
6.456667	0.200	0.965756
6.460000	0.200	0.977425
6.463333	0.200	0.976913
6.466667	0.200	0.963390
6.470000	0.200	0.937849
6.473333	0.200	0.902365
6.476667	0.200	0.859192
6.480000	0.200	0.810803
6.483333	0.200	0.759741
6.486667	0.200	0.708229
6.490000	0.200	0.658445
6.493333	0.200	0.612715
6.496667	0.200	0.572936
6.500000	0.200	0.539773
6.503333	0.200	0.512494
6.506667	0.200	0.489479
6.510000	0.200	0.468929
6.513333	0.200	0.449800
6.516667	0.200	0.432267
6.520000	0.200	0.416796
6.523333	0.200	0.403146
6.526667	0.200	0.390366
6.530000	0.200	0.377274
6.533333	0.200	0.363307
6.536667	0.200	0.349052
6.540000	0.200	0.335407
6.543333	0.200	0.322605
6.546667	0.200	0.310596
6.550000	0.200	0.299642
6.553333	0.200	0.290374
6.556667	0.200	0.283708
6.560000	0.200	0.280307
6.563333	0.200	0.280118
6.566667	0.200	0.282972
6.570000	0.200	0.289332
6.573333	0.200	0.299950
6.576667	0.200	0.314847
6.580000	0.200	0.332873
6.583333	0.200	0.352283
6.586667	0.200	0.371564
6.590000	0.200	0.389911
6.593333	0.200	0.407438
6.596667	0.200	0.424654
6.600000	0.200	0.441296
6.603333	0.200	0.455852
6.606667	0.200	0.466337
6.610000	0.200	0.471262
6.613333	0.200	0.469578
6.616667	0.200	0.460522
6.620000	0.200	0.444482
6.623333	0.200	0.423530
6.626667	0.200	0.400509
6.630000	0.200	0.377794
6.633333	0.200	0.356781
6.636667	0.200	0.338042
6.640000	0.200	0.321854
6.643333	0.200	0.308595
6.646667	0.200	0.298623
6.650000	0.200	0.292178
6.653333	0.200	0.289656
6.656667	0.200	0.291576
6.660000	0.200	0.297931
6.663333	0.200	0.308018
6.666667	0.200	0.320964
6.670000	0.200	0.335659
6.673333	0.200	0.350399
6.676667	0.200	0.363220
6.680000	0.200	0.372473
6.683333	0.200	0.377163
6.686667	0.200	0.377172
6.690000	0.200	0.373231
6.693333	0.200	0.366425
6.696667	0.200	0.357561
6.700000	0.200	0.347310
6.703333	0.200	0.336731
6.706667	0.200	0.327139
6.710000	0.200	0.319805
6.713333	0.200	0.316046
6.716667	0.200	0.317084
6.720000	0.200	0.323446
6.723333	0.200	0.334799
6.726667	0.200	0.350748
6.730000	0.200	0.371581
6.733333	0.200	0.398020
6.736667	0.200	0.430744
6.740000	0.200	0.470130
6.743333	0.200	0.515545
6.746667	0.200	0.564854
6.750000	0.200	0.614969
6.753333	0.200	0.662222
6.756667	0.200	0.702577
6.760000	0.200	0.732551
6.763333	0.200	0.749906
6.766667	0.200	0.753655
6.770000	0.200	0.743847
6.773333	0.200	0.721468
6.776667	0.200	0.688713
6.780000	0.200	0.648784
6.783333	0.200	0.605067
6.786667	0.200	0.560864
6.790000	0.200	0.519294
6.793333	0.200	0.482407
6.796667	0.200	0.450684
6.800000	0.200	0.423876
6.803333	0.200	0.401972
6.806667	0.200	0.385301
6.810000	0.200	0.374025
6.813333	0.200	0.367554
6.816667	0.200	0.364379
6.820000	0.200	0.362705
6.823333	0.200	0.361609
6.826667	0.200	0.361200
6.830000	0.200	0.361450
6.833333	0.200	0.361819
6.836667	0.200	0.362081
6.840000	0.200	0.362384
6.843333	0.200	0.362294
6.846667	0.200	0.360521
6.850000	0.200	0.356064
6.853333	0.200	0.349397
6.856667	0.200	0.342529
6.860000	0.200	0.338002
6.863333	0.200	0.337315
6.866667	0.200	0.340325
6.870000	0.200	0.346542
6.873333	0.200	0.356721
6.876667	0.200	0.373299
6.880000	0.200	0.400816
6.883333	0.200	0.447997
6.886667	0.200	0.531129
6.890000	0.200	0.678196
6.893333	0.200	0.934483
6.896667	0.200	1.370035
6.900000	0.200	2.088180
6.903333	0.200	3.233634
6.906667	0.200	4.998818
6.910000	0.200	7.626091
6.913333	0.200	11.402374
6.916667	0.200	16.643908
6.920000	0.200	23.670247
6.923333	0.200	32.766612
6.926667	0.200	44.135921
6.930000	0.200	57.846144
6.933333	0.200	73.781691
6.936667	0.200	91.607906
6.940000	0.200	110.757548
6.943333	0.200	130.446907
6.946667	0.200	149.724578
6.950000	0.200	167.549823
6.953333	0.200	182.890964
6.956667	0.200	194.829582
6.960000	0.200	202.656428
6.963333	0.200	205.946022
6.966667	0.200	204.598317
6.970000	0.200	198.841223
6.973333	0.200	189.194477
6.976667	0.200	176.400921
6.980000	0.200	161.337136
6.983333	0.200	144.919847
6.986667	0.200	128.021984
6.990000	0.200	111.405942
6.993333	0.200	95.678629
6.996667	0.200	81.270780
7.000000	0.200	68.438535
7.003333	0.200	57.282939
7.006667	0.200	47.781861
7.010000	0.200	39.826629
7.013333	0.200	33.255926
7.016667	0.200	27.883296
7.020000	0.200	23.517957
7.023333	0.200	19.979416
7.026667	0.200	17.106599
7.030000	0.200	14.762264
7.033333	0.200	12.833219
7.036667	0.200	11.228127
7.040000	0.200	9.875100
7.043333	0.200	8.718847
7.046667	0.200	7.717091
7.050000	0.200	6.837846
7.053333	0.200	6.057893
7.056667	0.200	5.361178
7.060000	0.200	4.736919
7.063333	0.200	4.178185
7.066667	0.200	3.680772
7.070000	0.200	3.241426
7.073333	0.200	2.856179
7.076667	0.200	2.520240
7.080000	0.200	2.228641
7.083333	0.200	1.976572
7.086667	0.200	1.759731
7.090000	0.200	1.574409
7.093333	0.200	1.416688
7.096667	0.200	1.281972
7.100000	0.200	1.165771
7.103333	0.200	1.064537
7.106667	0.200	0.975527
7.110000	0.200	0.896377
7.113333	0.200	0.825082
7.116667	0.200	0.760171
7.120000	0.200	0.701064
7.123333	0.200	0.648082
7.126667	0.200	0.601370
7.130000	0.200	0.560249
7.133333	0.200	0.523833
7.136667	0.200	0.491414
7.140000	0.200	0.462471
7.143333	0.200	0.437005
7.146667	0.200	0.415576
7.150000	0.200	0.398696
7.153333	0.200	0.386246
7.156667	0.200	0.377288
7.160000	0.200	0.370444
7.163333	0.200	0.364918
7.166667	0.200	0.360872
7.170000	0.200	0.358476
7.173333	0.200	0.357088
7.176667	0.200	0.355516
7.180000	0.200	0.352890
7.183333	0.200	0.349329
7.186667	0.200	0.345650
7.190000	0.200	0.342347
7.193333	0.200	0.338863
7.196667	0.200	0.333948
7.200000	0.200	0.326923
7.203333	0.200	0.318321
7.206667	0.200	0.309044
7.210000	0.200	0.299422
7.213333	0.200	0.289139
7.216667	0.200	0.277752
7.220000	0.200	0.265519
7.223333	0.200	0.253538
7.226667	0.200	0.243261
7.230000	0.200	0.236261
7.233333	0.200	0.234192
7.236667	0.200	0.238790
7.240000	0.200	0.252327
7.243333	0.200	0.277883
7.246667	0.200	0.318574
7.250000	0.200	0.376784
7.253333	0.200	0.454184
7.256667	0.200	0.551964
7.260000	0.200	0.671158
7.263333	0.200	0.812713
7.266667	0.200	0.976701
7.270000	0.200	1.161299
7.273333	0.200	1.362182
7.276667	0.200	1.572675
7.280000	0.200	1.784852
7.283333	0.200	1.990242
7.286667	0.200	2.179726
7.290000	0.200	2.344075
7.293333	0.200	2.474954
7.296667	0.200	2.565715
7.300000	0.200	2.612219
7.303333	0.200	2.613511
7.306667	0.200	2.571626
7.310000	0.200	2.490750
7.313333	0.200	2.376775
7.316667	0.200	2.237136
7.320000	0.200	2.079965
7.323333	0.200	1.912756
7.326667	0.200	1.741876
7.330000	0.200	1.573049
7.333333	0.200	1.411350
7.336667	0.200	1.260554
7.340000	0.200	1.122831
7.343333	0.200	0.998945
7.346667	0.200	0.888740
7.350000	0.200	0.791665
7.353333	0.200	0.707111
7.356667	0.200	0.634480
7.360000	0.200	0.572810
7.363333	0.200	0.520628
7.366667	0.200	0.477031
7.370000	0.200	0.442649
7.373333	0.200	0.418800
7.376667	0.200	0.406119
7.380000	0.200	0.404321
7.383333	0.200	0.412654
7.386667	0.200	0.430222
7.390000	0.200	0.456119
7.393333	0.200	0.489498
7.396667	0.200	0.529764
7.400000	0.200	0.576619
7.403333	0.200	0.629655
7.406667	0.200	0.687891
7.410000	0.200	0.749623
7.413333	0.200	0.812397
7.416667	0.200	0.873175
7.420000	0.200	0.928794
7.423333	0.200	0.976406
7.426667	0.200	1.013560
7.430000	0.200	1.038194
7.433333	0.200	1.048891
7.436667	0.200	1.045096
7.440000	0.200	1.027110
7.443333	0.200	0.996108
7.446667	0.200	0.953785
7.450000	0.200	0.901773
7.453333	0.200	0.841780
7.456667	0.200	0.775962
7.460000	0.200	0.706766
7.463333	0.200	0.636926
7.466667	0.200	0.569522
7.470000	0.200	0.507381
7.473333	0.200	0.452341
7.476667	0.200	0.404866
7.480000	0.200	0.364192
7.483333	0.200	0.329188
7.486667	0.200	0.298972
7.490000	0.200	0.272497
7.493333	0.200	0.248482
7.496667	0.200	0.226480
7.500000	0.200	0.207297
7.503333	0.200	0.191978
7.506667	0.200	0.180892
7.510000	0.200	0.173514
7.513333	0.200	0.168671
7.516667	0.200	0.165504
7.520000	0.200	0.164146
7.523333	0.200	0.164782
7.526667	0.200	0.166826
7.530000	0.200	0.169736
7.533333	0.200	0.173677
7.536667	0.200	0.178930
7.540000	0.200	0.185462
7.543333	0.200	0.193077
7.546667	0.200	0.201480
7.550000	0.200	0.210226
7.553333	0.200	0.218649
7.556667	0.200	0.225921
7.560000	0.200	0.231426
7.563333	0.200	0.235087
7.566667	0.200	0.237309
7.570000	0.200	0.238564
7.573333	0.200	0.239204
7.576667	0.200	0.239632
7.580000	0.200	0.240239
7.583333	0.200	0.241085
7.586667	0.200	0.241803
7.590000	0.200	0.241947
7.593333	0.200	0.241355
7.596667	0.200	0.240189
7.600000	0.200	0.238656
7.603333	0.200	0.236902
7.606667	0.200	0.235337
7.610000	0.200	0.234621
7.613333	0.200	0.235093
7.616667	0.200	0.236461
7.620000	0.200	0.238084
7.623333	0.200	0.239321
7.626667	0.200	0.239391
7.630000	0.200	0.237287
7.633333	0.200	0.232424
7.636667	0.200	0.225226
7.640000	0.200	0.216792
7.643333	0.200	0.208252
7.646667	0.200	0.200181
7.650000	0.200	0.192168
7.653333	0.200	0.183106
7.656667	0.200	0.172307
7.660000	0.200	0.160630
7.663333	0.200	0.150148
7.666667	0.200	0.142291
7.670000	0.200	0.136800
7.673333	0.200	0.132452
7.676667	0.200	0.128297
7.680000	0.200	0.124322
7.683333	0.200	0.120987
7.686667	0.200	0.118505
7.690000	0.200	0.116967
7.693333	0.200	0.116523
7.696667	0.200	0.117177
7.700000	0.200	0.118925
7.703333	0.200	0.121844
7.706667	0.200	0.126094
7.710000	0.200	0.132418
7.713333	0.200	0.142922
7.716667	0.200	0.162022
7.720000	0.200	0.197604
7.723333	0.200	0.262088
7.726667	0.200	0.374074
7.730000	0.200	0.560955
7.733333	0.200	0.860948
7.736667	0.200	1.322578
7.740000	0.200	2.000849
7.743333	0.200	2.950051
7.746667	0.200	4.213773
7.750000	0.200	5.813507
7.753333	0.200	7.737643
7.756667	0.200	9.933001
7.760000	0.200	12.301525
7.763333	0.200	14.704151
7.766667	0.200	16.972694
7.770000	0.200	18.929182
7.773333	0.200	20.410061
7.776667	0.200	21.290491
7.780000	0.200	21.503062
7.783333	0.200	21.046882
7.786667	0.200	19.985734
7.790000	0.200	18.435992
7.793333	0.200	16.546899
7.796667	0.200	14.477860
7.800000	0.200	12.377741
7.803333	0.200	10.369275
7.806667	0.200	8.539973
7.810000	0.200	6.940045
7.813333	0.200	5.586612
7.816667	0.200	4.471802
7.820000	0.200	3.571689
7.823333	0.200	2.854372
7.826667	0.200	2.286413
7.830000	0.200	1.837241
7.833333	0.200	1.481652
7.836667	0.200	1.200349
7.840000	0.200	0.978710
7.843333	0.200	0.804939
7.846667	0.200	0.668924
7.850000	0.200	0.562300
7.853333	0.200	0.478788
7.856667	0.200	0.413714
7.860000	0.200	0.363163
7.863333	0.200	0.323620
7.866667	0.200	0.292217
7.870000	0.200	0.267096
7.873333	0.200	0.247145
7.876667	0.200	0.231333
7.880000	0.200	0.218453
7.883333	0.200	0.207264
7.886667	0.200	0.196817
7.890000	0.200	0.187100
7.893333	0.200	0.179015
7.896667	0.200	0.173091
7.900000	0.200	0.168778
7.903333	0.200	0.165116
7.906667	0.200	0.161285
7.910000	0.200	0.157013
7.913333	0.200	0.152926
7.916667	0.200	0.149805
7.920000	0.200	0.147768
7.923333	0.200	0.146560
7.926667	0.200	0.145995
7.930000	0.200	0.146107
7.933333	0.200	0.147260
7.936667	0.200	0.149885
7.940000	0.200	0.154026
7.943333	0.200	0.159203
7.946667	0.200	0.164683
7.950000	0.200	0.170079
7.953333	0.200	0.175759
7.956667	0.200	0.182605
7.960000	0.200	0.191529
7.963333	0.200	0.202940
7.966667	0.200	0.216250
7.970000	0.200	0.230284
7.973333	0.200	0.244310
7.976667	0.200	0.258122
7.980000	0.200	0.271464
7.983333	0.200	0.283955
7.986667	0.200	0.295250
7.990000	0.200	0.304926
7.993333	0.200	0.312594
7.996667	0.200	0.318640
8.000000	0.200	0.324585
8.003333	0.200	0.332330
8.006667	0.200	0.343321
8.010000	0.200	0.358429
8.013333	0.200	0.378221
8.016667	0.200	0.403484
8.020000	0.200	0.435767
8.023333	0.200	0.477380
8.026667	0.200	0.530869
8.030000	0.200	0.598227
8.033333	0.200	0.679633
8.036667	0.200	0.772225
8.040000	0.200	0.870076
8.043333	0.200	0.964969
8.046667	0.200	1.046985
8.050000	0.200	1.105413
8.053333	0.200	1.130824
8.056667	0.200	1.117660
8.060000	0.200	1.065929
8.063333	0.200	0.981116
8.066667	0.200	0.872953
8.070000	0.200	0.753953
8.073333	0.200	0.637085
8.076667	0.200	0.532687
8.080000	0.200	0.446631
8.083333	0.200	0.380547
8.086667	0.200	0.333022
8.090000	0.200	0.300925
8.093333	0.200	0.280509
8.096667	0.200	0.268239
8.100000	0.200	0.261411
8.103333	0.200	0.258070
8.106667	0.200	0.256317
8.110000	0.200	0.254141
8.113333	0.200	0.250065
8.116667	0.200	0.243391
8.120000	0.200	0.233727
8.123333	0.200	0.220686
8.126667	0.200	0.204151
8.130000	0.200	0.184612
8.133333	0.200	0.163162
8.136667	0.200	0.141215
8.140000	0.200	0.120066
8.143333	0.200	0.100438
8.146667	0.200	0.082632
8.150000	0.200	0.067160
8.153333	0.200	0.054645
8.156667	0.200	0.045372
8.160000	0.200	0.039344
8.163333	0.200	0.036086
8.166667	0.200	0.034432
8.170000	0.200	0.033147
8.173333	0.200	0.031556
8.176667	0.200	0.029490
8.180000	0.200	0.027330
8.183333	0.200	0.026088
8.186667	0.200	0.026658
8.190000	0.200	0.029002
8.193333	0.200	0.032740
8.196667	0.200	0.038422
8.200000	0.200	0.047662
8.203333	0.200	0.062235
8.206667	0.200	0.083438
8.210000	0.200	0.111550
8.213333	0.200	0.145153
8.216667	0.200	0.181213
8.220000	0.200	0.215969
8.223333	0.200	0.245826
8.226667	0.200	0.267767
8.230000	0.200	0.279404
8.233333	0.200	0.279679
8.236667	0.200	0.269880
8.240000	0.200	0.253263
8.243333	0.200	0.233517
8.246667	0.200	0.213693
8.250000	0.200	0.195887
8.253333	0.200	0.181188
8.256667	0.200	0.169519
8.260000	0.200	0.159423
8.263333	0.200	0.148666
8.266667	0.200	0.135693
8.270000	0.200	0.120370
8.273333	0.200	0.103633
8.276667	0.200	0.086983
8.280000	0.200	0.071867
8.283333	0.200	0.059027
8.286667	0.200	0.048618
8.290000	0.200	0.040785
8.293333	0.200	0.035733
8.296667	0.200	0.033257
8.300000	0.200	0.032667
8.303333	0.200	0.033170
8.306667	0.200	0.034125
8.310000	0.200	0.035322
8.313333	0.200	0.037143
8.316667	0.200	0.039926
8.320000	0.200	0.043274
8.323333	0.200	0.046583
8.326667	0.200	0.050272
8.330000	0.200	0.055944
8.333333	0.200	0.065077
8.336667	0.200	0.077784
8.340000	0.200	0.092680
8.343333	0.200	0.107428
8.346667	0.200	0.119674
8.350000	0.200	0.128191
8.353333	0.200	0.133337
8.356667	0.200	0.136658
8.360000	0.200	0.140274
8.363333	0.200	0.146564
8.366667	0.200	0.158390
8.370000	0.200	0.179356
8.373333	0.200	0.213485
8.376667	0.200	0.264172
8.380000	0.200	0.332793
8.383333	0.200	0.417667
8.386667	0.200	0.513338
8.390000	0.200	0.610510
8.393333	0.200	0.697187
8.396667	0.200	0.760579
8.400000	0.200	0.789908
8.403333	0.200	0.780035
8.406667	0.200	0.733374
8.410000	0.200	0.658210
8.413333	0.200	0.565239
8.416667	0.200	0.465060
8.420000	0.200	0.367003
8.423333	0.200	0.278437
8.426667	0.200	0.204051
8.430000	0.200	0.145445
8.433333	0.200	0.101647
8.436667	0.200	0.070317
8.440000	0.200	0.048801
8.443333	0.200	0.034363
8.446667	0.200	0.024344
8.450000	0.200	0.016798
8.453333	0.200	0.010745
8.456667	0.200	0.005901
8.460000	0.200	0.002232
8.463333	0.200	-0.000485
8.466667	0.200	-0.002613
8.470000	0.200	-0.004480
8.473333	0.200	-0.006448
8.476667	0.200	-0.008664
8.480000	0.200	-0.011065
8.483333	0.200	-0.014062
8.486667	0.200	-0.018306
8.490000	0.200	-0.023546
8.493333	0.200	-0.028817
8.496667	0.200	-0.033686
8.500000	0.200	-0.038446
8.503333	0.200	-0.043308
8.506667	0.200	-0.047980
8.510000	0.200	-0.051924
8.513333	0.200	-0.054660
8.516667	0.200	-0.055853
8.520000	0.200	-0.055376
8.523333	0.200	-0.053563
8.526667	0.200	-0.051146
8.530000	0.200	-0.048651
8.533333	0.200	-0.045972
8.536667	0.200	-0.042571
8.540000	0.200	-0.037884
8.543333	0.200	-0.031330
8.546667	0.200	-0.022392
8.550000	0.200	-0.011190
8.553333	0.200	0.001404
8.556667	0.200	0.014132
8.560000	0.200	0.025400
8.563333	0.200	0.033624
8.566667	0.200	0.038145
8.570000	0.200	0.039561
8.573333	0.200	0.038841
8.576667	0.200	0.036298
8.580000	0.200	0.031501
8.583333	0.200	0.024147
8.586667	0.200	0.015017
8.590000	0.200	0.005647
8.593333	0.200	-0.002638
8.596667	0.200	-0.008878
8.600000	0.200	-0.012743
8.603333	0.200	-0.015226
8.606667	0.200	-0.018173
8.610000	0.200	-0.022788
8.613333	0.200	-0.028816
8.616667	0.200	-0.035165
8.620000	0.200	-0.041128
8.623333	0.200	-0.046674
8.626667	0.200	-0.051719
8.630000	0.200	-0.055972
8.633333	0.200	-0.059730
8.636667	0.200	-0.064082
8.640000	0.200	-0.069688
8.643333	0.200	-0.075648
8.646667	0.200	-0.080200
8.650000	0.200	-0.082497
8.653333	0.200	-0.083045
8.656667	0.200	-0.082520
8.660000	0.200	-0.081021
8.663333	0.200	-0.078201
8.666667	0.200	-0.073245
8.670000	0.200	-0.065093
8.673333	0.200	-0.053494
8.676667	0.200	-0.039959
8.680000	0.200	-0.027578
8.683333	0.200	-0.019741
8.686667	0.200	-0.018622
8.690000	0.200	-0.024398
8.693333	0.200	-0.035512
8.696667	0.200	-0.049512
8.700000	0.200	-0.063953
8.703333	0.200	-0.077191
8.706667	0.200	-0.088601
8.710000	0.200	-0.098293
8.713333	0.200	-0.106867
8.716667	0.200	-0.115044
8.720000	0.200	-0.123168
8.723333	0.200	-0.131221
8.726667	0.200	-0.139144
8.730000	0.200	-0.146904
8.733333	0.200	-0.154362
8.736667	0.200	-0.161075
8.740000	0.200	-0.166365
8.743333	0.200	-0.169814
8.746667	0.200	-0.171664
8.750000	0.200	-0.172634
8.753333	0.200	-0.173138
8.756667	0.200	-0.172737
8.760000	0.200	-0.170638
8.763333	0.200	-0.166303
8.766667	0.200	-0.159514
8.770000	0.200	-0.150678
8.773333	0.200	-0.140921
8.776667	0.200	-0.131214
8.780000	0.200	-0.121995
8.783333	0.200	-0.113682
8.786667	0.200	-0.106591
8.790000	0.200	-0.100910
8.793333	0.200	-0.097414
8.796667	0.200	-0.097142
8.800000	0.200	-0.100192
8.803333	0.200	-0.105448
8.806667	0.200	-0.111228
8.810000	0.200	-0.116098
8.813333	0.200	-0.119371
8.816667	0.200	-0.121058
8.820000	0.200	-0.121405
8.823333	0.200	-0.120550
8.826667	0.200	-0.118735
8.830000	0.200	-0.116428
8.833333	0.200	-0.113998
8.836667	0.200	-0.111697
8.840000	0.200	-0.109978
8.843333	0.200	-0.109240
8.846667	0.200	-0.109396
8.850000	0.200	-0.110352
8.853333	0.200	-0.112424
8.856667	0.200	-0.115832
8.860000	0.200	-0.120547
8.863333	0.200	-0.126793
8.866667	0.200	-0.134849
8.870000	0.200	-0.144270
8.873333	0.200	-0.154027
8.876667	0.200	-0.163339
8.880000	0.200	-0.171967
8.883333	0.200	-0.180173
8.886667	0.200	-0.188498
8.890000	0.200	-0.197232
8.893333	0.200	-0.206232
8.896667	0.200	-0.215154
8.900000	0.200	-0.223448
8.903333	0.200	-0.229991
8.906667	0.200	-0.233304
8.910000	0.200	-0.232504
8.913333	0.200	-0.227481
8.916667	0.200	-0.217414
8.920000	0.200	-0.199003
8.923333	0.200	-0.166247
8.926667	0.200	-0.111753
8.930000	0.200	-0.028665
8.933333	0.200	0.087077
8.936667	0.200	0.234568
8.940000	0.200	0.406855
8.943333	0.200	0.591030
8.946667	0.200	0.769491
8.950000	0.200	0.922788
8.953333	0.200	1.033410
8.956667	0.200	1.089660
8.960000	0.200	1.088729
8.963333	0.200	1.037442
8.966667	0.200	0.950201
8.970000	0.200	0.844803
8.973333	0.200	0.737655
8.976667	0.200	0.640736
8.980000	0.200	0.560881
8.983333	0.200	0.499896
8.986667	0.200	0.455144
8.990000	0.200	0.421213
8.993333	0.200	0.392116
8.996667	0.200	0.362942
9.000000	0.200	0.330579
9.003333	0.200	0.293625
9.006667	0.200	0.251832
9.010000	0.200	0.205684
9.013333	0.200	0.156231
9.016667	0.200	0.104959
9.020000	0.200	0.053721
9.023333	0.200	0.004425
9.026667	0.200	-0.041566
9.030000	0.200	-0.083476
9.033333	0.200	-0.120740
9.036667	0.200	-0.153290
9.040000	0.200	-0.181756
9.043333	0.200	-0.206722
9.046667	0.200	-0.228185
9.050000	0.200	-0.245924
9.053333	0.200	-0.259872
9.056667	0.200	-0.269845
9.060000	0.200	-0.275513
9.063333	0.200	-0.277314
9.066667	0.200	-0.277074
9.070000	0.200	-0.276994
9.073333	0.200	-0.278172
9.076667	0.200	-0.280530
9.080000	0.200	-0.283546
9.083333	0.200	-0.286625
9.086667	0.200	-0.289356
9.090000	0.200	-0.291816
9.093333	0.200	-0.294503
9.096667	0.200	-0.297934
9.100000	0.200	-0.302226
9.103333	0.200	-0.307026
9.106667	0.200	-0.311903
9.110000	0.200	-0.316754
9.113333	0.200	-0.321646
9.116667	0.200	-0.326469
9.120000	0.200	-0.331174
9.123333	0.200	-0.335992
9.126667	0.200	-0.341017
9.130000	0.200	-0.345916
9.133333	0.200	-0.350081
9.136667	0.200	-0.352885
9.140000	0.200	-0.354051
9.143333	0.200	-0.353748
9.146667	0.200	-0.352350
9.150000	0.200	-0.350662
9.153333	0.200	-0.350119
9.156667	0.200	-0.351936
9.160000	0.200	-0.356092
9.163333	0.200	-0.361360
9.166667	0.200	-0.366373
9.170000	0.200	-0.370536
9.173333	0.200	-0.373918
9.176667	0.200	-0.376681
9.180000	0.200	-0.378791
9.183333	0.200	-0.380052
9.186667	0.200	-0.380131
9.190000	0.200	-0.378755
9.193333	0.200	-0.376264
9.196667	0.200	-0.373667
9.200000	0.200	-0.371824
9.203333	0.200	-0.370651
9.206667	0.200	-0.369060
9.210000	0.200	-0.365523
9.213333	0.200	-0.358578
9.216667	0.200	-0.346911
9.220000	0.200	-0.329674
9.223333	0.200	-0.307492
9.226667	0.200	-0.282760
9.230000	0.200	-0.258233
9.233333	0.200	-0.235740
9.236667	0.200	-0.216439
9.240000	0.200	-0.201617
9.243333	0.200	-0.192710
9.246667	0.200	-0.190623
9.250000	0.200	-0.195388
9.253333	0.200	-0.206072
9.256667	0.200	-0.220510
9.260000	0.200	-0.236021
9.263333	0.200	-0.250813
9.266667	0.200	-0.264081
9.270000	0.200	-0.275386
9.273333	0.200	-0.284602
9.276667	0.200	-0.291896
9.280000	0.200	-0.297498
9.283333	0.200	-0.301813
9.286667	0.200	-0.305521
9.290000	0.200	-0.308901
9.293333	0.200	-0.311137
9.296667	0.200	-0.311129
9.300000	0.200	-0.309064
9.303333	0.200	-0.306538
9.306667	0.200	-0.305267
9.310000	0.200	-0.306101
9.313333	0.200	-0.308783
9.316667	0.200	-0.312040
9.320000	0.200	-0.313905
9.323333	0.200	-0.312535
9.326667	0.200	-0.307558
9.330000	0.200	-0.300517
9.333333	0.200	-0.293541
9.336667	0.200	-0.287996
9.340000	0.200	-0.284468
9.343333	0.200	-0.283099
9.346667	0.200	-0.283529
9.350000	0.200	-0.285053
9.353333	0.200	-0.287026
9.356667	0.200	-0.289167
9.360000	0.200	-0.291921
9.363333	0.200	-0.296347
9.366667	0.200	-0.302946
9.370000	0.200	-0.310568
9.373333	0.200	-0.316912
9.376667	0.200	-0.320420
9.380000	0.200	-0.321626
9.383333	0.200	-0.322651
9.386667	0.200	-0.325630
9.390000	0.200	-0.331550
9.393333	0.200	-0.339820
9.396667	0.200	-0.348291
9.400000	0.200	-0.353887
9.403333	0.200	-0.354330
9.406667	0.200	-0.349860
9.410000	0.200	-0.343036
9.413333	0.200	-0.336907
9.416667	0.200	-0.333408
9.420000	0.200	-0.333008
9.423333	0.200	-0.335305
9.426667	0.200	-0.339364
9.430000	0.200	-0.343755
9.433333	0.200	-0.347329
9.436667	0.200	-0.350174
9.440000	0.200	-0.353218
9.443333	0.200	-0.357062
9.446667	0.200	-0.361506
9.450000	0.200	-0.365774
9.453333	0.200	-0.369076
9.456667	0.200	-0.371324
9.460000	0.200	-0.373212
9.463333	0.200	-0.375333
9.466667	0.200	-0.377401
9.470000	0.200	-0.378797
9.473333	0.200	-0.379409
9.476667	0.200	-0.379041
9.480000	0.200	-0.376765
9.483333	0.200	-0.371891
9.486667	0.200	-0.364946
9.490000	0.200	-0.357494
9.493333	0.200	-0.351498
9.496667	0.200	-0.348459
9.500000	0.200	-0.348695
9.503333	0.200	-0.351482
9.506667	0.200	-0.355750
9.510000	0.200	-0.360455
9.513333	0.200	-0.364654
9.516667	0.200	-0.367877
9.520000	0.200	-0.370298
9.523333	0.200	-0.372124
9.526667	0.200	-0.373086
9.530000	0.200	-0.372882
9.533333	0.200	-0.371910
9.536667	0.200	-0.371129
9.540000	0.200	-0.371232
9.543333	0.200	-0.372237
9.546667	0.200	-0.373917
9.550000	0.200	-0.376209
9.553333	0.200	-0.378573
9.556667	0.200	-0.379128
9.560000	0.200	-0.375641
9.563333	0.200	-0.367772
9.566667	0.200	-0.357939
9.570000	0.200	-0.349967
9.573333	0.200	-0.346653
9.576667	0.200	-0.348254
9.580000	0.200	-0.353192
9.583333	0.200	-0.359646
9.586667	0.200	-0.366205
9.590000	0.200	-0.371913
9.593333	0.200	-0.376471
9.596667	0.200	-0.380365
9.600000	0.200	-0.384307
9.603333	0.200	-0.388274
9.606667	0.200	-0.391294
9.610000	0.200	-0.392443
9.613333	0.200	-0.391981
9.616667	0.200	-0.391435
9.620000	0.200	-0.392536
9.623333	0.200	-0.395976
9.626667	0.200	-0.401123
9.630000	0.200	-0.406312
9.633333	0.200	-0.409146
9.636667	0.200	-0.407641
9.640000	0.200	-0.401839
9.643333	0.200	-0.394010
9.646667	0.200	-0.387044
9.650000	0.200	-0.382776
9.653333	0.200	-0.381666
9.656667	0.200	-0.383438
9.660000	0.200	-0.387449
9.663333	0.200	-0.392823
9.666667	0.200	-0.398874
9.670000	0.200	-0.405309
9.673333	0.200	-0.411843
9.676667	0.200	-0.417988
9.680000	0.200	-0.423183
9.683333	0.200	-0.426796
9.686667	0.200	-0.428435
9.690000	0.200	-0.428424
9.693333	0.200	-0.427536
9.696667	0.200	-0.426484
9.700000	0.200	-0.425642
9.703333	0.200	-0.424943
9.706667	0.200	-0.424255
9.710000	0.200	-0.423437
9.713333	0.200	-0.421814
9.716667	0.200	-0.418649
9.720000	0.200	-0.414142
9.723333	0.200	-0.409123
9.726667	0.200	-0.404062
9.730000	0.200	-0.399115
9.733333	0.200	-0.394977
9.736667	0.200	-0.393042
9.740000	0.200	-0.394727
9.743333	0.200	-0.400535
9.746667	0.200	-0.409406
9.750000	0.200	-0.419190
9.753333	0.200	-0.427786
9.756667	0.200	-0.433982
9.760000	0.200	-0.437727
9.763333	0.200	-0.439611
9.766667	0.200	-0.440140
9.770000	0.200	-0.439803
9.773333	0.200	-0.439568
9.776667	0.200	-0.440417
9.780000	0.200	-0.442341
9.783333	0.200	-0.444722
9.786667	0.200	-0.447244
9.790000	0.200	-0.449681
9.793333	0.200	-0.451347
9.796667	0.200	-0.451019
9.800000	0.200	-0.447541
9.803333	0.200	-0.441048
9.806667	0.200	-0.433476
9.810000	0.200	-0.427214
9.813333	0.200	-0.423518
9.816667	0.200	-0.422620
9.820000	0.200	-0.424225
9.823333	0.200	-0.427474
9.826667	0.200	-0.431401
9.830000	0.200	-0.435334
9.833333	0.200	-0.438626
9.836667	0.200	-0.440733
9.840000	0.200	-0.441630
9.843333	0.200	-0.441637
9.846667	0.200	-0.441168
9.850000	0.200	-0.440839
9.853333	0.200	-0.441162
9.856667	0.200	-0.442187
9.860000	0.200	-0.443574
9.863333	0.200	-0.444815
9.866667	0.200	-0.445637
9.870000	0.200	-0.446403
9.873333	0.200	-0.447872
9.876667	0.200	-0.450334
9.880000	0.200	-0.453034
9.883333	0.200	-0.454678
9.886667	0.200	-0.454399
9.890000	0.200	-0.452226
9.893333	0.200	-0.448831
9.896667	0.200	-0.444889
9.900000	0.200	-0.440803
9.903333	0.200	-0.437135
9.906667	0.200	-0.434705
9.910000	0.200	-0.433832
9.913333	0.200	-0.433812
9.916667	0.200	-0.433470
9.920000	0.200	-0.432010
9.923333	0.200	-0.429296
9.926667	0.200	-0.425946
9.930000	0.200	-0.423286
9.933333	0.200	-0.422503
9.936667	0.200	-0.423712
9.940000	0.200	-0.426273
9.943333	0.200	-0.429864
9.946667	0.200	-0.434929
9.950000	0.200	-0.441870
9.953333	0.200	-0.449910
9.956667	0.200	-0.457071
9.960000	0.200	-0.461135
9.963333	0.200	-0.460816
9.966667	0.200	-0.456603
9.970000	0.200	-0.450322
9.973333	0.200	-0.443841
9.976667	0.200	-0.438541
9.980000	0.200	-0.435222
9.983333	0.200	-0.433955
9.986667	0.200	-0.434523
9.990000	0.200	-0.436481
9.993333	0.200	-0.438446
9.996667	0.200	-0.438527
10.000000	0.200	-0.435962
10.003333	0.200	-0.431848
10.006667	0.200	-0.428282
10.010000	0.200	-0.427015
10.013333	0.200	-0.428288
10.016667	0.200	-0.430557
10.020000	0.200	-0.431951
10.023333	0.200	-0.432431
10.026667	0.200	-0.433868
10.030000	0.200	-0.437579
10.033333	0.200	-0.442615
10.036667	0.200	-0.446737
10.040000	0.200	-0.448350
10.043333	0.200	-0.447506
10.046667	0.200	-0.445443
10.050000	0.200	-0.443344
10.053333	0.200	-0.441804
10.056667	0.200	-0.441346
10.060000	0.200	-0.442442
10.063333	0.200	-0.444663
10.066667	0.200	-0.446593
10.070000	0.200	-0.446902
10.073333	0.200	-0.445075
10.076667	0.200	-0.441325
10.080000	0.200	-0.436787
10.083333	0.200	-0.433646
10.086667	0.200	-0.433650
10.090000	0.200	-0.436343
10.093333	0.200	-0.439601
10.096667	0.200	-0.441674
10.100000	0.200	-0.442344
10.103333	0.200	-0.442673
10.106667	0.200	-0.444001
10.110000	0.200	-0.446871
10.113333	0.200	-0.450532
10.116667	0.200	-0.453520
10.120000	0.200	-0.454838
10.123333	0.200	-0.454407
10.126667	0.200	-0.452537
10.130000	0.200	-0.449401
10.133333	0.200	-0.445169
10.136667	0.200	-0.440595
10.140000	0.200	-0.437094
10.143333	0.200	-0.435584
10.146667	0.200	-0.435306
10.150000	0.200	-0.434259
10.153333	0.200	-0.430836
10.156667	0.200	-0.425056
10.160000	0.200	-0.418655
10.163333	0.200	-0.414142
10.166667	0.200	-0.413168
10.170000	0.200	-0.415313
10.173333	0.200	-0.418657
10.176667	0.200	-0.421514
10.180000	0.200	-0.423555
10.183333	0.200	-0.425799
10.186667	0.200	-0.429485
10.190000	0.200	-0.434363
10.193333	0.200	-0.438328
10.196667	0.200	-0.439105
10.200000	0.200	-0.436069
10.203333	0.200	-0.430312
10.206667	0.200	-0.423369
10.210000	0.200	-0.416329
10.213333	0.200	-0.410087
10.216667	0.200	-0.405612
10.220000	0.200	-0.403244
10.223333	0.200	-0.402048
10.226667	0.200	-0.400534
10.230000	0.200	-0.397873
10.233333	0.200	-0.394102
10.236667	0.200	-0.389592
10.240000	0.200	-0.385000
10.243333	0.200	-0.381509
10.246667	0.200	-0.380142
10.250000	0.200	-0.380838
10.253333	0.200	-0.382851
10.256667	0.200	-0.385872
10.260000	0.200	-0.390226
10.263333	0.200	-0.395938
10.266667	0.200	-0.401941
10.270000	0.200	-0.406509
10.273333	0.200	-0.408581
10.276667	0.200	-0.408469
10.280000	0.200	-0.407289
10.283333	0.200	-0.406154
10.286667	0.200	-0.405960
10.290000	0.200	-0.407469
10.293333	0.200	-0.411025
10.296667	0.200	-0.416001
10.300000	0.200	-0.420943
10.303333	0.200	-0.424391
10.306667	0.200	-0.425381
10.310000	0.200	-0.423514
10.313333	0.200	-0.419278
10.316667	0.200	-0.414270
10.320000	0.200	-0.410790
10.323333	0.200	-0.410948
10.326667	0.200	-0.415391
10.330000	0.200	-0.422737
10.333333	0.200	-0.430734
10.336667	0.200	-0.437698
10.340000	0.200	-0.442866
10.343333	0.200	-0.446091
10.346667	0.200	-0.447445
10.350000	0.200	-0.447226
10.353333	0.200	-0.446193
10.356667	0.200	-0.445324
10.360000	0.200	-0.445271
10.363333	0.200	-0.446199
10.366667	0.200	-0.448037
10.370000	0.200	-0.450723
10.373333	0.200	-0.454303
10.376667	0.200	-0.458614
10.380000	0.200	-0.462798
10.383333	0.200	-0.465558
10.386667	0.200	-0.466118
10.390000	0.200	-0.464687
10.393333	0.200	-0.462261
10.396667	0.200	-0.460396
10.400000	0.200	-0.460588
10.403333	0.200	-0.463247
10.406667	0.200	-0.467594
10.410000	0.200	-0.472554
10.413333	0.200	-0.477306
10.416667	0.200	-0.481082
10.420000	0.200	-0.483084
10.423333	0.200	-0.482780
10.426667	0.200	-0.480139
10.430000	0.200	-0.475950
10.433333	0.200	-0.471770
10.436667	0.200	-0.468713
10.440000	0.200	-0.466710
10.443333	0.200	-0.465588
10.446667	0.200	-0.465937
10.450000	0.200	-0.468368
10.453333	0.200	-0.472622
10.456667	0.200	-0.477722
10.460000	0.200	-0.482496
10.463333	0.200	-0.485721
10.466667	0.200	-0.486550
10.470000	0.200	-0.485522
10.473333	0.200	-0.484602
10.476667	0.200	-0.485504
10.480000	0.200	-0.488267
10.483333	0.200	-0.491686
10.486667	0.200	-0.494621
10.490000	0.200	-0.496649
10.493333	0.200	-0.497651
10.496667	0.200	-0.497186
10.500000	0.200	-0.494919
10.503333	0.200	-0.491491
10.506667	0.200	-0.488190
10.510000	0.200	-0.485995
10.513333	0.200	-0.485313
10.516667	0.200	-0.486067
10.520000	0.200	-0.487969
10.523333	0.200	-0.490861
10.526667	0.200	-0.494465
10.530000	0.200	-0.498068
10.533333	0.200	-0.500713
10.536667	0.200	-0.501694
10.540000	0.200	-0.501020
10.543333	0.200	-0.499339
10.546667	0.200	-0.497492
10.550000	0.200	-0.496172
10.553333	0.200	-0.495675
10.556667	0.200	-0.495833
10.560000	0.200	-0.496130
10.563333	0.200	-0.495927
10.566667	0.200	-0.494834
10.570000	0.200	-0.493212
10.573333	0.200	-0.492193
10.576667	0.200	-0.492484
10.580000	0.200	-0.493270
10.583333	0.200	-0.492998
10.586667	0.200	-0.490851
10.590000	0.200	-0.486924
10.593333	0.200	-0.481544
10.596667	0.200	-0.475084
10.600000	0.200	-0.468242
10.603333	0.200	-0.461954
10.606667	0.200	-0.456884
10.610000	0.200	-0.453085
10.613333	0.200	-0.449952
10.616667	0.200	-0.446458
10.620000	0.200	-0.441681
10.623333	0.200	-0.435430
10.626667	0.200	-0.428380
10.630000	0.200	-0.421436
10.633333	0.200	-0.415221
10.636667	0.200	-0.409999
10.640000	0.200	-0.405576
10.643333	0.200	-0.401469
10.646667	0.200	-0.397137
10.650000	0.200	-0.392013
10.653333	0.200	-0.385754
10.656667	0.200	-0.378553
10.660000	0.200	-0.371046
10.663333	0.200	-0.363948
10.666667	0.200	-0.357563
10.670000	0.200	-0.351424
10.673333	0.200	-0.344610
10.676667	0.200	-0.336204
10.680000	0.200	-0.325299
10.683333	0.200	-0.311301
10.686667	0.200	-0.294280
10.690000	0.200	-0.274825
10.693333	0.200	-0.253989
10.696667	0.200	-0.232938
10.700000	0.200	-0.212315
10.703333	0.200	-0.192432
10.706667	0.200	-0.173750
10.710000	0.200	-0.156779
10.713333	0.200	-0.141932
10.716667	0.200	-0.129491
10.720000	0.200	-0.119625
10.723333	0.200	-0.112282
10.726667	0.200	-0.106921
10.730000	0.200	-0.102906
10.733333	0.200	-0.100039
10.736667	0.200	-0.098136
10.740000	0.200	-0.096560
10.743333	0.200	-0.094365
10.746667	0.200	-0.090798
10.750000	0.200	-0.086119
10.753333	0.200	-0.081551
10.756667	0.200	-0.077922
10.760000	0.200	-0.075069
10.763333	0.200	-0.072468
10.766667	0.200	-0.069751
10.770000	0.200	-0.066903
10.773333	0.200	-0.064192
10.776667	0.200	-0.061876
10.780000	0.200	-0.060123
10.783333	0.200	-0.058911
10.786667	0.200	-0.057885
10.790000	0.200	-0.056575
10.793333	0.200	-0.054850
10.796667	0.200	-0.053068
10.800000	0.200	-0.051815
10.803333	0.200	-0.051404
10.806667	0.200	-0.051492
10.810000	0.200	-0.051293
10.813333	0.200	-0.050154
10.816667	0.200	-0.047851
10.820000	0.200	-0.044619
10.823333	0.200	-0.040988
10.826667	0.200	-0.037364
10.830000	0.200	-0.033806
10.833333	0.200	-0.030198
10.836667	0.200	-0.026487
10.840000	0.200	-0.022876
10.843333	0.200	-0.019887
10.846667	0.200	-0.017992
10.850000	0.200	-0.017149
10.853333	0.200	-0.016565
10.856667	0.200	-0.014917
10.860000	0.200	-0.011513
10.863333	0.200	-0.007020
10.866667	0.200	-0.002538
10.870000	0.200	0.001331
10.873333	0.200	0.004340
10.876667	0.200	0.006298
10.880000	0.200	0.007065
10.883333	0.200	0.006685
10.886667	0.200	0.005576
10.890000	0.200	0.004606
10.893333	0.200	0.004767
10.896667	0.200	0.006577
10.900000	0.200	0.009853
10.903333	0.200	0.013933
10.906667	0.200	0.018009
10.910000	0.200	0.021516
10.913333	0.200	0.024242
10.916667	0.200	0.026343
10.920000	0.200	0.028292
10.923333	0.200	0.030298
10.926667	0.200	0.032006
10.930000	0.200	0.033134
10.933333	0.200	0.034041
10.936667	0.200	0.035619
10.940000	0.200	0.038557
10.943333	0.200	0.042551
10.946667	0.200	0.046660
10.950000	0.200	0.050327
10.953333	0.200	0.053561
10.956667	0.200	0.056533
10.960000	0.200	0.059357
10.963333	0.200	0.062133
10.966667	0.200	0.064910
10.970000	0.200	0.067509
10.973333	0.200	0.069891
10.976667	0.200	0.072555
10.980000	0.200	0.075969
10.983333	0.200	0.079781
10.986667	0.200	0.083068
10.990000	0.200	0.085257
10.993333	0.200	0.086547
10.996667	0.200	0.087557
11.000000	0.200	0.088793
