File Path	chrom://nnfcb-l0286/ChromeleonLocal/metk/20171013_HMP_C61_metk.seq/291.smp/UV_VIS_2.channel/UV_VIS_2.chm
Channel	UV_VIS_2

Injection Information:
Data Vault	ChromeleonLocal
Injection	20171013_HMP_C61_ISO_P1_GA6
Injection Number	27
Position	GA6
Comment	
Processing Method	HMP New ProcMethod
Instrument Method	HM_metode_ZorBax_0,02%_Acetic_acid_ver6
Type	Unknown
Status	Finished
Injection Date	10/13/2017
Injection Time	7:26:38 PM
Injection Volume (µl)	1.000
Dilution Factor	1.0000
Weight	1.0000

Raw Data Information:
Time Min. (min)	0.000000
Time Max. (min)	11.000000
Data Points	3301
Detector	UV
Exporting Data System	Chromeleon 7.1.3.2425
Operator	
Signal Quantity	Absorbance
Signal Unit	mAU
Signal Min.	-1.061060
Signal Max.	166.931152
Channel	UV_VIS_2
Driver Name	DAD3000.dll
Channel Type	Evaluation
Min. Step (s)	0.200
Max. Step (s)	0.200
Average Step (s)	0.200

Signal Parameter Information:
Signal Info	WVL:280 nm

Raw Data:
Time (min)	Step (s)	Value (mAU)
0.000000	0.000	0.000000
0.003333	0.200	-0.002216
0.006667	0.200	-0.016044
0.010000	0.200	-0.053991
0.013333	0.200	-0.114195
0.016667	0.200	-0.174159
0.020000	0.200	-0.208619
0.023333	0.200	-0.207698
0.026667	0.200	-0.178090
0.030000	0.200	-0.135077
0.033333	0.200	-0.093973
0.036667	0.200	-0.063978
0.040000	0.200	-0.047202
0.043333	0.200	-0.041710
0.046667	0.200	-0.044470
0.050000	0.200	-0.052719
0.053333	0.200	-0.064360
0.056667	0.200	-0.077867
0.060000	0.200	-0.092153
0.063333	0.200	-0.106491
0.066667	0.200	-0.120282
0.070000	0.200	-0.132956
0.073333	0.200	-0.144166
0.076667	0.200	-0.154016
0.080000	0.200	-0.163087
0.083333	0.200	-0.172228
0.086667	0.200	-0.182280
0.090000	0.200	-0.193911
0.093333	0.200	-0.207247
0.096667	0.200	-0.221371
0.100000	0.200	-0.234559
0.103333	0.200	-0.245278
0.106667	0.200	-0.253091
0.110000	0.200	-0.258926
0.113333	0.200	-0.264455
0.116667	0.200	-0.271000
0.120000	0.200	-0.278766
0.123333	0.200	-0.287077
0.126667	0.200	-0.295208
0.130000	0.200	-0.302862
0.133333	0.200	-0.310252
0.136667	0.200	-0.318036
0.140000	0.200	-0.326722
0.143333	0.200	-0.336058
0.146667	0.200	-0.345449
0.150000	0.200	-0.354684
0.153333	0.200	-0.363936
0.156667	0.200	-0.373396
0.160000	0.200	-0.382847
0.163333	0.200	-0.391761
0.166667	0.200	-0.400021
0.170000	0.200	-0.408004
0.173333	0.200	-0.416037
0.176667	0.200	-0.424418
0.180000	0.200	-0.433529
0.183333	0.200	-0.443441
0.186667	0.200	-0.453796
0.190000	0.200	-0.464023
0.193333	0.200	-0.473468
0.196667	0.200	-0.481726
0.200000	0.200	-0.488924
0.203333	0.200	-0.495553
0.206667	0.200	-0.502186
0.210000	0.200	-0.509345
0.213333	0.200	-0.517216
0.216667	0.200	-0.525333
0.220000	0.200	-0.532958
0.223333	0.200	-0.539856
0.226667	0.200	-0.546276
0.230000	0.200	-0.552404
0.233333	0.200	-0.558502
0.236667	0.200	-0.565227
0.240000	0.200	-0.573040
0.243333	0.200	-0.581545
0.246667	0.200	-0.589907
0.250000	0.200	-0.597782
0.253333	0.200	-0.605439
0.256667	0.200	-0.613051
0.260000	0.200	-0.620292
0.263333	0.200	-0.626601
0.266667	0.200	-0.631670
0.270000	0.200	-0.635706
0.273333	0.200	-0.639285
0.276667	0.200	-0.643087
0.280000	0.200	-0.647671
0.283333	0.200	-0.653364
0.286667	0.200	-0.660324
0.290000	0.200	-0.668402
0.293333	0.200	-0.676709
0.296667	0.200	-0.683942
0.300000	0.200	-0.689865
0.303333	0.200	-0.695537
0.306667	0.200	-0.701568
0.310000	0.200	-0.707568
0.313333	0.200	-0.713315
0.316667	0.200	-0.718966
0.320000	0.200	-0.724391
0.323333	0.200	-0.729221
0.326667	0.200	-0.733370
0.330000	0.200	-0.737249
0.333333	0.200	-0.741321
0.336667	0.200	-0.745570
0.340000	0.200	-0.749723
0.343333	0.200	-0.753687
0.346667	0.200	-0.757336
0.350000	0.200	-0.760437
0.353333	0.200	-0.763137
0.356667	0.200	-0.765993
0.360000	0.200	-0.769574
0.363333	0.200	-0.774374
0.366667	0.200	-0.780495
0.370000	0.200	-0.787004
0.373333	0.200	-0.792396
0.376667	0.200	-0.796133
0.380000	0.200	-0.798930
0.383333	0.200	-0.801535
0.386667	0.200	-0.804152
0.390000	0.200	-0.806750
0.393333	0.200	-0.809337
0.396667	0.200	-0.812040
0.400000	0.200	-0.814953
0.403333	0.200	-0.817946
0.406667	0.200	-0.820845
0.410000	0.200	-0.823680
0.413333	0.200	-0.826433
0.416667	0.200	-0.828914
0.420000	0.200	-0.831159
0.423333	0.200	-0.833543
0.426667	0.200	-0.836438
0.430000	0.200	-0.840125
0.433333	0.200	-0.844659
0.436667	0.200	-0.849550
0.440000	0.200	-0.854056
0.443333	0.200	-0.857794
0.446667	0.200	-0.860780
0.450000	0.200	-0.863310
0.453333	0.200	-0.865781
0.456667	0.200	-0.868141
0.460000	0.200	-0.869861
0.463333	0.200	-0.870737
0.466667	0.200	-0.871343
0.470000	0.200	-0.872491
0.473333	0.200	-0.874563
0.476667	0.200	-0.877573
0.480000	0.200	-0.881429
0.483333	0.200	-0.885850
0.486667	0.200	-0.890454
0.490000	0.200	-0.895193
0.493333	0.200	-0.900319
0.496667	0.200	-0.905707
0.500000	0.200	-0.910641
0.503333	0.200	-0.914328
0.506667	0.200	-0.916378
0.510000	0.200	-0.916940
0.513333	0.200	-0.916597
0.516667	0.200	-0.916102
0.520000	0.200	-0.916043
0.523333	0.200	-0.916731
0.526667	0.200	-0.918313
0.530000	0.200	-0.920763
0.533333	0.200	-0.923726
0.536667	0.200	-0.926641
0.540000	0.200	-0.929226
0.543333	0.200	-0.931599
0.546667	0.200	-0.933781
0.550000	0.200	-0.935353
0.553333	0.200	-0.935859
0.556667	0.200	-0.935491
0.560000	0.200	-0.935111
0.563333	0.200	-0.935643
0.566667	0.200	-0.937525
0.570000	0.200	-0.940502
0.573333	0.200	-0.943698
0.576667	0.200	-0.946014
0.580000	0.200	-0.946970
0.583333	0.200	-0.947170
0.586667	0.200	-0.947691
0.590000	0.200	-0.949132
0.593333	0.200	-0.951213
0.596667	0.200	-0.953177
0.600000	0.200	-0.954798
0.603333	0.200	-0.956711
0.606667	0.200	-0.959574
0.610000	0.200	-0.963418
0.613333	0.200	-0.967617
0.616667	0.200	-0.971098
0.620000	0.200	-0.973043
0.623333	0.200	-0.973605
0.626667	0.200	-0.973721
0.630000	0.200	-0.974382
0.633333	0.200	-0.976185
0.636667	0.200	-0.979120
0.640000	0.200	-0.982429
0.643333	0.200	-0.985132
0.646667	0.200	-0.986996
0.650000	0.200	-0.988572
0.653333	0.200	-0.990272
0.656667	0.200	-0.991824
0.660000	0.200	-0.992612
0.663333	0.200	-0.992246
0.666667	0.200	-0.991030
0.670000	0.200	-0.990038
0.673333	0.200	-0.990325
0.676667	0.200	-0.992099
0.680000	0.200	-0.994784
0.683333	0.200	-0.997631
0.686667	0.200	-1.000238
0.690000	0.200	-1.002367
0.693333	0.200	-1.003636
0.696667	0.200	-1.003918
0.700000	0.200	-1.003620
0.703333	0.200	-1.003486
0.706667	0.200	-1.004287
0.710000	0.200	-1.006345
0.713333	0.200	-1.009283
0.716667	0.200	-1.012405
0.720000	0.200	-1.015105
0.723333	0.200	-1.016827
0.726667	0.200	-1.017315
0.730000	0.200	-1.017088
0.733333	0.200	-1.017026
0.736667	0.200	-1.017480
0.740000	0.200	-1.018086
0.743333	0.200	-1.018383
0.746667	0.200	-1.018479
0.750000	0.200	-1.019130
0.753333	0.200	-1.021077
0.756667	0.200	-1.024179
0.760000	0.200	-1.027462
0.763333	0.200	-1.030068
0.766667	0.200	-1.031794
0.770000	0.200	-1.032892
0.773333	0.200	-1.033715
0.776667	0.200	-1.034552
0.780000	0.200	-1.035656
0.783333	0.200	-1.037168
0.786667	0.200	-1.038850
0.790000	0.200	-1.040174
0.793333	0.200	-1.040709
0.796667	0.200	-1.040242
0.800000	0.200	-1.038934
0.803333	0.200	-1.037567
0.806667	0.200	-1.036965
0.810000	0.200	-1.037195
0.813333	0.200	-1.037956
0.816667	0.200	-1.039232
0.820000	0.200	-1.041114
0.823333	0.200	-1.043612
0.826667	0.200	-1.046736
0.830000	0.200	-1.050347
0.833333	0.200	-1.054024
0.836667	0.200	-1.057155
0.840000	0.200	-1.059258
0.843333	0.200	-1.060354
0.846667	0.200	-1.060910
0.850000	0.200	-1.061060
0.853333	0.200	-1.059610
0.856667	0.200	-1.053845
0.860000	0.200	-1.039982
0.863333	0.200	-1.013414
0.866667	0.200	-0.969405
0.870000	0.200	-0.905066
0.873333	0.200	-0.820584
0.876667	0.200	-0.717399
0.880000	0.200	-0.594562
0.883333	0.200	-0.443803
0.886667	0.200	-0.237272
0.890000	0.200	0.098477
0.893333	0.200	0.706114
0.896667	0.200	1.771476
0.900000	0.200	3.415724
0.903333	0.200	5.555956
0.906667	0.200	7.857158
0.910000	0.200	9.851475
0.913333	0.200	11.152401
0.916667	0.200	11.608135
0.920000	0.200	11.309072
0.923333	0.200	10.488489
0.926667	0.200	9.406838
0.930000	0.200	8.275875
0.933333	0.200	7.227495
0.936667	0.200	6.312869
0.940000	0.200	5.521544
0.943333	0.200	4.812956
0.946667	0.200	4.148719
0.950000	0.200	3.512484
0.953333	0.200	2.912025
0.956667	0.200	2.369170
0.960000	0.200	1.907381
0.963333	0.200	1.543706
0.966667	0.200	1.286698
0.970000	0.200	1.138366
0.973333	0.200	1.096721
0.976667	0.200	1.155764
0.980000	0.200	1.301804
0.983333	0.200	1.508884
0.986667	0.200	1.739049
0.990000	0.200	1.950516
0.993333	0.200	2.109593
0.996667	0.200	2.199491
1.000000	0.200	2.222763
1.003333	0.200	2.197469
1.006667	0.200	2.149579
1.010000	0.200	2.105885
1.013333	0.200	2.089828
1.016667	0.200	2.118640
1.020000	0.200	2.198928
1.023333	0.200	2.321547
1.026667	0.200	2.460354
1.030000	0.200	2.578201
1.033333	0.200	2.639097
1.036667	0.200	2.621203
1.040000	0.200	2.524233
1.043333	0.200	2.368578
1.046667	0.200	2.188725
1.050000	0.200	2.024712
1.053333	0.200	1.914346
1.056667	0.200	1.888212
1.060000	0.200	1.967593
1.063333	0.200	2.163460
1.066667	0.200	2.475383
1.070000	0.200	2.891215
1.073333	0.200	3.388932
1.076667	0.200	3.940118
1.080000	0.200	4.513110
1.083333	0.200	5.075214
1.086667	0.200	5.595392
1.090000	0.200	6.048341
1.093333	0.200	6.419517
1.096667	0.200	6.710750
1.100000	0.200	6.944627
1.103333	0.200	7.161763
1.106667	0.200	7.406215
1.110000	0.200	7.703864
1.113333	0.200	8.045932
1.116667	0.200	8.386946
1.120000	0.200	8.658760
1.123333	0.200	8.795064
1.126667	0.200	8.754997
1.130000	0.200	8.534522
1.133333	0.200	8.161912
1.136667	0.200	7.681997
1.140000	0.200	7.138055
1.143333	0.200	6.560482
1.146667	0.200	5.966396
1.150000	0.200	5.366815
1.153333	0.200	4.774785
1.156667	0.200	4.209447
1.160000	0.200	3.694233
1.163333	0.200	3.250408
1.166667	0.200	2.889806
1.170000	0.200	2.611012
1.173333	0.200	2.400405
1.176667	0.200	2.236750
1.180000	0.200	2.097559
1.183333	0.200	1.965233
1.186667	0.200	1.830917
1.190000	0.200	1.695825
1.193333	0.200	1.571661
1.196667	0.200	1.481093
1.200000	0.200	1.457987
1.203333	0.200	1.546034
1.206667	0.200	1.792538
1.210000	0.200	2.234226
1.213333	0.200	2.876733
1.216667	0.200	3.676337
1.220000	0.200	4.535569
1.223333	0.200	5.318927
1.226667	0.200	5.885779
1.230000	0.200	6.130089
1.233333	0.200	6.011643
1.236667	0.200	5.565412
1.240000	0.200	4.887030
1.243333	0.200	4.103006
1.246667	0.200	3.337504
1.250000	0.200	2.686189
1.253333	0.200	2.202664
1.256667	0.200	1.896954
1.260000	0.200	1.744272
1.263333	0.200	1.703352
1.266667	0.200	1.739927
1.270000	0.200	1.847936
1.273333	0.200	2.065571
1.276667	0.200	2.485225
1.280000	0.200	3.243665
1.283333	0.200	4.468592
1.286667	0.200	6.183168
1.290000	0.200	8.221220
1.293333	0.200	10.225963
1.296667	0.200	11.759595
1.300000	0.200	12.471706
1.303333	0.200	12.231143
1.306667	0.200	11.154386
1.310000	0.200	9.532002
1.313333	0.200	7.707744
1.316667	0.200	5.972716
1.320000	0.200	4.509419
1.323333	0.200	3.386717
1.326667	0.200	2.587635
1.330000	0.200	2.048632
1.333333	0.200	1.693956
1.336667	0.200	1.457390
1.340000	0.200	1.291520
1.343333	0.200	1.167919
1.346667	0.200	1.072384
1.350000	0.200	0.999050
1.353333	0.200	0.945893
1.356667	0.200	0.912143
1.360000	0.200	0.896979
1.363333	0.200	0.898991
1.366667	0.200	0.916329
1.370000	0.200	0.947029
1.373333	0.200	0.988805
1.376667	0.200	1.038478
1.380000	0.200	1.092085
1.383333	0.200	1.145649
1.386667	0.200	1.195403
1.390000	0.200	1.237428
1.393333	0.200	1.267664
1.396667	0.200	1.282640
1.400000	0.200	1.280029
1.403333	0.200	1.258629
1.406667	0.200	1.218253
1.410000	0.200	1.159621
1.413333	0.200	1.084447
1.416667	0.200	0.995800
1.420000	0.200	0.897956
1.423333	0.200	0.795368
1.426667	0.200	0.691905
1.430000	0.200	0.591055
1.433333	0.200	0.495998
1.436667	0.200	0.409064
1.440000	0.200	0.331269
1.443333	0.200	0.262558
1.446667	0.200	0.202699
1.450000	0.200	0.152228
1.453333	0.200	0.112748
1.456667	0.200	0.085996
1.460000	0.200	0.072676
1.463333	0.200	0.072478
1.466667	0.200	0.084417
1.470000	0.200	0.106597
1.473333	0.200	0.136227
1.476667	0.200	0.169876
1.480000	0.200	0.203808
1.483333	0.200	0.235173
1.486667	0.200	0.263177
1.490000	0.200	0.288674
1.493333	0.200	0.312941
1.496667	0.200	0.337124
1.500000	0.200	0.362309
1.503333	0.200	0.389374
1.506667	0.200	0.418077
1.510000	0.200	0.446350
1.513333	0.200	0.471277
1.516667	0.200	0.490618
1.520000	0.200	0.503106
1.523333	0.200	0.508322
1.526667	0.200	0.506985
1.530000	0.200	0.501087
1.533333	0.200	0.493493
1.536667	0.200	0.487287
1.540000	0.200	0.485393
1.543333	0.200	0.489962
1.546667	0.200	0.501399
1.550000	0.200	0.518268
1.553333	0.200	0.537843
1.556667	0.200	0.556674
1.560000	0.200	0.571441
1.563333	0.200	0.579366
1.566667	0.200	0.577914
1.570000	0.200	0.564929
1.573333	0.200	0.539176
1.576667	0.200	0.500375
1.580000	0.200	0.449089
1.583333	0.200	0.386898
1.586667	0.200	0.316261
1.590000	0.200	0.240044
1.593333	0.200	0.161186
1.596667	0.200	0.082297
1.600000	0.200	0.005152
1.603333	0.200	-0.069100
1.606667	0.200	-0.139180
1.610000	0.200	-0.203732
1.613333	0.200	-0.262179
1.616667	0.200	-0.315198
1.620000	0.200	-0.364151
1.623333	0.200	-0.409597
1.626667	0.200	-0.450648
1.630000	0.200	-0.486279
1.633333	0.200	-0.516534
1.636667	0.200	-0.542163
1.640000	0.200	-0.563809
1.643333	0.200	-0.581816
1.646667	0.200	-0.596538
1.650000	0.200	-0.608467
1.653333	0.200	-0.617839
1.656667	0.200	-0.624513
1.660000	0.200	-0.628444
1.663333	0.200	-0.629687
1.666667	0.200	-0.627979
1.670000	0.200	-0.622924
1.673333	0.200	-0.614292
1.676667	0.200	-0.601813
1.680000	0.200	-0.585218
1.683333	0.200	-0.564480
1.686667	0.200	-0.539789
1.690000	0.200	-0.511691
1.693333	0.200	-0.481230
1.696667	0.200	-0.449222
1.700000	0.200	-0.415600
1.703333	0.200	-0.380115
1.706667	0.200	-0.343348
1.710000	0.200	-0.306651
1.713333	0.200	-0.271492
1.716667	0.200	-0.239030
1.720000	0.200	-0.210063
1.723333	0.200	-0.185081
1.726667	0.200	-0.164349
1.730000	0.200	-0.148161
1.733333	0.200	-0.137100
1.736667	0.200	-0.132018
1.740000	0.200	-0.133638
1.743333	0.200	-0.141933
1.746667	0.200	-0.156337
1.750000	0.200	-0.176636
1.753333	0.200	-0.202967
1.756667	0.200	-0.235234
1.760000	0.200	-0.272917
1.763333	0.200	-0.314745
1.766667	0.200	-0.358492
1.770000	0.200	-0.401770
1.773333	0.200	-0.442894
1.776667	0.200	-0.480558
1.780000	0.200	-0.512817
1.783333	0.200	-0.536612
1.786667	0.200	-0.547959
1.790000	0.200	-0.541829
1.793333	0.200	-0.511886
1.796667	0.200	-0.451270
1.800000	0.200	-0.354331
1.803333	0.200	-0.218478
1.806667	0.200	-0.045748
1.810000	0.200	0.156237
1.813333	0.200	0.374167
1.816667	0.200	0.590145
1.820000	0.200	0.784365
1.823333	0.200	0.938906
1.826667	0.200	1.041000
1.830000	0.200	1.084564
1.833333	0.200	1.070624
1.836667	0.200	1.006894
1.840000	0.200	0.905899
1.843333	0.200	0.782804
1.846667	0.200	0.653868
1.850000	0.200	0.534703
1.853333	0.200	0.438441
1.856667	0.200	0.374731
1.860000	0.200	0.349466
1.863333	0.200	0.364755
1.866667	0.200	0.419077
1.870000	0.200	0.507307
1.873333	0.200	0.620688
1.876667	0.200	0.747449
1.880000	0.200	0.873657
1.883333	0.200	0.983938
1.886667	0.200	1.063282
1.890000	0.200	1.100007
1.893333	0.200	1.087829
1.896667	0.200	1.026036
1.900000	0.200	0.918615
1.903333	0.200	0.773364
1.906667	0.200	0.600847
1.910000	0.200	0.412891
1.913333	0.200	0.221059
1.916667	0.200	0.035372
1.920000	0.200	-0.136574
1.923333	0.200	-0.289676
1.926667	0.200	-0.421109
1.930000	0.200	-0.530607
1.933333	0.200	-0.620471
1.936667	0.200	-0.694138
1.940000	0.200	-0.754432
1.943333	0.200	-0.803166
1.946667	0.200	-0.841466
1.950000	0.200	-0.869984
1.953333	0.200	-0.888990
1.956667	0.200	-0.898038
1.960000	0.200	-0.895693
1.963333	0.200	-0.879640
1.966667	0.200	-0.845852
1.970000	0.200	-0.786842
1.973333	0.200	-0.690748
1.976667	0.200	-0.541413
1.980000	0.200	-0.319212
1.983333	0.200	-0.002911
1.986667	0.200	0.428293
1.990000	0.200	0.993013
1.993333	0.200	1.704911
1.996667	0.200	2.568763
2.000000	0.200	3.576514
2.003333	0.200	4.703826
2.006667	0.200	5.908028
2.010000	0.200	7.129295
2.013333	0.200	8.295852
2.016667	0.200	9.332033
2.020000	0.200	10.167039
2.023333	0.200	10.742955
2.026667	0.200	11.021442
2.030000	0.200	10.988460
2.033333	0.200	10.655462
2.036667	0.200	10.056724
2.040000	0.200	9.244415
2.043333	0.200	8.282104
2.046667	0.200	7.236889
2.050000	0.200	6.171521
2.053333	0.200	5.138368
2.056667	0.200	4.176725
2.060000	0.200	3.312721
2.063333	0.200	2.560038
2.066667	0.200	1.921311
2.070000	0.200	1.390421
2.073333	0.200	0.955340
2.076667	0.200	0.601602
2.080000	0.200	0.315376
2.083333	0.200	0.084509
2.086667	0.200	-0.101668
2.090000	0.200	-0.252183
2.093333	0.200	-0.374302
2.096667	0.200	-0.473756
2.100000	0.200	-0.554772
2.103333	0.200	-0.620483
2.106667	0.200	-0.673898
2.110000	0.200	-0.718009
2.113333	0.200	-0.755055
2.116667	0.200	-0.786512
2.120000	0.200	-0.813606
2.123333	0.200	-0.837236
2.126667	0.200	-0.857605
2.130000	0.200	-0.874477
2.133333	0.200	-0.887880
2.136667	0.200	-0.898218
2.140000	0.200	-0.905928
2.143333	0.200	-0.911460
2.146667	0.200	-0.915229
2.150000	0.200	-0.917501
2.153333	0.200	-0.918729
2.156667	0.200	-0.919592
2.160000	0.200	-0.920227
2.163333	0.200	-0.919990
2.166667	0.200	-0.918353
2.170000	0.200	-0.915615
2.173333	0.200	-0.912444
2.176667	0.200	-0.909161
2.180000	0.200	-0.905845
2.183333	0.200	-0.902680
2.186667	0.200	-0.899810
2.190000	0.200	-0.897038
2.193333	0.200	-0.893742
2.196667	0.200	-0.889383
2.200000	0.200	-0.884303
2.203333	0.200	-0.879472
2.206667	0.200	-0.875310
2.210000	0.200	-0.870839
2.213333	0.200	-0.863654
2.216667	0.200	-0.850537
2.220000	0.200	-0.828067
2.223333	0.200	-0.792055
2.226667	0.200	-0.734848
2.230000	0.200	-0.641204
2.233333	0.200	-0.484883
2.236667	0.200	-0.229329
2.240000	0.200	0.163624
2.243333	0.200	0.718061
2.246667	0.200	1.428321
2.250000	0.200	2.249134
2.253333	0.200	3.094972
2.256667	0.200	3.851636
2.260000	0.200	4.400195
2.263333	0.200	4.648012
2.266667	0.200	4.556446
2.270000	0.200	4.153396
2.273333	0.200	3.524515
2.276667	0.200	2.787209
2.280000	0.200	2.059335
2.283333	0.200	1.434698
2.286667	0.200	0.971367
2.290000	0.200	0.692239
2.293333	0.200	0.593852
2.296667	0.200	0.658280
2.300000	0.200	0.863516
2.303333	0.200	1.189554
2.306667	0.200	1.619564
2.310000	0.200	2.138118
2.313333	0.200	2.729549
2.316667	0.200	3.377315
2.320000	0.200	4.063679
2.323333	0.200	4.770061
2.326667	0.200	5.477597
2.330000	0.200	6.167007
2.333333	0.200	6.818960
2.336667	0.200	7.415482
2.340000	0.200	7.941117
2.343333	0.200	8.383538
2.346667	0.200	8.734258
2.350000	0.200	8.989036
2.353333	0.200	9.147389
2.356667	0.200	9.211993
2.360000	0.200	9.188393
2.363333	0.200	9.084542
2.366667	0.200	8.910187
2.370000	0.200	8.676023
2.373333	0.200	8.392579
2.376667	0.200	8.069642
2.380000	0.200	7.716499
2.383333	0.200	7.342306
2.386667	0.200	6.956164
2.390000	0.200	6.566980
2.393333	0.200	6.182891
2.396667	0.200	5.810479
2.400000	0.200	5.454580
2.403333	0.200	5.118641
2.406667	0.200	4.805337
2.410000	0.200	4.516976
2.413333	0.200	4.254996
2.416667	0.200	4.019592
2.420000	0.200	3.810478
2.423333	0.200	3.627392
2.426667	0.200	3.469875
2.430000	0.200	3.337467
2.433333	0.200	3.230032
2.436667	0.200	3.147371
2.440000	0.200	3.088848
2.443333	0.200	3.053646
2.446667	0.200	3.040981
2.450000	0.200	3.049967
2.453333	0.200	3.079649
2.456667	0.200	3.129328
2.460000	0.200	3.198715
2.463333	0.200	3.287950
2.466667	0.200	3.397813
2.470000	0.200	3.529459
2.473333	0.200	3.683604
2.476667	0.200	3.859945
2.480000	0.200	4.056696
2.483333	0.200	4.270128
2.486667	0.200	4.494394
2.490000	0.200	4.721290
2.493333	0.200	4.940084
2.496667	0.200	5.138269
2.500000	0.200	5.303288
2.503333	0.200	5.423795
2.506667	0.200	5.489763
2.510000	0.200	5.492711
2.513333	0.200	5.427016
2.516667	0.200	5.291404
2.520000	0.200	5.089446
2.523333	0.200	4.828977
2.526667	0.200	4.521372
2.530000	0.200	4.180977
2.533333	0.200	3.823660
2.536667	0.200	3.464353
2.540000	0.200	3.114862
2.543333	0.200	2.782933
2.546667	0.200	2.472778
2.550000	0.200	2.186085
2.553333	0.200	1.922491
2.556667	0.200	1.680326
2.560000	0.200	1.457908
2.563333	0.200	1.254071
2.566667	0.200	1.067715
2.570000	0.200	0.897475
2.573333	0.200	0.741968
2.576667	0.200	0.600233
2.580000	0.200	0.471747
2.583333	0.200	0.355929
2.586667	0.200	0.251719
2.590000	0.200	0.157689
2.593333	0.200	0.072697
2.596667	0.200	-0.003470
2.600000	0.200	-0.070451
2.603333	0.200	-0.128473
2.606667	0.200	-0.178693
2.610000	0.200	-0.222449
2.613333	0.200	-0.260810
2.616667	0.200	-0.294757
2.620000	0.200	-0.325182
2.623333	0.200	-0.352618
2.626667	0.200	-0.377065
2.630000	0.200	-0.397869
2.633333	0.200	-0.413455
2.636667	0.200	-0.421383
2.640000	0.200	-0.419242
2.643333	0.200	-0.405716
2.646667	0.200	-0.381091
2.650000	0.200	-0.347071
2.653333	0.200	-0.305975
2.656667	0.200	-0.260330
2.660000	0.200	-0.213497
2.663333	0.200	-0.169990
2.666667	0.200	-0.134492
2.670000	0.200	-0.110622
2.673333	0.200	-0.100445
2.676667	0.200	-0.104701
2.680000	0.200	-0.123022
2.683333	0.200	-0.153490
2.686667	0.200	-0.192429
2.690000	0.200	-0.235645
2.693333	0.200	-0.280052
2.696667	0.200	-0.323709
2.700000	0.200	-0.364676
2.703333	0.200	-0.400779
2.706667	0.200	-0.430657
2.710000	0.200	-0.454308
2.713333	0.200	-0.472542
2.716667	0.200	-0.486558
2.720000	0.200	-0.497735
2.723333	0.200	-0.507276
2.726667	0.200	-0.516088
2.730000	0.200	-0.524810
2.733333	0.200	-0.533947
2.736667	0.200	-0.544034
2.740000	0.200	-0.555069
2.743333	0.200	-0.565985
2.746667	0.200	-0.575188
2.750000	0.200	-0.581322
2.753333	0.200	-0.583866
2.756667	0.200	-0.583573
2.760000	0.200	-0.581957
2.763333	0.200	-0.580194
2.766667	0.200	-0.578669
2.770000	0.200	-0.577472
2.773333	0.200	-0.576980
2.776667	0.200	-0.577619
2.780000	0.200	-0.579586
2.783333	0.200	-0.583145
2.786667	0.200	-0.588811
2.790000	0.200	-0.597118
2.793333	0.200	-0.608175
2.796667	0.200	-0.621318
2.800000	0.200	-0.635431
2.803333	0.200	-0.649651
2.806667	0.200	-0.663611
2.810000	0.200	-0.677375
2.813333	0.200	-0.691330
2.816667	0.200	-0.705725
2.820000	0.200	-0.720068
2.823333	0.200	-0.733175
2.826667	0.200	-0.744213
2.830000	0.200	-0.753394
2.833333	0.200	-0.761273
2.836667	0.200	-0.767975
2.840000	0.200	-0.773498
2.843333	0.200	-0.778261
2.846667	0.200	-0.782799
2.850000	0.200	-0.787101
2.853333	0.200	-0.790660
2.856667	0.200	-0.792781
2.860000	0.200	-0.792445
2.863333	0.200	-0.788539
2.866667	0.200	-0.780671
2.870000	0.200	-0.769276
2.873333	0.200	-0.754918
2.876667	0.200	-0.738181
2.880000	0.200	-0.720241
2.883333	0.200	-0.702510
2.886667	0.200	-0.685528
2.890000	0.200	-0.669188
2.893333	0.200	-0.653899
2.896667	0.200	-0.640730
2.900000	0.200	-0.630622
2.903333	0.200	-0.623837
2.906667	0.200	-0.619915
2.910000	0.200	-0.617777
2.913333	0.200	-0.616103
2.916667	0.200	-0.614251
2.920000	0.200	-0.612456
2.923333	0.200	-0.610751
2.926667	0.200	-0.608657
2.930000	0.200	-0.606260
2.933333	0.200	-0.604592
2.936667	0.200	-0.604662
2.940000	0.200	-0.606756
2.943333	0.200	-0.610916
2.946667	0.200	-0.617351
2.950000	0.200	-0.625927
2.953333	0.200	-0.636016
2.956667	0.200	-0.647096
2.960000	0.200	-0.658945
2.963333	0.200	-0.671321
2.966667	0.200	-0.683714
2.970000	0.200	-0.695266
2.973333	0.200	-0.705008
2.976667	0.200	-0.712270
2.980000	0.200	-0.716726
2.983333	0.200	-0.718049
2.986667	0.200	-0.715788
2.990000	0.200	-0.709694
2.993333	0.200	-0.700150
2.996667	0.200	-0.688100
3.000000	0.200	-0.674820
3.003333	0.200	-0.661933
3.006667	0.200	-0.650646
3.010000	0.200	-0.640846
3.013333	0.200	-0.631892
3.016667	0.200	-0.623662
3.020000	0.200	-0.616421
3.023333	0.200	-0.610862
3.026667	0.200	-0.608383
3.030000	0.200	-0.610375
3.033333	0.200	-0.617091
3.036667	0.200	-0.627493
3.040000	0.200	-0.640154
3.043333	0.200	-0.654125
3.046667	0.200	-0.669036
3.050000	0.200	-0.684754
3.053333	0.200	-0.700796
3.056667	0.200	-0.715945
3.060000	0.200	-0.728952
3.063333	0.200	-0.739407
3.066667	0.200	-0.747467
3.070000	0.200	-0.753357
3.073333	0.200	-0.757460
3.076667	0.200	-0.760307
3.080000	0.200	-0.762454
3.083333	0.200	-0.764553
3.086667	0.200	-0.767195
3.090000	0.200	-0.770698
3.093333	0.200	-0.775084
3.096667	0.200	-0.779857
3.100000	0.200	-0.784050
3.103333	0.200	-0.786974
3.106667	0.200	-0.788696
3.110000	0.200	-0.789617
3.113333	0.200	-0.789981
3.116667	0.200	-0.789984
3.120000	0.200	-0.789875
3.123333	0.200	-0.789423
3.126667	0.200	-0.787663
3.130000	0.200	-0.783638
3.133333	0.200	-0.776810
3.136667	0.200	-0.766544
3.140000	0.200	-0.752183
3.143333	0.200	-0.733687
3.146667	0.200	-0.711537
3.150000	0.200	-0.686387
3.153333	0.200	-0.659368
3.156667	0.200	-0.632352
3.160000	0.200	-0.607557
3.163333	0.200	-0.586916
3.166667	0.200	-0.571987
3.170000	0.200	-0.564070
3.173333	0.200	-0.563417
3.176667	0.200	-0.568626
3.180000	0.200	-0.577688
3.183333	0.200	-0.589048
3.186667	0.200	-0.601346
3.190000	0.200	-0.613213
3.193333	0.200	-0.623867
3.196667	0.200	-0.633396
3.200000	0.200	-0.642371
3.203333	0.200	-0.651325
3.206667	0.200	-0.660310
3.210000	0.200	-0.668920
3.213333	0.200	-0.676790
3.216667	0.200	-0.683849
3.220000	0.200	-0.690166
3.223333	0.200	-0.695637
3.226667	0.200	-0.699705
3.230000	0.200	-0.701633
3.233333	0.200	-0.701187
3.236667	0.200	-0.698858
3.240000	0.200	-0.695218
3.243333	0.200	-0.689824
3.246667	0.200	-0.681055
3.250000	0.200	-0.667293
3.253333	0.200	-0.647445
3.256667	0.200	-0.620216
3.260000	0.200	-0.583884
3.263333	0.200	-0.536852
3.266667	0.200	-0.478296
3.270000	0.200	-0.408743
3.273333	0.200	-0.330119
3.276667	0.200	-0.245309
3.280000	0.200	-0.157822
3.283333	0.200	-0.071778
3.286667	0.200	0.008224
3.290000	0.200	0.077714
3.293333	0.200	0.132949
3.296667	0.200	0.171206
3.300000	0.200	0.191226
3.303333	0.200	0.193469
3.306667	0.200	0.179660
3.310000	0.200	0.151962
3.313333	0.200	0.112444
3.316667	0.200	0.063289
3.320000	0.200	0.007237
3.323333	0.200	-0.052497
3.326667	0.200	-0.112705
3.330000	0.200	-0.170706
3.333333	0.200	-0.224627
3.336667	0.200	-0.273223
3.340000	0.200	-0.315554
3.343333	0.200	-0.350953
3.346667	0.200	-0.379150
3.350000	0.200	-0.400064
3.353333	0.200	-0.412847
3.356667	0.200	-0.413576
3.360000	0.200	-0.390319
3.363333	0.200	-0.313616
3.366667	0.200	-0.120254
3.370000	0.200	0.311477
3.373333	0.200	1.193870
3.376667	0.200	2.861068
3.380000	0.200	5.783406
3.383333	0.200	10.544165
3.386667	0.200	17.762537
3.390000	0.200	27.962692
3.393333	0.200	41.411048
3.396667	0.200	57.964688
3.400000	0.200	76.982611
3.403333	0.200	97.338516
3.406667	0.200	117.544152
3.410000	0.200	135.960264
3.413333	0.200	151.048343
3.416667	0.200	161.605569
3.420000	0.200	166.931152
3.423333	0.200	166.892658
3.426667	0.200	161.888241
3.430000	0.200	152.726905
3.433333	0.200	140.465229
3.436667	0.200	126.240067
3.440000	0.200	111.126731
3.443333	0.200	96.039325
3.446667	0.200	81.678012
3.450000	0.200	68.517969
3.453333	0.200	56.829095
3.456667	0.200	46.713477
3.460000	0.200	38.148290
3.463333	0.200	31.025891
3.466667	0.200	25.187740
3.470000	0.200	20.451825
3.473333	0.200	16.634018
3.476667	0.200	13.563198
3.480000	0.200	11.090216
3.483333	0.200	9.091170
3.486667	0.200	7.466237
3.490000	0.200	6.136584
3.493333	0.200	5.041388
3.496667	0.200	4.134962
3.500000	0.200	3.383448
3.503333	0.200	2.761177
3.506667	0.200	2.247385
3.510000	0.200	1.824343
3.513333	0.200	1.476771
3.516667	0.200	1.191403
3.520000	0.200	0.956681
3.523333	0.200	0.762874
3.526667	0.200	0.602013
3.530000	0.200	0.467645
3.533333	0.200	0.354629
3.536667	0.200	0.258565
3.540000	0.200	0.175320
3.543333	0.200	0.101559
3.546667	0.200	0.035458
3.550000	0.200	-0.023592
3.553333	0.200	-0.076009
3.556667	0.200	-0.122489
3.560000	0.200	-0.163454
3.563333	0.200	-0.198348
3.566667	0.200	-0.225474
3.570000	0.200	-0.242363
3.573333	0.200	-0.246804
3.576667	0.200	-0.238004
3.580000	0.200	-0.216875
3.583333	0.200	-0.185549
3.586667	0.200	-0.146837
3.590000	0.200	-0.103830
3.593333	0.200	-0.059794
3.596667	0.200	-0.018399
3.600000	0.200	0.016311
3.603333	0.200	0.040443
3.606667	0.200	0.050996
3.610000	0.200	0.046387
3.613333	0.200	0.026558
3.616667	0.200	-0.007113
3.620000	0.200	-0.052274
3.623333	0.200	-0.105948
3.626667	0.200	-0.164273
3.630000	0.200	-0.223028
3.633333	0.200	-0.278943
3.636667	0.200	-0.330122
3.640000	0.200	-0.375760
3.643333	0.200	-0.415773
3.646667	0.200	-0.450325
3.650000	0.200	-0.479580
3.653333	0.200	-0.503873
3.656667	0.200	-0.523983
3.660000	0.200	-0.541151
3.663333	0.200	-0.556713
3.666667	0.200	-0.571439
3.670000	0.200	-0.585144
3.673333	0.200	-0.597146
3.676667	0.200	-0.607039
3.680000	0.200	-0.614990
3.683333	0.200	-0.621426
3.686667	0.200	-0.626537
3.690000	0.200	-0.630267
3.693333	0.200	-0.632648
3.696667	0.200	-0.633984
3.700000	0.200	-0.634658
3.703333	0.200	-0.634674
3.706667	0.200	-0.633696
3.710000	0.200	-0.631544
3.713333	0.200	-0.628329
3.716667	0.200	-0.624281
3.720000	0.200	-0.619670
3.723333	0.200	-0.614556
3.726667	0.200	-0.608614
3.730000	0.200	-0.601501
3.733333	0.200	-0.593449
3.736667	0.200	-0.585376
3.740000	0.200	-0.578376
3.743333	0.200	-0.573059
3.746667	0.200	-0.569439
3.750000	0.200	-0.567387
3.753333	0.200	-0.566939
3.756667	0.200	-0.568041
3.760000	0.200	-0.570173
3.763333	0.200	-0.572659
3.766667	0.200	-0.575539
3.770000	0.200	-0.579767
3.773333	0.200	-0.586350
3.776667	0.200	-0.595456
3.780000	0.200	-0.606553
3.783333	0.200	-0.618842
3.786667	0.200	-0.631156
3.790000	0.200	-0.642249
3.793333	0.200	-0.651659
3.796667	0.200	-0.659817
3.800000	0.200	-0.667322
3.803333	0.200	-0.674473
3.806667	0.200	-0.681188
3.810000	0.200	-0.686833
3.813333	0.200	-0.690153
3.816667	0.200	-0.689567
3.820000	0.200	-0.683508
3.823333	0.200	-0.670337
3.826667	0.200	-0.647875
3.830000	0.200	-0.613205
3.833333	0.200	-0.562946
3.836667	0.200	-0.493434
3.840000	0.200	-0.401226
3.843333	0.200	-0.284387
3.846667	0.200	-0.143338
3.850000	0.200	0.019268
3.853333	0.200	0.198844
3.856667	0.200	0.388961
3.860000	0.200	0.581539
3.863333	0.200	0.767267
3.866667	0.200	0.936025
3.870000	0.200	1.077326
3.873333	0.200	1.181320
3.876667	0.200	1.240751
3.880000	0.200	1.252683
3.883333	0.200	1.218176
3.886667	0.200	1.141037
3.890000	0.200	1.027564
3.893333	0.200	0.886217
3.896667	0.200	0.726382
3.900000	0.200	0.557424
3.903333	0.200	0.388173
3.906667	0.200	0.226063
3.910000	0.200	0.076484
3.913333	0.200	-0.057286
3.916667	0.200	-0.173930
3.920000	0.200	-0.273444
3.923333	0.200	-0.356387
3.926667	0.200	-0.424031
3.930000	0.200	-0.478698
3.933333	0.200	-0.523002
3.936667	0.200	-0.558812
3.940000	0.200	-0.587531
3.943333	0.200	-0.610732
3.946667	0.200	-0.629720
3.950000	0.200	-0.645147
3.953333	0.200	-0.657457
3.956667	0.200	-0.667225
3.960000	0.200	-0.674975
3.963333	0.200	-0.681070
3.966667	0.200	-0.686115
3.970000	0.200	-0.690938
3.973333	0.200	-0.695647
3.976667	0.200	-0.699459
3.980000	0.200	-0.701945
3.983333	0.200	-0.703655
3.986667	0.200	-0.705337
3.990000	0.200	-0.707271
3.993333	0.200	-0.709526
3.996667	0.200	-0.712174
4.000000	0.200	-0.715204
4.003333	0.200	-0.718722
4.006667	0.200	-0.722855
4.010000	0.200	-0.727326
4.013333	0.200	-0.731641
4.016667	0.200	-0.735550
4.020000	0.200	-0.739077
4.023333	0.200	-0.742385
4.026667	0.200	-0.745743
4.030000	0.200	-0.749268
4.033333	0.200	-0.752636
4.036667	0.200	-0.755401
4.040000	0.200	-0.757460
4.043333	0.200	-0.758963
4.046667	0.200	-0.760155
4.050000	0.200	-0.761339
4.053333	0.200	-0.762577
4.056667	0.200	-0.763518
4.060000	0.200	-0.763618
4.063333	0.200	-0.762375
4.066667	0.200	-0.759844
4.070000	0.200	-0.757000
4.073333	0.200	-0.754719
4.076667	0.200	-0.752725
4.080000	0.200	-0.750341
4.083333	0.200	-0.747371
4.086667	0.200	-0.743869
4.090000	0.200	-0.740026
4.093333	0.200	-0.736235
4.096667	0.200	-0.732706
4.100000	0.200	-0.729569
4.103333	0.200	-0.727505
4.106667	0.200	-0.727368
4.110000	0.200	-0.729097
4.113333	0.200	-0.731512
4.116667	0.200	-0.733222
4.120000	0.200	-0.733816
4.123333	0.200	-0.734047
4.126667	0.200	-0.734761
4.130000	0.200	-0.736160
4.133333	0.200	-0.737967
4.136667	0.200	-0.739634
4.140000	0.200	-0.740699
4.143333	0.200	-0.741266
4.146667	0.200	-0.741879
4.150000	0.200	-0.743062
4.153333	0.200	-0.744979
4.156667	0.200	-0.747365
4.160000	0.200	-0.749762
4.163333	0.200	-0.751748
4.166667	0.200	-0.753057
4.170000	0.200	-0.753583
4.173333	0.200	-0.753303
4.176667	0.200	-0.752404
4.180000	0.200	-0.751549
4.183333	0.200	-0.751795
4.186667	0.200	-0.753737
4.190000	0.200	-0.756735
4.193333	0.200	-0.759575
4.196667	0.200	-0.761721
4.200000	0.200	-0.763511
4.203333	0.200	-0.765482
4.206667	0.200	-0.767917
4.210000	0.200	-0.770758
4.213333	0.200	-0.773422
4.216667	0.200	-0.774897
4.220000	0.200	-0.774592
4.223333	0.200	-0.772907
4.226667	0.200	-0.770736
4.230000	0.200	-0.768869
4.233333	0.200	-0.767897
4.236667	0.200	-0.768052
4.240000	0.200	-0.768950
4.243333	0.200	-0.769613
4.246667	0.200	-0.768972
4.250000	0.200	-0.766608
4.253333	0.200	-0.762766
4.256667	0.200	-0.757663
4.260000	0.200	-0.751379
4.263333	0.200	-0.744311
4.266667	0.200	-0.737215
4.270000	0.200	-0.730750
4.273333	0.200	-0.725004
4.276667	0.200	-0.719594
4.280000	0.200	-0.714532
4.283333	0.200	-0.710729
4.286667	0.200	-0.709144
4.290000	0.200	-0.709692
4.293333	0.200	-0.711483
4.296667	0.200	-0.713817
4.300000	0.200	-0.716608
4.303333	0.200	-0.720286
4.306667	0.200	-0.725306
4.310000	0.200	-0.731467
4.313333	0.200	-0.738101
4.316667	0.200	-0.744944
4.320000	0.200	-0.752228
4.323333	0.200	-0.759992
4.326667	0.200	-0.767604
4.330000	0.200	-0.774096
4.333333	0.200	-0.778819
4.336667	0.200	-0.781815
4.340000	0.200	-0.783780
4.343333	0.200	-0.785602
4.346667	0.200	-0.787924
4.350000	0.200	-0.791089
4.353333	0.200	-0.795130
4.356667	0.200	-0.799609
4.360000	0.200	-0.803493
4.363333	0.200	-0.805671
4.366667	0.200	-0.805943
4.370000	0.200	-0.805141
4.373333	0.200	-0.804205
4.376667	0.200	-0.803583
4.380000	0.200	-0.803515
4.383333	0.200	-0.804367
4.386667	0.200	-0.806177
4.390000	0.200	-0.808109
4.393333	0.200	-0.809152
4.396667	0.200	-0.809175
4.400000	0.200	-0.808809
4.403333	0.200	-0.808482
4.406667	0.200	-0.807895
4.410000	0.200	-0.806521
4.413333	0.200	-0.804258
4.416667	0.200	-0.801541
4.420000	0.200	-0.799039
4.423333	0.200	-0.797130
4.426667	0.200	-0.795626
4.430000	0.200	-0.794053
4.433333	0.200	-0.792014
4.436667	0.200	-0.789304
4.440000	0.200	-0.785850
4.443333	0.200	-0.781478
4.446667	0.200	-0.775767
4.450000	0.200	-0.768381
4.453333	0.200	-0.759386
4.456667	0.200	-0.748938
4.460000	0.200	-0.737054
4.463333	0.200	-0.723985
4.466667	0.200	-0.710189
4.470000	0.200	-0.695511
4.473333	0.200	-0.678929
4.476667	0.200	-0.659674
4.480000	0.200	-0.638244
4.483333	0.200	-0.616159
4.486667	0.200	-0.595003
4.490000	0.200	-0.575496
4.493333	0.200	-0.557494
4.496667	0.200	-0.540826
4.500000	0.200	-0.525636
4.503333	0.200	-0.512101
4.506667	0.200	-0.500396
4.510000	0.200	-0.490999
4.513333	0.200	-0.484791
4.516667	0.200	-0.482707
4.520000	0.200	-0.485189
4.523333	0.200	-0.491970
4.526667	0.200	-0.502282
4.530000	0.200	-0.515034
4.533333	0.200	-0.528957
4.536667	0.200	-0.543014
4.540000	0.200	-0.556488
4.543333	0.200	-0.568490
4.546667	0.200	-0.578072
4.550000	0.200	-0.585047
4.553333	0.200	-0.590011
4.556667	0.200	-0.593704
4.560000	0.200	-0.596783
4.563333	0.200	-0.599746
4.566667	0.200	-0.603038
4.570000	0.200	-0.607076
4.573333	0.200	-0.611903
4.576667	0.200	-0.617339
4.580000	0.200	-0.623411
4.583333	0.200	-0.630150
4.586667	0.200	-0.637209
4.590000	0.200	-0.644009
4.593333	0.200	-0.650254
4.596667	0.200	-0.656204
4.600000	0.200	-0.662374
4.603333	0.200	-0.669118
4.606667	0.200	-0.676566
4.610000	0.200	-0.684542
4.613333	0.200	-0.692452
4.616667	0.200	-0.699590
4.620000	0.200	-0.705477
4.623333	0.200	-0.709912
4.626667	0.200	-0.712973
4.630000	0.200	-0.714955
4.633333	0.200	-0.716058
4.636667	0.200	-0.715986
4.640000	0.200	-0.714110
4.643333	0.200	-0.710043
4.646667	0.200	-0.703651
4.650000	0.200	-0.694736
4.653333	0.200	-0.683150
4.656667	0.200	-0.669098
4.660000	0.200	-0.653190
4.663333	0.200	-0.636024
4.666667	0.200	-0.617664
4.670000	0.200	-0.597591
4.673333	0.200	-0.575345
4.676667	0.200	-0.551241
4.680000	0.200	-0.526333
4.683333	0.200	-0.502044
4.686667	0.200	-0.480074
4.690000	0.200	-0.461920
4.693333	0.200	-0.448298
4.696667	0.200	-0.439458
4.700000	0.200	-0.435654
4.703333	0.200	-0.436757
4.706667	0.200	-0.442190
4.710000	0.200	-0.451579
4.713333	0.200	-0.464757
4.716667	0.200	-0.481174
4.720000	0.200	-0.499617
4.723333	0.200	-0.518350
4.726667	0.200	-0.535754
4.730000	0.200	-0.551186
4.733333	0.200	-0.564801
4.736667	0.200	-0.576447
4.740000	0.200	-0.585599
4.743333	0.200	-0.592308
4.746667	0.200	-0.597128
4.750000	0.200	-0.600193
4.753333	0.200	-0.601261
4.756667	0.200	-0.600401
4.760000	0.200	-0.598128
4.763333	0.200	-0.595019
4.766667	0.200	-0.591370
4.770000	0.200	-0.587469
4.773333	0.200	-0.584064
4.776667	0.200	-0.581894
4.780000	0.200	-0.580833
4.783333	0.200	-0.580150
4.786667	0.200	-0.579358
4.790000	0.200	-0.578406
4.793333	0.200	-0.577331
4.796667	0.200	-0.575858
4.800000	0.200	-0.573326
4.803333	0.200	-0.568953
4.806667	0.200	-0.562067
4.810000	0.200	-0.552313
4.813333	0.200	-0.539837
4.816667	0.200	-0.525077
4.820000	0.200	-0.508138
4.823333	0.200	-0.488383
4.826667	0.200	-0.464909
4.830000	0.200	-0.437512
4.833333	0.200	-0.407173
4.836667	0.200	-0.375711
4.840000	0.200	-0.345076
4.843333	0.200	-0.316994
4.846667	0.200	-0.293268
4.850000	0.200	-0.275943
4.853333	0.200	-0.266625
4.856667	0.200	-0.265800
4.860000	0.200	-0.272930
4.863333	0.200	-0.286894
4.866667	0.200	-0.306251
4.870000	0.200	-0.329336
4.873333	0.200	-0.354517
4.876667	0.200	-0.380555
4.880000	0.200	-0.406688
4.883333	0.200	-0.432207
4.886667	0.200	-0.456147
4.890000	0.200	-0.477857
4.893333	0.200	-0.497702
4.896667	0.200	-0.516737
4.900000	0.200	-0.535669
4.903333	0.200	-0.553897
4.906667	0.200	-0.569731
4.910000	0.200	-0.581994
4.913333	0.200	-0.590952
4.916667	0.200	-0.597530
4.920000	0.200	-0.602414
4.923333	0.200	-0.605957
4.926667	0.200	-0.608509
4.930000	0.200	-0.610673
4.933333	0.200	-0.612931
4.936667	0.200	-0.615041
4.940000	0.200	-0.615908
4.943333	0.200	-0.614339
4.946667	0.200	-0.610066
4.950000	0.200	-0.603539
4.953333	0.200	-0.595150
4.956667	0.200	-0.585493
4.960000	0.200	-0.575775
4.963333	0.200	-0.566992
4.966667	0.200	-0.559137
4.970000	0.200	-0.551819
4.973333	0.200	-0.544829
4.976667	0.200	-0.537662
4.980000	0.200	-0.529448
4.983333	0.200	-0.519889
4.986667	0.200	-0.509761
4.990000	0.200	-0.500247
4.993333	0.200	-0.492287
4.996667	0.200	-0.486405
5.000000	0.200	-0.482621
5.003333	0.200	-0.480685
5.006667	0.200	-0.480520
5.010000	0.200	-0.482236
5.013333	0.200	-0.485715
5.016667	0.200	-0.490060
5.020000	0.200	-0.493317
5.023333	0.200	-0.493403
5.026667	0.200	-0.489472
5.030000	0.200	-0.481980
5.033333	0.200	-0.471844
5.036667	0.200	-0.459737
5.040000	0.200	-0.445668
5.043333	0.200	-0.429033
5.046667	0.200	-0.409397
5.050000	0.200	-0.387368
5.053333	0.200	-0.364581
5.056667	0.200	-0.342917
5.060000	0.200	-0.323830
5.063333	0.200	-0.308257
5.066667	0.200	-0.296808
5.070000	0.200	-0.289783
5.073333	0.200	-0.287391
5.076667	0.200	-0.289996
5.080000	0.200	-0.297543
5.083333	0.200	-0.308673
5.086667	0.200	-0.320953
5.090000	0.200	-0.331880
5.093333	0.200	-0.339559
5.096667	0.200	-0.343063
5.100000	0.200	-0.342648
5.103333	0.200	-0.339717
5.106667	0.200	-0.336339
5.110000	0.200	-0.334549
5.113333	0.200	-0.335741
5.116667	0.200	-0.340155
5.120000	0.200	-0.346779
5.123333	0.200	-0.353836
5.126667	0.200	-0.359505
5.130000	0.200	-0.362398
5.133333	0.200	-0.361338
5.136667	0.200	-0.355016
5.140000	0.200	-0.342500
5.143333	0.200	-0.323740
5.146667	0.200	-0.298976
5.150000	0.200	-0.268136
5.153333	0.200	-0.230950
5.156667	0.200	-0.187405
5.160000	0.200	-0.138088
5.163333	0.200	-0.084307
5.166667	0.200	-0.028654
5.170000	0.200	0.024812
5.173333	0.200	0.071879
5.176667	0.200	0.109479
5.180000	0.200	0.135563
5.183333	0.200	0.148678
5.186667	0.200	0.148372
5.190000	0.200	0.135660
5.193333	0.200	0.112488
5.196667	0.200	0.080720
5.200000	0.200	0.041767
5.203333	0.200	-0.002828
5.206667	0.200	-0.050896
5.210000	0.200	-0.100027
5.213333	0.200	-0.148209
5.216667	0.200	-0.194225
5.220000	0.200	-0.237764
5.223333	0.200	-0.278954
5.226667	0.200	-0.317278
5.230000	0.200	-0.351039
5.233333	0.200	-0.378248
5.236667	0.200	-0.397922
5.240000	0.200	-0.409968
5.243333	0.200	-0.413228
5.246667	0.200	-0.403443
5.250000	0.200	-0.372494
5.253333	0.200	-0.308260
5.256667	0.200	-0.195780
5.260000	0.200	-0.021200
5.263333	0.200	0.222772
5.266667	0.200	0.531977
5.270000	0.200	0.887542
5.273333	0.200	1.256021
5.276667	0.200	1.594258
5.280000	0.200	1.857999
5.283333	0.200	2.011731
5.286667	0.200	2.036623
5.290000	0.200	1.934160
5.293333	0.200	1.724713
5.296667	0.200	1.441923
5.300000	0.200	1.124912
5.303333	0.200	0.810430
5.306667	0.200	0.526495
5.310000	0.200	0.288945
5.313333	0.200	0.101726
5.316667	0.200	-0.039742
5.320000	0.200	-0.144207
5.323333	0.200	-0.221017
5.326667	0.200	-0.277753
5.330000	0.200	-0.319570
5.333333	0.200	-0.350079
5.336667	0.200	-0.372187
5.340000	0.200	-0.388331
5.343333	0.200	-0.400624
5.346667	0.200	-0.410750
5.350000	0.200	-0.419687
5.353333	0.200	-0.427768
5.356667	0.200	-0.434812
5.360000	0.200	-0.440265
5.363333	0.200	-0.443980
5.366667	0.200	-0.446813
5.370000	0.200	-0.449903
5.373333	0.200	-0.453867
5.376667	0.200	-0.458812
5.380000	0.200	-0.464331
5.383333	0.200	-0.469427
5.386667	0.200	-0.473007
5.390000	0.200	-0.474624
5.393333	0.200	-0.474468
5.396667	0.200	-0.472749
5.400000	0.200	-0.469399
5.403333	0.200	-0.464293
5.406667	0.200	-0.457721
5.410000	0.200	-0.450410
5.413333	0.200	-0.442813
5.416667	0.200	-0.434936
5.420000	0.200	-0.427117
5.423333	0.200	-0.420427
5.426667	0.200	-0.416064
5.430000	0.200	-0.414522
5.433333	0.200	-0.415561
5.436667	0.200	-0.418700
5.440000	0.200	-0.423265
5.443333	0.200	-0.428383
5.446667	0.200	-0.433360
5.450000	0.200	-0.437678
5.453333	0.200	-0.440913
5.456667	0.200	-0.443177
5.460000	0.200	-0.445337
5.463333	0.200	-0.448352
5.466667	0.200	-0.452088
5.470000	0.200	-0.454952
5.473333	0.200	-0.455436
5.476667	0.200	-0.453676
5.480000	0.200	-0.450882
5.483333	0.200	-0.447934
5.486667	0.200	-0.444987
5.490000	0.200	-0.441933
5.493333	0.200	-0.438736
5.496667	0.200	-0.435236
5.500000	0.200	-0.431308
5.503333	0.200	-0.427505
5.506667	0.200	-0.424671
5.510000	0.200	-0.422864
5.513333	0.200	-0.421589
5.516667	0.200	-0.420677
5.520000	0.200	-0.420141
5.523333	0.200	-0.419725
5.526667	0.200	-0.418975
5.530000	0.200	-0.417368
5.533333	0.200	-0.414475
5.536667	0.200	-0.410139
5.540000	0.200	-0.404468
5.543333	0.200	-0.397993
5.546667	0.200	-0.391732
5.550000	0.200	-0.386547
5.553333	0.200	-0.382334
5.556667	0.200	-0.378180
5.560000	0.200	-0.373426
5.563333	0.200	-0.368233
5.566667	0.200	-0.363394
5.570000	0.200	-0.359993
5.573333	0.200	-0.358731
5.576667	0.200	-0.359368
5.580000	0.200	-0.360945
5.583333	0.200	-0.362195
5.586667	0.200	-0.362145
5.590000	0.200	-0.360890
5.593333	0.200	-0.359517
5.596667	0.200	-0.359096
5.600000	0.200	-0.359703
5.603333	0.200	-0.360469
5.606667	0.200	-0.360647
5.610000	0.200	-0.360405
5.613333	0.200	-0.360420
5.616667	0.200	-0.360965
5.620000	0.200	-0.361763
5.623333	0.200	-0.362494
5.626667	0.200	-0.363031
5.630000	0.200	-0.363202
5.633333	0.200	-0.362639
5.636667	0.200	-0.361012
5.640000	0.200	-0.358025
5.643333	0.200	-0.353190
5.646667	0.200	-0.346256
5.650000	0.200	-0.338054
5.653333	0.200	-0.330574
5.656667	0.200	-0.326036
5.660000	0.200	-0.325699
5.663333	0.200	-0.329286
5.666667	0.200	-0.335385
5.670000	0.200	-0.342434
5.673333	0.200	-0.349313
5.676667	0.200	-0.355554
5.680000	0.200	-0.361355
5.683333	0.200	-0.367150
5.686667	0.200	-0.372998
5.690000	0.200	-0.378373
5.693333	0.200	-0.382583
5.696667	0.200	-0.385530
5.700000	0.200	-0.387691
5.703333	0.200	-0.389350
5.706667	0.200	-0.390426
5.710000	0.200	-0.390894
5.713333	0.200	-0.390800
5.716667	0.200	-0.389946
5.720000	0.200	-0.387721
5.723333	0.200	-0.383339
5.726667	0.200	-0.376630
5.730000	0.200	-0.368373
5.733333	0.200	-0.359506
5.736667	0.200	-0.350534
5.740000	0.200	-0.341608
5.743333	0.200	-0.332850
5.746667	0.200	-0.324670
5.750000	0.200	-0.317576
5.753333	0.200	-0.311742
5.756667	0.200	-0.306997
5.760000	0.200	-0.303027
5.763333	0.200	-0.299626
5.766667	0.200	-0.296958
5.770000	0.200	-0.295431
5.773333	0.200	-0.295360
5.776667	0.200	-0.296904
5.780000	0.200	-0.300278
5.783333	0.200	-0.305564
5.786667	0.200	-0.312101
5.790000	0.200	-0.318464
5.793333	0.200	-0.323287
5.796667	0.200	-0.326028
5.800000	0.200	-0.327043
5.803333	0.200	-0.326999
5.806667	0.200	-0.326266
5.810000	0.200	-0.325147
5.813333	0.200	-0.324417
5.816667	0.200	-0.325093
5.820000	0.200	-0.327570
5.823333	0.200	-0.331279
5.826667	0.200	-0.335272
5.830000	0.200	-0.338927
5.833333	0.200	-0.342007
5.836667	0.200	-0.344374
5.840000	0.200	-0.346107
5.843333	0.200	-0.347823
5.846667	0.200	-0.350297
5.850000	0.200	-0.353703
5.853333	0.200	-0.357443
5.856667	0.200	-0.360453
5.860000	0.200	-0.361923
5.863333	0.200	-0.362069
5.866667	0.200	-0.361673
5.870000	0.200	-0.361080
5.873333	0.200	-0.360055
5.876667	0.200	-0.358163
5.880000	0.200	-0.355166
5.883333	0.200	-0.351179
5.886667	0.200	-0.346286
5.890000	0.200	-0.340259
5.893333	0.200	-0.332713
5.896667	0.200	-0.323251
5.900000	0.200	-0.311733
5.903333	0.200	-0.298816
5.906667	0.200	-0.285878
5.910000	0.200	-0.274066
5.913333	0.200	-0.263769
5.916667	0.200	-0.255120
5.920000	0.200	-0.248516
5.923333	0.200	-0.244336
5.926667	0.200	-0.242253
5.930000	0.200	-0.241315
5.933333	0.200	-0.240933
5.936667	0.200	-0.241472
5.940000	0.200	-0.243802
5.943333	0.200	-0.248592
5.946667	0.200	-0.255946
5.950000	0.200	-0.265165
5.953333	0.200	-0.274860
5.956667	0.200	-0.283684
5.960000	0.200	-0.290773
5.963333	0.200	-0.295587
5.966667	0.200	-0.297983
5.970000	0.200	-0.298418
5.973333	0.200	-0.297685
5.976667	0.200	-0.296584
5.980000	0.200	-0.295808
5.983333	0.200	-0.295698
5.986667	0.200	-0.295881
5.990000	0.200	-0.295384
5.993333	0.200	-0.293475
5.996667	0.200	-0.290507
6.000000	0.200	-0.287694
6.003333	0.200	-0.285931
6.006667	0.200	-0.284963
6.010000	0.200	-0.283770
6.013333	0.200	-0.281728
6.016667	0.200	-0.279099
6.020000	0.200	-0.276286
6.023333	0.200	-0.273163
6.026667	0.200	-0.269433
6.030000	0.200	-0.265280
6.033333	0.200	-0.261178
6.036667	0.200	-0.257110
6.040000	0.200	-0.252283
6.043333	0.200	-0.245360
6.046667	0.200	-0.235003
6.050000	0.200	-0.220762
6.053333	0.200	-0.203288
6.056667	0.200	-0.183554
6.060000	0.200	-0.162456
6.063333	0.200	-0.141136
6.066667	0.200	-0.120801
6.070000	0.200	-0.101939
6.073333	0.200	-0.084266
6.076667	0.200	-0.067672
6.080000	0.200	-0.053078
6.083333	0.200	-0.042273
6.086667	0.200	-0.036529
6.090000	0.200	-0.035516
6.093333	0.200	-0.037960
6.096667	0.200	-0.042898
6.100000	0.200	-0.049795
6.103333	0.200	-0.057875
6.106667	0.200	-0.065973
6.110000	0.200	-0.072875
6.113333	0.200	-0.077397
6.116667	0.200	-0.078682
6.120000	0.200	-0.076844
6.123333	0.200	-0.072814
6.126667	0.200	-0.067745
6.130000	0.200	-0.062967
6.133333	0.200	-0.059888
6.136667	0.200	-0.059548
6.140000	0.200	-0.062415
6.143333	0.200	-0.068388
6.146667	0.200	-0.076770
6.150000	0.200	-0.086487
6.153333	0.200	-0.096616
6.156667	0.200	-0.106613
6.160000	0.200	-0.116183
6.163333	0.200	-0.125290
6.166667	0.200	-0.134330
6.170000	0.200	-0.144072
6.173333	0.200	-0.154924
6.176667	0.200	-0.166307
6.180000	0.200	-0.177303
6.183333	0.200	-0.187576
6.186667	0.200	-0.197218
6.190000	0.200	-0.206231
6.193333	0.200	-0.214350
6.196667	0.200	-0.221057
6.200000	0.200	-0.225995
6.203333	0.200	-0.229418
6.206667	0.200	-0.231987
6.210000	0.200	-0.234254
6.213333	0.200	-0.236421
6.216667	0.200	-0.238513
6.220000	0.200	-0.241057
6.223333	0.200	-0.245245
6.226667	0.200	-0.251690
6.230000	0.200	-0.259546
6.233333	0.200	-0.267269
6.236667	0.200	-0.273610
6.240000	0.200	-0.278032
6.243333	0.200	-0.280780
6.246667	0.200	-0.282482
6.250000	0.200	-0.283628
6.253333	0.200	-0.284288
6.256667	0.200	-0.284143
6.260000	0.200	-0.282827
6.263333	0.200	-0.280159
6.266667	0.200	-0.276333
6.270000	0.200	-0.272127
6.273333	0.200	-0.268534
6.276667	0.200	-0.266317
6.280000	0.200	-0.266066
6.283333	0.200	-0.267726
6.286667	0.200	-0.270095
6.290000	0.200	-0.271815
6.293333	0.200	-0.272578
6.296667	0.200	-0.272912
6.300000	0.200	-0.273326
6.303333	0.200	-0.273951
6.306667	0.200	-0.274746
6.310000	0.200	-0.275656
6.313333	0.200	-0.276450
6.316667	0.200	-0.276683
6.320000	0.200	-0.275952
6.323333	0.200	-0.274112
6.326667	0.200	-0.271315
6.330000	0.200	-0.267961
6.333333	0.200	-0.264578
6.336667	0.200	-0.261544
6.340000	0.200	-0.258874
6.343333	0.200	-0.256556
6.346667	0.200	-0.255012
6.350000	0.200	-0.254669
6.353333	0.200	-0.255357
6.356667	0.200	-0.256667
6.360000	0.200	-0.258570
6.363333	0.200	-0.261172
6.366667	0.200	-0.263993
6.370000	0.200	-0.266109
6.373333	0.200	-0.267192
6.376667	0.200	-0.267910
6.380000	0.200	-0.269068
6.383333	0.200	-0.270745
6.386667	0.200	-0.272379
6.390000	0.200	-0.273303
6.393333	0.200	-0.273165
6.396667	0.200	-0.272116
6.400000	0.200	-0.270617
6.403333	0.200	-0.268951
6.406667	0.200	-0.266920
6.410000	0.200	-0.264061
6.413333	0.200	-0.259967
6.416667	0.200	-0.254455
6.420000	0.200	-0.247657
6.423333	0.200	-0.239554
6.426667	0.200	-0.229297
6.430000	0.200	-0.215617
6.433333	0.200	-0.197871
6.436667	0.200	-0.176649
6.440000	0.200	-0.153564
6.443333	0.200	-0.130586
6.446667	0.200	-0.109441
6.450000	0.200	-0.090901
6.453333	0.200	-0.074769
6.456667	0.200	-0.061178
6.460000	0.200	-0.051528
6.463333	0.200	-0.047946
6.466667	0.200	-0.052035
6.470000	0.200	-0.063924
6.473333	0.200	-0.082332
6.476667	0.200	-0.105140
6.480000	0.200	-0.129831
6.483333	0.200	-0.154222
6.486667	0.200	-0.177070
6.490000	0.200	-0.197645
6.493333	0.200	-0.215111
6.496667	0.200	-0.228906
6.500000	0.200	-0.239477
6.503333	0.200	-0.248023
6.506667	0.200	-0.255641
6.510000	0.200	-0.263050
6.513333	0.200	-0.270612
6.516667	0.200	-0.278059
6.520000	0.200	-0.284439
6.523333	0.200	-0.288813
6.526667	0.200	-0.291002
6.530000	0.200	-0.291707
6.533333	0.200	-0.292056
6.536667	0.200	-0.292799
6.540000	0.200	-0.293924
6.543333	0.200	-0.295063
6.546667	0.200	-0.296120
6.550000	0.200	-0.297520
6.553333	0.200	-0.299774
6.556667	0.200	-0.302827
6.560000	0.200	-0.305967
6.563333	0.200	-0.308433
6.566667	0.200	-0.310096
6.570000	0.200	-0.311296
6.573333	0.200	-0.312145
6.576667	0.200	-0.312432
6.580000	0.200	-0.312129
6.583333	0.200	-0.311679
6.586667	0.200	-0.311580
6.590000	0.200	-0.311939
6.593333	0.200	-0.312850
6.596667	0.200	-0.314427
6.600000	0.200	-0.315949
6.603333	0.200	-0.316066
6.606667	0.200	-0.314404
6.610000	0.200	-0.312219
6.613333	0.200	-0.311026
6.616667	0.200	-0.311146
6.620000	0.200	-0.312144
6.623333	0.200	-0.313795
6.626667	0.200	-0.315693
6.630000	0.200	-0.316929
6.633333	0.200	-0.316919
6.636667	0.200	-0.315667
6.640000	0.200	-0.313156
6.643333	0.200	-0.309406
6.646667	0.200	-0.304896
6.650000	0.200	-0.300268
6.653333	0.200	-0.296090
6.656667	0.200	-0.293026
6.660000	0.200	-0.291412
6.663333	0.200	-0.290678
6.666667	0.200	-0.289840
6.670000	0.200	-0.288281
6.673333	0.200	-0.285821
6.676667	0.200	-0.282590
6.680000	0.200	-0.279142
6.683333	0.200	-0.276413
6.686667	0.200	-0.275329
6.690000	0.200	-0.276208
6.693333	0.200	-0.278487
6.696667	0.200	-0.281197
6.700000	0.200	-0.283768
6.703333	0.200	-0.286252
6.706667	0.200	-0.288809
6.710000	0.200	-0.291330
6.713333	0.200	-0.293633
6.716667	0.200	-0.295625
6.720000	0.200	-0.297207
6.723333	0.200	-0.298347
6.726667	0.200	-0.299126
6.730000	0.200	-0.299387
6.733333	0.200	-0.298447
6.736667	0.200	-0.295634
6.740000	0.200	-0.291014
6.743333	0.200	-0.285165
6.746667	0.200	-0.278593
6.750000	0.200	-0.271661
6.753333	0.200	-0.264596
6.756667	0.200	-0.257622
6.760000	0.200	-0.251345
6.763333	0.200	-0.246546
6.766667	0.200	-0.243728
6.770000	0.200	-0.243109
6.773333	0.200	-0.244512
6.776667	0.200	-0.247417
6.780000	0.200	-0.251312
6.783333	0.200	-0.255716
6.786667	0.200	-0.260370
6.790000	0.200	-0.265484
6.793333	0.200	-0.271102
6.796667	0.200	-0.276549
6.800000	0.200	-0.280894
6.803333	0.200	-0.283347
6.806667	0.200	-0.283446
6.810000	0.200	-0.281594
6.813333	0.200	-0.279232
6.816667	0.200	-0.277944
6.820000	0.200	-0.278088
6.823333	0.200	-0.278716
6.826667	0.200	-0.278974
6.830000	0.200	-0.278931
6.833333	0.200	-0.279024
6.836667	0.200	-0.279316
6.840000	0.200	-0.279581
6.843333	0.200	-0.279999
6.846667	0.200	-0.281290
6.850000	0.200	-0.283831
6.853333	0.200	-0.287091
6.856667	0.200	-0.290230
6.860000	0.200	-0.292743
6.863333	0.200	-0.294388
6.866667	0.200	-0.295095
6.870000	0.200	-0.294941
6.873333	0.200	-0.293830
6.876667	0.200	-0.291235
6.880000	0.200	-0.285993
6.883333	0.200	-0.275736
6.886667	0.200	-0.256027
6.890000	0.200	-0.219266
6.893333	0.200	-0.152970
6.896667	0.200	-0.037127
6.900000	0.200	0.158826
6.903333	0.200	0.478817
6.906667	0.200	0.982690
6.910000	0.200	1.747861
6.913333	0.200	2.868978
6.916667	0.200	4.454702
6.920000	0.200	6.620624
6.923333	0.200	9.477430
6.926667	0.200	13.114961
6.930000	0.200	17.584147
6.933333	0.200	22.878540
6.936667	0.200	28.918116
6.940000	0.200	35.539752
6.943333	0.200	42.498356
6.946667	0.200	49.479747
6.950000	0.200	56.123804
6.953333	0.200	62.055802
6.956667	0.200	66.922932
6.960000	0.200	70.431122
6.963333	0.200	72.376639
6.966667	0.200	72.667493
6.970000	0.200	71.331038
6.973333	0.200	68.506737
6.976667	0.200	64.426083
6.980000	0.200	59.383560
6.983333	0.200	53.703445
6.986667	0.200	47.707969
6.990000	0.200	41.690470
6.993333	0.200	35.894765
6.996667	0.200	30.502617
7.000000	0.200	25.631347
7.003333	0.200	21.340139
7.006667	0.200	17.640487
7.010000	0.200	14.507547
7.013333	0.200	11.891747
7.016667	0.200	9.730215
7.020000	0.200	7.956338
7.023333	0.200	6.506008
7.026667	0.200	5.321148
7.030000	0.200	4.351726
7.033333	0.200	3.556584
7.036667	0.200	2.903026
7.040000	0.200	2.365120
7.043333	0.200	1.921588
7.046667	0.200	1.554746
7.050000	0.200	1.250355
7.053333	0.200	0.997191
7.056667	0.200	0.786453
7.060000	0.200	0.611479
7.063333	0.200	0.467141
7.066667	0.200	0.348863
7.070000	0.200	0.252037
7.073333	0.200	0.172077
7.076667	0.200	0.105042
7.080000	0.200	0.048360
7.083333	0.200	0.000621
7.086667	0.200	-0.039440
7.090000	0.200	-0.073160
7.093333	0.200	-0.101084
7.096667	0.200	-0.122992
7.100000	0.200	-0.139335
7.103333	0.200	-0.151934
7.106667	0.200	-0.162830
7.110000	0.200	-0.173040
7.113333	0.200	-0.182748
7.116667	0.200	-0.192037
7.120000	0.200	-0.200817
7.123333	0.200	-0.208671
7.126667	0.200	-0.215391
7.130000	0.200	-0.221175
7.133333	0.200	-0.226193
7.136667	0.200	-0.230524
7.140000	0.200	-0.234517
7.143333	0.200	-0.238851
7.146667	0.200	-0.243995
7.150000	0.200	-0.249670
7.153333	0.200	-0.255082
7.156667	0.200	-0.259511
7.160000	0.200	-0.262584
7.163333	0.200	-0.264195
7.166667	0.200	-0.264459
7.170000	0.200	-0.263994
7.173333	0.200	-0.263764
7.176667	0.200	-0.264251
7.180000	0.200	-0.265303
7.183333	0.200	-0.266792
7.186667	0.200	-0.268684
7.190000	0.200	-0.270726
7.193333	0.200	-0.272683
7.196667	0.200	-0.274638
7.200000	0.200	-0.276676
7.203333	0.200	-0.278522
7.206667	0.200	-0.279745
7.210000	0.200	-0.280246
7.213333	0.200	-0.280575
7.216667	0.200	-0.281537
7.220000	0.200	-0.283246
7.223333	0.200	-0.284850
7.226667	0.200	-0.284943
7.230000	0.200	-0.281814
7.233333	0.200	-0.273558
7.236667	0.200	-0.258288
7.240000	0.200	-0.234275
7.243333	0.200	-0.199937
7.246667	0.200	-0.153417
7.250000	0.200	-0.092023
7.253333	0.200	-0.012457
7.256667	0.200	0.088252
7.260000	0.200	0.211882
7.263333	0.200	0.358563
7.266667	0.200	0.527112
7.270000	0.200	0.715352
7.273333	0.200	0.919501
7.276667	0.200	1.133474
7.280000	0.200	1.348851
7.283333	0.200	1.555696
7.286667	0.200	1.743975
7.290000	0.200	1.904481
7.293333	0.200	2.029213
7.296667	0.200	2.111975
7.300000	0.200	2.149223
7.303333	0.200	2.140316
7.306667	0.200	2.086812
7.310000	0.200	1.991912
7.313333	0.200	1.860839
7.316667	0.200	1.701183
7.320000	0.200	1.522285
7.323333	0.200	1.333876
7.326667	0.200	1.144523
7.330000	0.200	0.960741
7.333333	0.200	0.787156
7.336667	0.200	0.626974
7.340000	0.200	0.482233
7.343333	0.200	0.353967
7.346667	0.200	0.242388
7.350000	0.200	0.147155
7.353333	0.200	0.067404
7.356667	0.200	0.001423
7.360000	0.200	-0.053255
7.363333	0.200	-0.099118
7.366667	0.200	-0.138064
7.370000	0.200	-0.171194
7.373333	0.200	-0.198743
7.376667	0.200	-0.220399
7.380000	0.200	-0.236148
7.383333	0.200	-0.246665
7.386667	0.200	-0.252983
7.390000	0.200	-0.256145
7.393333	0.200	-0.256759
7.396667	0.200	-0.254572
7.400000	0.200	-0.248976
7.403333	0.200	-0.240024
7.406667	0.200	-0.228606
7.410000	0.200	-0.215823
7.413333	0.200	-0.202507
7.416667	0.200	-0.189250
7.420000	0.200	-0.176537
7.423333	0.200	-0.164670
7.426667	0.200	-0.153954
7.430000	0.200	-0.145171
7.433333	0.200	-0.139490
7.436667	0.200	-0.137848
7.440000	0.200	-0.140504
7.443333	0.200	-0.147073
7.446667	0.200	-0.156913
7.450000	0.200	-0.169234
7.453333	0.200	-0.183053
7.456667	0.200	-0.197688
7.460000	0.200	-0.213191
7.463333	0.200	-0.229660
7.466667	0.200	-0.246151
7.470000	0.200	-0.261077
7.473333	0.200	-0.273679
7.476667	0.200	-0.284359
7.480000	0.200	-0.293942
7.483333	0.200	-0.303096
7.486667	0.200	-0.311917
7.490000	0.200	-0.319713
7.493333	0.200	-0.325510
7.496667	0.200	-0.328896
7.500000	0.200	-0.330423
7.503333	0.200	-0.331299
7.506667	0.200	-0.332391
7.510000	0.200	-0.333548
7.513333	0.200	-0.334062
7.516667	0.200	-0.333400
7.520000	0.200	-0.331577
7.523333	0.200	-0.329166
7.526667	0.200	-0.326986
7.530000	0.200	-0.325753
7.533333	0.200	-0.325743
7.536667	0.200	-0.326549
7.540000	0.200	-0.327419
7.543333	0.200	-0.327745
7.546667	0.200	-0.327153
7.550000	0.200	-0.325564
7.553333	0.200	-0.323170
7.556667	0.200	-0.319968
7.560000	0.200	-0.315706
7.563333	0.200	-0.310606
7.566667	0.200	-0.305790
7.570000	0.200	-0.302583
7.573333	0.200	-0.301469
7.576667	0.200	-0.301883
7.580000	0.200	-0.302593
7.583333	0.200	-0.302388
7.586667	0.200	-0.301238
7.590000	0.200	-0.300401
7.593333	0.200	-0.300780
7.596667	0.200	-0.301959
7.600000	0.200	-0.303093
7.603333	0.200	-0.303760
7.606667	0.200	-0.303889
7.610000	0.200	-0.303454
7.613333	0.200	-0.302432
7.616667	0.200	-0.301180
7.620000	0.200	-0.300545
7.623333	0.200	-0.301326
7.626667	0.200	-0.303671
7.630000	0.200	-0.307077
7.633333	0.200	-0.310815
7.636667	0.200	-0.314147
7.640000	0.200	-0.316590
7.643333	0.200	-0.318468
7.646667	0.200	-0.320866
7.650000	0.200	-0.324595
7.653333	0.200	-0.329557
7.656667	0.200	-0.335304
7.660000	0.200	-0.341541
7.663333	0.200	-0.347796
7.666667	0.200	-0.353323
7.670000	0.200	-0.357831
7.673333	0.200	-0.361823
7.676667	0.200	-0.365634
7.680000	0.200	-0.368590
7.683333	0.200	-0.369787
7.686667	0.200	-0.369224
7.690000	0.200	-0.367850
7.693333	0.200	-0.366911
7.696667	0.200	-0.367061
7.700000	0.200	-0.367996
7.703333	0.200	-0.369161
7.706667	0.200	-0.370064
7.710000	0.200	-0.369537
7.713333	0.200	-0.365201
7.716667	0.200	-0.353610
7.720000	0.200	-0.330131
7.723333	0.200	-0.287475
7.726667	0.200	-0.213174
7.730000	0.200	-0.087700
7.733333	0.200	0.115925
7.736667	0.200	0.431034
7.740000	0.200	0.894668
7.743333	0.200	1.543127
7.746667	0.200	2.405898
7.750000	0.200	3.498517
7.753333	0.200	4.814652
7.756667	0.200	6.318911
7.760000	0.200	7.943998
7.763333	0.200	9.594312
7.766667	0.200	11.154734
7.770000	0.200	12.503418
7.773333	0.200	13.528063
7.776667	0.200	14.142695
7.780000	0.200	14.300422
7.783333	0.200	13.999679
7.786667	0.200	13.283231
7.790000	0.200	12.229674
7.793333	0.200	10.939630
7.796667	0.200	9.520966
7.800000	0.200	8.075842
7.803333	0.200	6.690315
7.806667	0.200	5.427181
7.810000	0.200	4.323085
7.813333	0.200	3.390519
7.816667	0.200	2.623628
7.820000	0.200	2.005098
7.823333	0.200	1.512176
7.826667	0.200	1.121296
7.830000	0.200	0.811189
7.833333	0.200	0.564556
7.836667	0.200	0.368214
7.840000	0.200	0.211867
7.843333	0.200	0.087250
7.846667	0.200	-0.011628
7.850000	0.200	-0.088891
7.853333	0.200	-0.148260
7.856667	0.200	-0.193607
7.860000	0.200	-0.228245
7.863333	0.200	-0.254548
7.866667	0.200	-0.274463
7.870000	0.200	-0.289802
7.873333	0.200	-0.301906
7.876667	0.200	-0.311584
7.880000	0.200	-0.319498
7.883333	0.200	-0.326405
7.886667	0.200	-0.332934
7.890000	0.200	-0.339103
7.893333	0.200	-0.344243
7.896667	0.200	-0.347591
7.900000	0.200	-0.348801
7.903333	0.200	-0.348176
7.906667	0.200	-0.346835
7.910000	0.200	-0.346214
7.913333	0.200	-0.346900
7.916667	0.200	-0.348503
7.920000	0.200	-0.350685
7.923333	0.200	-0.353464
7.926667	0.200	-0.356713
7.930000	0.200	-0.360072
7.933333	0.200	-0.363327
7.936667	0.200	-0.366650
7.940000	0.200	-0.370215
7.943333	0.200	-0.373557
7.946667	0.200	-0.375973
7.950000	0.200	-0.377443
7.953333	0.200	-0.378403
7.956667	0.200	-0.378995
7.960000	0.200	-0.378986
7.963333	0.200	-0.378078
7.966667	0.200	-0.376324
7.970000	0.200	-0.374265
7.973333	0.200	-0.372374
7.976667	0.200	-0.370614
7.980000	0.200	-0.368597
7.983333	0.200	-0.365730
7.986667	0.200	-0.361367
7.990000	0.200	-0.355015
7.993333	0.200	-0.345915
7.996667	0.200	-0.332494
8.000000	0.200	-0.312861
8.003333	0.200	-0.285553
8.006667	0.200	-0.249516
8.010000	0.200	-0.204167
8.013333	0.200	-0.150078
8.016667	0.200	-0.089787
8.020000	0.200	-0.027998
8.023333	0.200	0.029440
8.026667	0.200	0.077211
8.030000	0.200	0.111646
8.033333	0.200	0.130699
8.036667	0.200	0.133330
8.040000	0.200	0.119508
8.043333	0.200	0.090642
8.046667	0.200	0.049742
8.050000	0.200	0.001096
8.053333	0.200	-0.050807
8.056667	0.200	-0.102313
8.060000	0.200	-0.150886
8.063333	0.200	-0.195015
8.066667	0.200	-0.233827
8.070000	0.200	-0.266696
8.073333	0.200	-0.293292
8.076667	0.200	-0.313807
8.080000	0.200	-0.329145
8.083333	0.200	-0.340839
8.086667	0.200	-0.350386
8.090000	0.200	-0.358537
8.093333	0.200	-0.365554
8.096667	0.200	-0.371695
8.100000	0.200	-0.376729
8.103333	0.200	-0.379855
8.106667	0.200	-0.380986
8.110000	0.200	-0.381253
8.113333	0.200	-0.381908
8.116667	0.200	-0.383482
8.120000	0.200	-0.385954
8.123333	0.200	-0.388829
8.126667	0.200	-0.390978
8.130000	0.200	-0.391366
8.133333	0.200	-0.390188
8.136667	0.200	-0.388791
8.140000	0.200	-0.388587
8.143333	0.200	-0.390382
8.146667	0.200	-0.394289
8.150000	0.200	-0.399518
8.153333	0.200	-0.404234
8.156667	0.200	-0.406560
8.160000	0.200	-0.406117
8.163333	0.200	-0.403910
8.166667	0.200	-0.401119
8.170000	0.200	-0.398867
8.173333	0.200	-0.398082
8.176667	0.200	-0.398849
8.180000	0.200	-0.400720
8.183333	0.200	-0.403364
8.186667	0.200	-0.406253
8.190000	0.200	-0.408470
8.193333	0.200	-0.409202
8.196667	0.200	-0.408229
8.200000	0.200	-0.405986
8.203333	0.200	-0.403074
8.206667	0.200	-0.399854
8.210000	0.200	-0.396506
8.213333	0.200	-0.393270
8.216667	0.200	-0.390678
8.220000	0.200	-0.389467
8.223333	0.200	-0.390040
8.226667	0.200	-0.391877
8.230000	0.200	-0.393479
8.233333	0.200	-0.393526
8.236667	0.200	-0.392203
8.240000	0.200	-0.390845
8.243333	0.200	-0.390667
8.246667	0.200	-0.392047
8.250000	0.200	-0.394445
8.253333	0.200	-0.396898
8.256667	0.200	-0.398681
8.260000	0.200	-0.399593
8.263333	0.200	-0.399976
8.266667	0.200	-0.400523
8.270000	0.200	-0.401840
8.273333	0.200	-0.403990
8.276667	0.200	-0.406532
8.280000	0.200	-0.408983
8.283333	0.200	-0.411003
8.286667	0.200	-0.412298
8.290000	0.200	-0.412639
8.293333	0.200	-0.412046
8.296667	0.200	-0.410880
8.300000	0.200	-0.409592
8.303333	0.200	-0.408438
8.306667	0.200	-0.407621
8.310000	0.200	-0.407442
8.313333	0.200	-0.407726
8.316667	0.200	-0.407255
8.320000	0.200	-0.404650
8.323333	0.200	-0.399641
8.326667	0.200	-0.392803
8.330000	0.200	-0.384583
8.333333	0.200	-0.375076
8.336667	0.200	-0.364497
8.340000	0.200	-0.353653
8.343333	0.200	-0.343919
8.346667	0.200	-0.336778
8.350000	0.200	-0.333472
8.353333	0.200	-0.334762
8.356667	0.200	-0.340292
8.360000	0.200	-0.348200
8.363333	0.200	-0.355964
8.366667	0.200	-0.361618
8.370000	0.200	-0.364336
8.373333	0.200	-0.364535
8.376667	0.200	-0.363300
8.380000	0.200	-0.361346
8.383333	0.200	-0.358750
8.386667	0.200	-0.355568
8.390000	0.200	-0.352138
8.393333	0.200	-0.348925
8.396667	0.200	-0.346774
8.400000	0.200	-0.346831
8.403333	0.200	-0.349689
8.406667	0.200	-0.355255
8.410000	0.200	-0.363286
8.413333	0.200	-0.373168
8.416667	0.200	-0.383755
8.420000	0.200	-0.393945
8.423333	0.200	-0.402918
8.426667	0.200	-0.410254
8.430000	0.200	-0.416264
8.433333	0.200	-0.421675
8.436667	0.200	-0.426648
8.440000	0.200	-0.430347
8.443333	0.200	-0.431817
8.446667	0.200	-0.431145
8.450000	0.200	-0.429627
8.453333	0.200	-0.428867
8.456667	0.200	-0.429667
8.460000	0.200	-0.431842
8.463333	0.200	-0.434553
8.466667	0.200	-0.436432
8.470000	0.200	-0.436331
8.473333	0.200	-0.434268
8.476667	0.200	-0.431265
8.480000	0.200	-0.428361
8.483333	0.200	-0.426186
8.486667	0.200	-0.425323
8.490000	0.200	-0.426230
8.493333	0.200	-0.428574
8.496667	0.200	-0.431128
8.500000	0.200	-0.432614
8.503333	0.200	-0.432631
8.506667	0.200	-0.431698
8.510000	0.200	-0.430495
8.513333	0.200	-0.429315
8.516667	0.200	-0.428159
8.520000	0.200	-0.426853
8.523333	0.200	-0.425251
8.526667	0.200	-0.423821
8.530000	0.200	-0.423485
8.533333	0.200	-0.424453
8.536667	0.200	-0.425658
8.540000	0.200	-0.425545
8.543333	0.200	-0.423246
8.546667	0.200	-0.419104
8.550000	0.200	-0.414101
8.553333	0.200	-0.408992
8.556667	0.200	-0.404202
8.560000	0.200	-0.399866
8.563333	0.200	-0.395644
8.566667	0.200	-0.391210
8.570000	0.200	-0.386914
8.573333	0.200	-0.383540
8.576667	0.200	-0.381676
8.580000	0.200	-0.381347
8.583333	0.200	-0.382163
8.586667	0.200	-0.383594
8.590000	0.200	-0.385071
8.593333	0.200	-0.386402
8.596667	0.200	-0.387963
8.600000	0.200	-0.389869
8.603333	0.200	-0.391512
8.606667	0.200	-0.392547
8.610000	0.200	-0.393548
8.613333	0.200	-0.395249
8.616667	0.200	-0.397853
8.620000	0.200	-0.401228
8.623333	0.200	-0.404959
8.626667	0.200	-0.408330
8.630000	0.200	-0.411043
8.633333	0.200	-0.413759
8.636667	0.200	-0.417429
8.640000	0.200	-0.422334
8.643333	0.200	-0.427869
8.646667	0.200	-0.433028
8.650000	0.200	-0.437151
8.653333	0.200	-0.440312
8.656667	0.200	-0.443015
8.660000	0.200	-0.445512
8.663333	0.200	-0.447438
8.666667	0.200	-0.448282
8.670000	0.200	-0.448104
8.673333	0.200	-0.447375
8.676667	0.200	-0.446445
8.680000	0.200	-0.445558
8.683333	0.200	-0.445085
8.686667	0.200	-0.445561
8.690000	0.200	-0.447482
8.693333	0.200	-0.450928
8.696667	0.200	-0.455371
8.700000	0.200	-0.460009
8.703333	0.200	-0.464489
8.706667	0.200	-0.469121
8.710000	0.200	-0.474221
8.713333	0.200	-0.479518
8.716667	0.200	-0.484237
8.720000	0.200	-0.487576
8.723333	0.200	-0.489045
8.726667	0.200	-0.488639
8.730000	0.200	-0.487080
8.733333	0.200	-0.485732
8.736667	0.200	-0.485889
8.740000	0.200	-0.487699
8.743333	0.200	-0.489814
8.746667	0.200	-0.490660
8.750000	0.200	-0.489783
8.753333	0.200	-0.487572
8.756667	0.200	-0.484739
8.760000	0.200	-0.482372
8.763333	0.200	-0.481589
8.766667	0.200	-0.482834
8.770000	0.200	-0.485600
8.773333	0.200	-0.488927
8.776667	0.200	-0.492443
8.780000	0.200	-0.496399
8.783333	0.200	-0.500502
8.786667	0.200	-0.503671
8.790000	0.200	-0.505281
8.793333	0.200	-0.505862
8.796667	0.200	-0.506279
8.800000	0.200	-0.506800
8.803333	0.200	-0.507177
8.806667	0.200	-0.507219
8.810000	0.200	-0.507129
8.813333	0.200	-0.507427
8.816667	0.200	-0.508473
8.820000	0.200	-0.510061
8.823333	0.200	-0.511637
8.826667	0.200	-0.512687
8.830000	0.200	-0.512696
8.833333	0.200	-0.511267
8.836667	0.200	-0.508612
8.840000	0.200	-0.505622
8.843333	0.200	-0.503335
8.846667	0.200	-0.502325
8.850000	0.200	-0.502437
8.853333	0.200	-0.503236
8.856667	0.200	-0.504771
8.860000	0.200	-0.507566
8.863333	0.200	-0.512039
8.866667	0.200	-0.518180
8.870000	0.200	-0.525443
8.873333	0.200	-0.532994
8.876667	0.200	-0.540149
8.880000	0.200	-0.546485
8.883333	0.200	-0.551873
8.886667	0.200	-0.556484
8.890000	0.200	-0.560629
8.893333	0.200	-0.564716
8.896667	0.200	-0.569168
8.900000	0.200	-0.574211
8.903333	0.200	-0.579944
8.906667	0.200	-0.586286
8.910000	0.200	-0.592426
8.913333	0.200	-0.596860
8.916667	0.200	-0.598360
8.920000	0.200	-0.596264
8.923333	0.200	-0.589798
8.926667	0.200	-0.578132
8.930000	0.200	-0.560934
8.933333	0.200	-0.538232
8.936667	0.200	-0.510053
8.940000	0.200	-0.476862
8.943333	0.200	-0.440578
8.946667	0.200	-0.404959
8.950000	0.200	-0.374604
8.953333	0.200	-0.353366
8.956667	0.200	-0.343363
8.960000	0.200	-0.344739
8.963333	0.200	-0.355760
8.966667	0.200	-0.373242
8.970000	0.200	-0.393435
8.973333	0.200	-0.413252
8.976667	0.200	-0.431072
8.980000	0.200	-0.446298
8.983333	0.200	-0.458392
8.986667	0.200	-0.467043
8.990000	0.200	-0.473102
8.993333	0.200	-0.478608
8.996667	0.200	-0.485736
9.000000	0.200	-0.495334
9.003333	0.200	-0.506481
9.006667	0.200	-0.517816
9.010000	0.200	-0.528684
9.013333	0.200	-0.539133
9.016667	0.200	-0.549791
9.020000	0.200	-0.561039
9.023333	0.200	-0.571913
9.026667	0.200	-0.581074
9.030000	0.200	-0.588572
9.033333	0.200	-0.595480
9.036667	0.200	-0.602508
9.040000	0.200	-0.609514
9.043333	0.200	-0.615715
9.046667	0.200	-0.620382
9.050000	0.200	-0.623638
9.053333	0.200	-0.626284
9.056667	0.200	-0.628795
9.060000	0.200	-0.630893
9.063333	0.200	-0.631880
9.066667	0.200	-0.631293
9.070000	0.200	-0.629540
9.073333	0.200	-0.627653
9.076667	0.200	-0.626379
9.080000	0.200	-0.625824
9.083333	0.200	-0.625742
9.086667	0.200	-0.625943
9.090000	0.200	-0.626562
9.093333	0.200	-0.627884
9.096667	0.200	-0.629888
9.100000	0.200	-0.632040
9.103333	0.200	-0.633350
9.106667	0.200	-0.633105
9.110000	0.200	-0.631621
9.113333	0.200	-0.629869
9.116667	0.200	-0.628652
9.120000	0.200	-0.628383
9.123333	0.200	-0.629406
9.126667	0.200	-0.632144
9.130000	0.200	-0.636510
9.133333	0.200	-0.641245
9.136667	0.200	-0.644250
9.140000	0.200	-0.644011
9.143333	0.200	-0.640758
9.146667	0.200	-0.636190
9.150000	0.200	-0.632390
9.153333	0.200	-0.630886
9.156667	0.200	-0.632068
9.160000	0.200	-0.635094
9.163333	0.200	-0.638443
9.166667	0.200	-0.640732
9.170000	0.200	-0.641216
9.173333	0.200	-0.639808
9.176667	0.200	-0.637105
9.180000	0.200	-0.634295
9.183333	0.200	-0.632311
9.186667	0.200	-0.631151
9.190000	0.200	-0.630438
9.193333	0.200	-0.630307
9.196667	0.200	-0.631148
9.200000	0.200	-0.632723
9.203333	0.200	-0.634113
9.206667	0.200	-0.634539
9.210000	0.200	-0.633800
9.213333	0.200	-0.631822
9.216667	0.200	-0.628217
9.220000	0.200	-0.622436
9.223333	0.200	-0.614331
9.226667	0.200	-0.604757
9.230000	0.200	-0.595479
9.233333	0.200	-0.588215
9.236667	0.200	-0.583806
9.240000	0.200	-0.582042
9.243333	0.200	-0.581737
9.246667	0.200	-0.581396
9.250000	0.200	-0.580607
9.253333	0.200	-0.580342
9.256667	0.200	-0.581475
9.260000	0.200	-0.583683
9.263333	0.200	-0.586112
9.266667	0.200	-0.588663
9.270000	0.200	-0.592353
9.273333	0.200	-0.598300
9.276667	0.200	-0.606353
9.280000	0.200	-0.614861
9.283333	0.200	-0.621708
9.286667	0.200	-0.625543
9.290000	0.200	-0.626324
9.293333	0.200	-0.624879
9.296667	0.200	-0.622193
9.300000	0.200	-0.619162
9.303333	0.200	-0.616382
9.306667	0.200	-0.614022
9.310000	0.200	-0.612279
9.313333	0.200	-0.611548
9.316667	0.200	-0.611691
9.320000	0.200	-0.611444
9.323333	0.200	-0.609008
9.326667	0.200	-0.603480
9.330000	0.200	-0.595824
9.333333	0.200	-0.588202
9.336667	0.200	-0.582263
9.340000	0.200	-0.578201
9.343333	0.200	-0.575328
9.346667	0.200	-0.573497
9.350000	0.200	-0.573574
9.353333	0.200	-0.576314
9.356667	0.200	-0.581458
9.360000	0.200	-0.587980
9.363333	0.200	-0.594219
9.366667	0.200	-0.598126
9.370000	0.200	-0.598567
9.373333	0.200	-0.596343
9.376667	0.200	-0.593611
9.380000	0.200	-0.592471
9.383333	0.200	-0.593927
9.386667	0.200	-0.597761
9.390000	0.200	-0.603074
9.393333	0.200	-0.608877
9.396667	0.200	-0.614108
9.400000	0.200	-0.617167
9.403333	0.200	-0.616284
9.406667	0.200	-0.611141
9.410000	0.200	-0.603582
9.413333	0.200	-0.596247
9.416667	0.200	-0.590951
9.420000	0.200	-0.588321
9.423333	0.200	-0.588183
9.426667	0.200	-0.590075
9.430000	0.200	-0.593841
9.433333	0.200	-0.599698
9.436667	0.200	-0.607473
9.440000	0.200	-0.616192
9.443333	0.200	-0.624585
9.446667	0.200	-0.631606
9.450000	0.200	-0.636691
9.453333	0.200	-0.639949
9.456667	0.200	-0.641999
9.460000	0.200	-0.643613
9.463333	0.200	-0.645209
9.466667	0.200	-0.646403
9.470000	0.200	-0.646525
9.473333	0.200	-0.645431
9.476667	0.200	-0.643050
9.480000	0.200	-0.638699
9.483333	0.200	-0.631822
9.486667	0.200	-0.623204
9.490000	0.200	-0.614900
9.493333	0.200	-0.609013
9.496667	0.200	-0.606574
9.500000	0.200	-0.607216
9.503333	0.200	-0.609529
9.506667	0.200	-0.612062
9.510000	0.200	-0.614408
9.513333	0.200	-0.617196
9.516667	0.200	-0.621120
9.520000	0.200	-0.626080
9.523333	0.200	-0.630979
9.526667	0.200	-0.634229
9.530000	0.200	-0.634896
9.533333	0.200	-0.633528
9.536667	0.200	-0.631651
9.540000	0.200	-0.630669
9.543333	0.200	-0.631334
9.546667	0.200	-0.633728
9.550000	0.200	-0.637310
9.553333	0.200	-0.640617
9.556667	0.200	-0.640967
9.560000	0.200	-0.635814
9.563333	0.200	-0.625497
9.566667	0.200	-0.613467
9.570000	0.200	-0.603207
9.573333	0.200	-0.596246
9.576667	0.200	-0.592824
9.580000	0.200	-0.592625
9.583333	0.200	-0.594878
9.586667	0.200	-0.598799
9.590000	0.200	-0.604165
9.593333	0.200	-0.611248
9.596667	0.200	-0.619909
9.600000	0.200	-0.628944
9.603333	0.200	-0.636694
9.606667	0.200	-0.642036
9.610000	0.200	-0.644773
9.613333	0.200	-0.645633
9.616667	0.200	-0.645871
9.620000	0.200	-0.646472
9.623333	0.200	-0.647602
9.626667	0.200	-0.648841
9.630000	0.200	-0.649718
9.633333	0.200	-0.649595
9.636667	0.200	-0.647530
9.640000	0.200	-0.643046
9.643333	0.200	-0.636796
9.646667	0.200	-0.630381
9.650000	0.200	-0.625462
9.653333	0.200	-0.622752
9.656667	0.200	-0.622158
9.660000	0.200	-0.623487
9.663333	0.200	-0.626493
9.666667	0.200	-0.630896
9.670000	0.200	-0.636505
9.673333	0.200	-0.643018
9.676667	0.200	-0.650045
9.680000	0.200	-0.657010
9.683333	0.200	-0.662584
9.686667	0.200	-0.665145
9.690000	0.200	-0.664514
9.693333	0.200	-0.662622
9.696667	0.200	-0.661901
9.700000	0.200	-0.663171
9.703333	0.200	-0.665381
9.706667	0.200	-0.666928
9.710000	0.200	-0.666604
9.713333	0.200	-0.663748
9.716667	0.200	-0.658400
9.720000	0.200	-0.651289
9.723333	0.200	-0.643597
9.726667	0.200	-0.636840
9.730000	0.200	-0.632493
9.733333	0.200	-0.631371
9.736667	0.200	-0.633348
9.740000	0.200	-0.637517
9.743333	0.200	-0.642724
9.746667	0.200	-0.648244
9.750000	0.200	-0.653998
9.753333	0.200	-0.660166
9.756667	0.200	-0.666500
9.760000	0.200	-0.672025
9.763333	0.200	-0.675548
9.766667	0.200	-0.676494
9.770000	0.200	-0.675403
9.773333	0.200	-0.673652
9.776667	0.200	-0.672547
9.780000	0.200	-0.672769
9.783333	0.200	-0.674330
9.786667	0.200	-0.676456
9.790000	0.200	-0.677838
9.793333	0.200	-0.677357
9.796667	0.200	-0.674483
9.800000	0.200	-0.669524
9.803333	0.200	-0.663836
9.806667	0.200	-0.659227
9.810000	0.200	-0.656765
9.813333	0.200	-0.656187
9.816667	0.200	-0.656563
9.820000	0.200	-0.657456
9.823333	0.200	-0.659259
9.826667	0.200	-0.662442
9.830000	0.200	-0.666840
9.833333	0.200	-0.671786
9.836667	0.200	-0.676593
9.840000	0.200	-0.680701
9.843333	0.200	-0.683717
9.846667	0.200	-0.685658
9.850000	0.200	-0.687106
9.853333	0.200	-0.688839
9.856667	0.200	-0.691001
9.860000	0.200	-0.692892
9.863333	0.200	-0.693694
9.866667	0.200	-0.693099
9.870000	0.200	-0.691437
9.873333	0.200	-0.689499
9.876667	0.200	-0.688064
9.880000	0.200	-0.687197
9.883333	0.200	-0.685985
9.886667	0.200	-0.683398
9.890000	0.200	-0.679418
9.893333	0.200	-0.675138
9.896667	0.200	-0.671812
9.900000	0.200	-0.669973
9.903333	0.200	-0.669542
9.906667	0.200	-0.670285
9.910000	0.200	-0.671880
9.913333	0.200	-0.673962
9.916667	0.200	-0.675977
9.920000	0.200	-0.676836
9.923333	0.200	-0.675494
9.926667	0.200	-0.672143
9.930000	0.200	-0.668289
9.933333	0.200	-0.665679
9.936667	0.200	-0.665432
9.940000	0.200	-0.667729
9.943333	0.200	-0.671851
9.946667	0.200	-0.676613
9.950000	0.200	-0.680719
9.953333	0.200	-0.683121
9.956667	0.200	-0.683726
9.960000	0.200	-0.683221
9.963333	0.200	-0.682150
9.966667	0.200	-0.680724
9.970000	0.200	-0.679029
9.973333	0.200	-0.677021
9.976667	0.200	-0.674688
9.980000	0.200	-0.672378
9.983333	0.200	-0.670897
9.986667	0.200	-0.670944
9.990000	0.200	-0.672155
9.993333	0.200	-0.672998
9.996667	0.200	-0.671887
10.000000	0.200	-0.668451
10.003333	0.200	-0.663929
10.006667	0.200	-0.660565
10.010000	0.200	-0.660311
10.013333	0.200	-0.663655
10.016667	0.200	-0.669444
10.020000	0.200	-0.675577
10.023333	0.200	-0.680200
10.026667	0.200	-0.682902
10.030000	0.200	-0.684638
10.033333	0.200	-0.686352
10.036667	0.200	-0.688050
10.040000	0.200	-0.688982
10.043333	0.200	-0.688452
10.046667	0.200	-0.686749
10.050000	0.200	-0.684871
10.053333	0.200	-0.683134
10.056667	0.200	-0.680977
10.060000	0.200	-0.678274
10.063333	0.200	-0.675869
10.066667	0.200	-0.674680
10.070000	0.200	-0.674600
10.073333	0.200	-0.674325
10.076667	0.200	-0.672452
10.080000	0.200	-0.668703
10.083333	0.200	-0.663938
10.086667	0.200	-0.659554
10.090000	0.200	-0.656977
10.093333	0.200	-0.656979
10.096667	0.200	-0.659189
10.100000	0.200	-0.662441
10.103333	0.200	-0.665660
10.106667	0.200	-0.668273
10.110000	0.200	-0.669892
10.113333	0.200	-0.669977
10.116667	0.200	-0.668053
10.120000	0.200	-0.664412
10.123333	0.200	-0.660204
10.126667	0.200	-0.656516
10.130000	0.200	-0.653821
10.133333	0.200	-0.652197
10.136667	0.200	-0.651480
10.140000	0.200	-0.651477
10.143333	0.200	-0.652329
10.146667	0.200	-0.654170
10.150000	0.200	-0.656383
10.153333	0.200	-0.657645
10.156667	0.200	-0.656829
10.160000	0.200	-0.653954
10.163333	0.200	-0.650234
10.166667	0.200	-0.646980
10.170000	0.200	-0.644646
10.173333	0.200	-0.642937
10.176667	0.200	-0.641432
10.180000	0.200	-0.640156
10.183333	0.200	-0.639601
10.186667	0.200	-0.640166
10.190000	0.200	-0.641783
10.193333	0.200	-0.643722
10.196667	0.200	-0.644677
10.200000	0.200	-0.643899
10.203333	0.200	-0.641963
10.206667	0.200	-0.639886
10.210000	0.200	-0.638152
10.213333	0.200	-0.636870
10.216667	0.200	-0.636168
10.220000	0.200	-0.635920
10.223333	0.200	-0.635510
10.226667	0.200	-0.634372
10.230000	0.200	-0.632475
10.233333	0.200	-0.629975
10.236667	0.200	-0.626836
10.240000	0.200	-0.623062
10.243333	0.200	-0.619148
10.246667	0.200	-0.616081
10.250000	0.200	-0.614708
10.253333	0.200	-0.615182
10.256667	0.200	-0.617200
10.260000	0.200	-0.620409
10.263333	0.200	-0.624244
10.266667	0.200	-0.627701
10.270000	0.200	-0.629877
10.273333	0.200	-0.630757
10.276667	0.200	-0.631204
10.280000	0.200	-0.632179
10.283333	0.200	-0.633949
10.286667	0.200	-0.635993
10.290000	0.200	-0.637714
10.293333	0.200	-0.639038
10.296667	0.200	-0.640205
10.300000	0.200	-0.641549
10.303333	0.200	-0.643467
10.306667	0.200	-0.645908
10.310000	0.200	-0.648110
10.313333	0.200	-0.649378
10.316667	0.200	-0.649896
10.320000	0.200	-0.650550
10.323333	0.200	-0.651976
10.326667	0.200	-0.653989
10.330000	0.200	-0.656201
10.333333	0.200	-0.658830
10.336667	0.200	-0.662271
10.340000	0.200	-0.666058
10.343333	0.200	-0.668903
10.346667	0.200	-0.669815
10.350000	0.200	-0.668958
10.353333	0.200	-0.667338
10.356667	0.200	-0.665763
10.360000	0.200	-0.664544
10.363333	0.200	-0.664131
10.366667	0.200	-0.665190
10.370000	0.200	-0.667940
10.373333	0.200	-0.672125
10.376667	0.200	-0.677329
10.380000	0.200	-0.682629
10.383333	0.200	-0.686565
10.386667	0.200	-0.688303
10.390000	0.200	-0.688424
10.393333	0.200	-0.688201
10.396667	0.200	-0.688546
10.400000	0.200	-0.689782
10.403333	0.200	-0.692042
10.406667	0.200	-0.695530
10.410000	0.200	-0.700318
10.413333	0.200	-0.705961
10.416667	0.200	-0.711343
10.420000	0.200	-0.714975
10.423333	0.200	-0.715799
10.426667	0.200	-0.713829
10.430000	0.200	-0.710039
10.433333	0.200	-0.705786
10.436667	0.200	-0.702295
10.440000	0.200	-0.700212
10.443333	0.200	-0.699576
10.446667	0.200	-0.700445
10.450000	0.200	-0.703032
10.453333	0.200	-0.707023
10.456667	0.200	-0.711301
10.460000	0.200	-0.714396
10.463333	0.200	-0.715087
10.466667	0.200	-0.712901
10.470000	0.200	-0.708442
10.473333	0.200	-0.703521
10.476667	0.200	-0.700581
10.480000	0.200	-0.701315
10.483333	0.200	-0.705682
10.486667	0.200	-0.712210
10.490000	0.200	-0.719048
10.493333	0.200	-0.724760
10.496667	0.200	-0.728538
10.500000	0.200	-0.730216
10.503333	0.200	-0.730267
10.506667	0.200	-0.729432
10.510000	0.200	-0.728199
10.513333	0.200	-0.726828
10.516667	0.200	-0.725376
10.520000	0.200	-0.723618
10.523333	0.200	-0.721707
10.526667	0.200	-0.720554
10.530000	0.200	-0.720938
10.533333	0.200	-0.722611
10.536667	0.200	-0.724316
10.540000	0.200	-0.724585
10.543333	0.200	-0.722674
10.546667	0.200	-0.719022
10.550000	0.200	-0.715061
10.553333	0.200	-0.712263
10.556667	0.200	-0.711275
10.560000	0.200	-0.711856
10.563333	0.200	-0.713144
10.566667	0.200	-0.714144
10.570000	0.200	-0.714410
10.573333	0.200	-0.714337
10.576667	0.200	-0.714504
10.580000	0.200	-0.714511
10.583333	0.200	-0.712991
10.586667	0.200	-0.709158
10.590000	0.200	-0.703538
10.593333	0.200	-0.696979
10.596667	0.200	-0.690014
10.600000	0.200	-0.683136
10.603333	0.200	-0.676870
10.606667	0.200	-0.671751
10.610000	0.200	-0.668230
10.613333	0.200	-0.666176
10.616667	0.200	-0.664707
10.620000	0.200	-0.662660
10.623333	0.200	-0.659369
10.626667	0.200	-0.655020
10.630000	0.200	-0.650073
10.633333	0.200	-0.644914
10.636667	0.200	-0.640043
10.640000	0.200	-0.635723
10.643333	0.200	-0.631542
10.646667	0.200	-0.626789
10.650000	0.200	-0.621160
10.653333	0.200	-0.614972
10.656667	0.200	-0.608544
10.660000	0.200	-0.601570
10.663333	0.200	-0.593554
10.666667	0.200	-0.584566
10.670000	0.200	-0.575123
10.673333	0.200	-0.565514
10.676667	0.200	-0.555271
10.680000	0.200	-0.543358
10.683333	0.200	-0.528902
10.686667	0.200	-0.511601
10.690000	0.200	-0.491804
10.693333	0.200	-0.470463
10.696667	0.200	-0.448718
10.700000	0.200	-0.427615
10.703333	0.200	-0.408118
10.706667	0.200	-0.390726
10.710000	0.200	-0.375310
10.713333	0.200	-0.361856
10.716667	0.200	-0.351025
10.720000	0.200	-0.343652
10.723333	0.200	-0.339671
10.726667	0.200	-0.337557
10.730000	0.200	-0.335230
10.733333	0.200	-0.331487
10.736667	0.200	-0.326285
10.740000	0.200	-0.320300
10.743333	0.200	-0.314511
10.746667	0.200	-0.309638
10.750000	0.200	-0.305847
10.753333	0.200	-0.303053
10.756667	0.200	-0.300983
10.760000	0.200	-0.299039
10.763333	0.200	-0.296741
10.766667	0.200	-0.294194
10.770000	0.200	-0.291696
10.773333	0.200	-0.289216
10.776667	0.200	-0.286469
10.780000	0.200	-0.283161
10.783333	0.200	-0.279288
10.786667	0.200	-0.275482
10.790000	0.200	-0.272768
10.793333	0.200	-0.271784
10.796667	0.200	-0.272372
10.800000	0.200	-0.274013
10.803333	0.200	-0.276103
10.806667	0.200	-0.277524
10.810000	0.200	-0.276982
10.813333	0.200	-0.274173
10.816667	0.200	-0.269927
10.820000	0.200	-0.265338
10.823333	0.200	-0.261170
10.826667	0.200	-0.257797
10.830000	0.200	-0.255241
10.833333	0.200	-0.253257
10.836667	0.200	-0.251733
10.840000	0.200	-0.250868
10.843333	0.200	-0.250641
10.846667	0.200	-0.250327
10.850000	0.200	-0.248812
10.853333	0.200	-0.245273
10.856667	0.200	-0.239468
10.860000	0.200	-0.231932
10.863333	0.200	-0.224311
10.866667	0.200	-0.218629
10.870000	0.200	-0.215739
10.873333	0.200	-0.214900
10.876667	0.200	-0.214819
10.880000	0.200	-0.214688
10.883333	0.200	-0.214273
10.886667	0.200	-0.213446
10.890000	0.200	-0.211963
10.893333	0.200	-0.209772
10.896667	0.200	-0.207254
10.900000	0.200	-0.204661
10.903333	0.200	-0.201731
10.906667	0.200	-0.198365
10.910000	0.200	-0.194988
10.913333	0.200	-0.191982
10.916667	0.200	-0.189402
10.920000	0.200	-0.187209
10.923333	0.200	-0.185307
10.926667	0.200	-0.183409
10.930000	0.200	-0.181316
10.933333	0.200	-0.179306
10.936667	0.200	-0.177617
10.940000	0.200	-0.175863
10.943333	0.200	-0.173646
10.946667	0.200	-0.171243
10.950000	0.200	-0.169079
10.953333	0.200	-0.167010
10.956667	0.200	-0.164513
10.960000	0.200	-0.161140
10.963333	0.200	-0.156898
10.966667	0.200	-0.152514
10.970000	0.200	-0.148960
10.973333	0.200	-0.146515
10.976667	0.200	-0.144460
10.980000	0.200	-0.141783
10.983333	0.200	-0.138312
10.986667	0.200	-0.134957
10.990000	0.200	-0.132689
10.993333	0.200	-0.131689
10.996667	0.200	-0.131478
11.000000	0.200	-0.131421
