File Path	chrom://nnfcb-l0286/ChromeleonLocal/metk/20171013_HMP_C61_metk.seq/315.smp/UV_VIS_2.channel/UV_VIS_2.chm
Channel	UV_VIS_2

Injection Information:
Data Vault	ChromeleonLocal
Injection	20171013_HMP_C61_ISO_P1_GA2
Injection Number	23
Position	GA2
Comment	
Processing Method	HMP New ProcMethod
Instrument Method	HM_metode_ZorBax_0,02%_Acetic_acid_ver6
Type	Unknown
Status	Finished
Injection Date	10/13/2017
Injection Time	6:40:03 PM
Injection Volume (µl)	1.000
Dilution Factor	1.0000
Weight	1.0000

Raw Data Information:
Time Min. (min)	0.000000
Time Max. (min)	11.000000
Data Points	3301
Detector	UV
Exporting Data System	Chromeleon 7.1.3.2425
Operator	
Signal Quantity	Absorbance
Signal Unit	mAU
Signal Min.	-1.081968
Signal Max.	169.965789
Channel	UV_VIS_2
Driver Name	DAD3000.dll
Channel Type	Evaluation
Min. Step (s)	0.200
Max. Step (s)	0.200
Average Step (s)	0.200

Signal Parameter Information:
Signal Info	WVL:280 nm

Raw Data:
Time (min)	Step (s)	Value (mAU)
0.000000	0.000	0.000000
0.003333	0.200	-0.002664
0.006667	0.200	-0.018757
0.010000	0.200	-0.061354
0.013333	0.200	-0.126218
0.016667	0.200	-0.187466
0.020000	0.200	-0.218863
0.023333	0.200	-0.212370
0.026667	0.200	-0.177818
0.030000	0.200	-0.133024
0.033333	0.200	-0.093715
0.036667	0.200	-0.067654
0.040000	0.200	-0.055206
0.043333	0.200	-0.053278
0.046667	0.200	-0.058183
0.050000	0.200	-0.066940
0.053333	0.200	-0.077808
0.056667	0.200	-0.090113
0.060000	0.200	-0.103795
0.063333	0.200	-0.118910
0.066667	0.200	-0.135126
0.070000	0.200	-0.151417
0.073333	0.200	-0.166438
0.076667	0.200	-0.179321
0.080000	0.200	-0.190169
0.083333	0.200	-0.199930
0.086667	0.200	-0.209716
0.090000	0.200	-0.220055
0.093333	0.200	-0.230672
0.096667	0.200	-0.240872
0.100000	0.200	-0.250245
0.103333	0.200	-0.259000
0.106667	0.200	-0.267662
0.110000	0.200	-0.276596
0.113333	0.200	-0.285801
0.116667	0.200	-0.295051
0.120000	0.200	-0.304073
0.123333	0.200	-0.312655
0.126667	0.200	-0.320968
0.130000	0.200	-0.329508
0.133333	0.200	-0.338276
0.136667	0.200	-0.346481
0.140000	0.200	-0.353513
0.143333	0.200	-0.359726
0.146667	0.200	-0.366053
0.150000	0.200	-0.373466
0.153333	0.200	-0.382554
0.156667	0.200	-0.392794
0.160000	0.200	-0.402591
0.163333	0.200	-0.410660
0.166667	0.200	-0.417146
0.170000	0.200	-0.423396
0.173333	0.200	-0.430907
0.176667	0.200	-0.440439
0.180000	0.200	-0.451596
0.183333	0.200	-0.462912
0.186667	0.200	-0.472903
0.190000	0.200	-0.481324
0.193333	0.200	-0.489036
0.196667	0.200	-0.496940
0.200000	0.200	-0.505433
0.203333	0.200	-0.514676
0.206667	0.200	-0.524686
0.210000	0.200	-0.534803
0.213333	0.200	-0.543851
0.216667	0.200	-0.551306
0.220000	0.200	-0.557773
0.223333	0.200	-0.564234
0.226667	0.200	-0.571315
0.230000	0.200	-0.579303
0.233333	0.200	-0.588132
0.236667	0.200	-0.597027
0.240000	0.200	-0.604760
0.243333	0.200	-0.610549
0.246667	0.200	-0.614608
0.250000	0.200	-0.618049
0.253333	0.200	-0.622314
0.256667	0.200	-0.628151
0.260000	0.200	-0.635121
0.263333	0.200	-0.642232
0.266667	0.200	-0.648752
0.270000	0.200	-0.654495
0.273333	0.200	-0.659622
0.276667	0.200	-0.664269
0.280000	0.200	-0.668486
0.283333	0.200	-0.672372
0.286667	0.200	-0.676210
0.290000	0.200	-0.680528
0.293333	0.200	-0.685813
0.296667	0.200	-0.692010
0.300000	0.200	-0.698512
0.303333	0.200	-0.704819
0.306667	0.200	-0.710913
0.310000	0.200	-0.716876
0.313333	0.200	-0.722659
0.316667	0.200	-0.728249
0.320000	0.200	-0.733656
0.323333	0.200	-0.738835
0.326667	0.200	-0.743751
0.330000	0.200	-0.748412
0.333333	0.200	-0.752906
0.336667	0.200	-0.757550
0.340000	0.200	-0.762888
0.343333	0.200	-0.769198
0.346667	0.200	-0.775946
0.350000	0.200	-0.782130
0.353333	0.200	-0.787179
0.356667	0.200	-0.791150
0.360000	0.200	-0.794302
0.363333	0.200	-0.796834
0.366667	0.200	-0.799063
0.370000	0.200	-0.801390
0.373333	0.200	-0.803994
0.376667	0.200	-0.807033
0.380000	0.200	-0.810866
0.383333	0.200	-0.815505
0.386667	0.200	-0.820209
0.390000	0.200	-0.823993
0.393333	0.200	-0.826532
0.396667	0.200	-0.828587
0.400000	0.200	-0.831435
0.403333	0.200	-0.835606
0.406667	0.200	-0.840402
0.410000	0.200	-0.844811
0.413333	0.200	-0.848421
0.416667	0.200	-0.851476
0.420000	0.200	-0.854493
0.423333	0.200	-0.857698
0.426667	0.200	-0.860730
0.430000	0.200	-0.863262
0.433333	0.200	-0.865686
0.436667	0.200	-0.868764
0.440000	0.200	-0.872826
0.443333	0.200	-0.877411
0.446667	0.200	-0.881711
0.450000	0.200	-0.885371
0.453333	0.200	-0.888508
0.456667	0.200	-0.891139
0.460000	0.200	-0.893204
0.463333	0.200	-0.894850
0.466667	0.200	-0.896423
0.470000	0.200	-0.898481
0.473333	0.200	-0.901648
0.476667	0.200	-0.906103
0.480000	0.200	-0.911306
0.483333	0.200	-0.916249
0.486667	0.200	-0.920177
0.490000	0.200	-0.923092
0.493333	0.200	-0.925315
0.496667	0.200	-0.926989
0.500000	0.200	-0.928217
0.503333	0.200	-0.929238
0.506667	0.200	-0.930383
0.510000	0.200	-0.931959
0.513333	0.200	-0.934164
0.516667	0.200	-0.936788
0.520000	0.200	-0.939059
0.523333	0.200	-0.940354
0.526667	0.200	-0.940947
0.530000	0.200	-0.941753
0.533333	0.200	-0.943254
0.536667	0.200	-0.944948
0.540000	0.200	-0.946272
0.543333	0.200	-0.947545
0.546667	0.200	-0.949418
0.550000	0.200	-0.951895
0.553333	0.200	-0.954402
0.556667	0.200	-0.956445
0.560000	0.200	-0.957944
0.563333	0.200	-0.959403
0.566667	0.200	-0.961606
0.570000	0.200	-0.964793
0.573333	0.200	-0.968287
0.576667	0.200	-0.971047
0.580000	0.200	-0.972556
0.583333	0.200	-0.973131
0.586667	0.200	-0.973394
0.590000	0.200	-0.973779
0.593333	0.200	-0.974605
0.596667	0.200	-0.976233
0.600000	0.200	-0.978897
0.603333	0.200	-0.982608
0.606667	0.200	-0.987052
0.610000	0.200	-0.991421
0.613333	0.200	-0.994751
0.616667	0.200	-0.996634
0.620000	0.200	-0.997468
0.623333	0.200	-0.998107
0.626667	0.200	-0.999150
0.630000	0.200	-1.000357
0.633333	0.200	-1.001099
0.636667	0.200	-1.001309
0.640000	0.200	-1.001472
0.643333	0.200	-1.002064
0.646667	0.200	-1.003241
0.650000	0.200	-1.004740
0.653333	0.200	-1.006095
0.656667	0.200	-1.006929
0.660000	0.200	-1.007289
0.663333	0.200	-1.007779
0.666667	0.200	-1.009167
0.670000	0.200	-1.011947
0.673333	0.200	-1.016032
0.676667	0.200	-1.020784
0.680000	0.200	-1.025389
0.683333	0.200	-1.028943
0.686667	0.200	-1.030599
0.690000	0.200	-1.030214
0.693333	0.200	-1.028560
0.696667	0.200	-1.026669
0.700000	0.200	-1.025359
0.703333	0.200	-1.025298
0.706667	0.200	-1.026714
0.710000	0.200	-1.028939
0.713333	0.200	-1.030892
0.716667	0.200	-1.032150
0.720000	0.200	-1.033224
0.723333	0.200	-1.034775
0.726667	0.200	-1.036895
0.730000	0.200	-1.039140
0.733333	0.200	-1.040770
0.736667	0.200	-1.041198
0.740000	0.200	-1.040530
0.743333	0.200	-1.039425
0.746667	0.200	-1.038656
0.750000	0.200	-1.038714
0.753333	0.200	-1.039575
0.756667	0.200	-1.041062
0.760000	0.200	-1.043199
0.763333	0.200	-1.045939
0.766667	0.200	-1.048800
0.770000	0.200	-1.051104
0.773333	0.200	-1.052572
0.776667	0.200	-1.053531
0.780000	0.200	-1.054472
0.783333	0.200	-1.055433
0.786667	0.200	-1.056011
0.790000	0.200	-1.056206
0.793333	0.200	-1.056800
0.796667	0.200	-1.058607
0.800000	0.200	-1.061623
0.803333	0.200	-1.064850
0.806667	0.200	-1.066998
0.810000	0.200	-1.067596
0.813333	0.200	-1.067093
0.816667	0.200	-1.066182
0.820000	0.200	-1.065557
0.823333	0.200	-1.065711
0.826667	0.200	-1.066737
0.830000	0.200	-1.068612
0.833333	0.200	-1.071260
0.836667	0.200	-1.074144
0.840000	0.200	-1.076423
0.843333	0.200	-1.077916
0.846667	0.200	-1.079293
0.850000	0.200	-1.080921
0.853333	0.200	-1.081968
0.856667	0.200	-1.080511
0.860000	0.200	-1.073549
0.863333	0.200	-1.056720
0.866667	0.200	-1.025109
0.870000	0.200	-0.975156
0.873333	0.200	-0.905594
0.876667	0.200	-0.816706
0.880000	0.200	-0.708167
0.883333	0.200	-0.573130
0.886667	0.200	-0.382024
0.890000	0.200	-0.054777
0.893333	0.200	0.554127
0.896667	0.200	1.613426
0.900000	0.200	3.204131
0.903333	0.200	5.207560
0.906667	0.200	7.299405
0.910000	0.200	9.081942
0.913333	0.200	10.262027
0.916667	0.200	10.750175
0.920000	0.200	10.639454
0.923333	0.200	10.115746
0.926667	0.200	9.371583
0.930000	0.200	8.557803
0.933333	0.200	7.766777
0.936667	0.200	7.031840
0.940000	0.200	6.339627
0.943333	0.200	5.655856
0.946667	0.200	4.954924
0.950000	0.200	4.238428
0.953333	0.200	3.535352
0.956667	0.200	2.888081
0.960000	0.200	2.335282
0.963333	0.200	1.900973
0.966667	0.200	1.592457
0.970000	0.200	1.404859
0.973333	0.200	1.327114
0.976667	0.200	1.344777
0.980000	0.200	1.439523
0.983333	0.200	1.587935
0.986667	0.200	1.762426
0.990000	0.200	1.935626
0.993333	0.200	2.086422
0.996667	0.200	2.204248
1.000000	0.200	2.289822
1.003333	0.200	2.352820
1.006667	0.200	2.408331
1.010000	0.200	2.473612
1.013333	0.200	2.564765
1.016667	0.200	2.692203
1.020000	0.200	2.855073
1.023333	0.200	3.036870
1.026667	0.200	3.206497
1.030000	0.200	3.326776
1.033333	0.200	3.367086
1.036667	0.200	3.314416
1.040000	0.200	3.178113
1.043333	0.200	2.986590
1.046667	0.200	2.778530
1.050000	0.200	2.593581
1.053333	0.200	2.466652
1.056667	0.200	2.426195
1.060000	0.200	2.494182
1.063333	0.200	2.686017
1.066667	0.200	3.009681
1.070000	0.200	3.464317
1.073333	0.200	4.038390
1.076667	0.200	4.707974
1.080000	0.200	5.436550
1.083333	0.200	6.176290
1.086667	0.200	6.871151
1.090000	0.200	7.465440
1.093333	0.200	7.918980
1.096667	0.200	8.223496
1.100000	0.200	8.412842
1.103333	0.200	8.559676
1.106667	0.200	8.754441
1.110000	0.200	9.072273
1.113333	0.200	9.542190
1.116667	0.200	10.133385
1.120000	0.200	10.766010
1.123333	0.200	11.342267
1.126667	0.200	11.782209
1.130000	0.200	12.045325
1.133333	0.200	12.128991
1.136667	0.200	12.049656
1.140000	0.200	11.820724
1.143333	0.200	11.439933
1.146667	0.200	10.892477
1.150000	0.200	10.167314
1.153333	0.200	9.276014
1.156667	0.200	8.262310
1.160000	0.200	7.197369
1.163333	0.200	6.163687
1.166667	0.200	5.234822
1.170000	0.200	4.458980
1.173333	0.200	3.852221
1.176667	0.200	3.401837
1.180000	0.200	3.075901
1.183333	0.200	2.834593
1.186667	0.200	2.640765
1.190000	0.200	2.467907
1.193333	0.200	2.304170
1.196667	0.200	2.152493
1.200000	0.200	2.028476
1.203333	0.200	1.956990
1.206667	0.200	1.966140
1.210000	0.200	2.077717
1.213333	0.200	2.296144
1.216667	0.200	2.600180
1.220000	0.200	2.941972
1.223333	0.200	3.255718
1.226667	0.200	3.474361
1.230000	0.200	3.548995
1.233333	0.200	3.463536
1.236667	0.200	3.239159
1.240000	0.200	2.928105
1.243333	0.200	2.600145
1.246667	0.200	2.325962
1.250000	0.200	2.161026
1.253333	0.200	2.132885
1.256667	0.200	2.235401
1.260000	0.200	2.433737
1.263333	0.200	2.681638
1.266667	0.200	2.947599
1.270000	0.200	3.242130
1.273333	0.200	3.640516
1.276667	0.200	4.295573
1.280000	0.200	5.417460
1.283333	0.200	7.187627
1.286667	0.200	9.618035
1.290000	0.200	12.440706
1.293333	0.200	15.128504
1.296667	0.200	17.069486
1.300000	0.200	17.806941
1.303333	0.200	17.209878
1.306667	0.200	15.490199
1.310000	0.200	13.082480
1.313333	0.200	10.470571
1.316667	0.200	8.046044
1.320000	0.200	6.040347
1.323333	0.200	4.527409
1.326667	0.200	3.468486
1.330000	0.200	2.767940
1.333333	0.200	2.318963
1.336667	0.200	2.030878
1.340000	0.200	1.839201
1.343333	0.200	1.704519
1.346667	0.200	1.606234
1.350000	0.200	1.535353
1.353333	0.200	1.488716
1.356667	0.200	1.465262
1.360000	0.200	1.463642
1.363333	0.200	1.481202
1.366667	0.200	1.514826
1.370000	0.200	1.562176
1.373333	0.200	1.621282
1.376667	0.200	1.689047
1.380000	0.200	1.760766
1.383333	0.200	1.831033
1.386667	0.200	1.894744
1.390000	0.200	1.947277
1.393333	0.200	1.984209
1.396667	0.200	2.001335
1.400000	0.200	1.995212
1.403333	0.200	1.963959
1.406667	0.200	1.907654
1.410000	0.200	1.827908
1.413333	0.200	1.727349
1.416667	0.200	1.609896
1.420000	0.200	1.481081
1.423333	0.200	1.347324
1.426667	0.200	1.214494
1.430000	0.200	1.086817
1.433333	0.200	0.966996
1.436667	0.200	0.856992
1.440000	0.200	0.758104
1.443333	0.200	0.670632
1.446667	0.200	0.594578
1.450000	0.200	0.531045
1.453333	0.200	0.482550
1.456667	0.200	0.451774
1.460000	0.200	0.440131
1.463333	0.200	0.447001
1.466667	0.200	0.469638
1.470000	0.200	0.503824
1.473333	0.200	0.545000
1.476667	0.200	0.589427
1.480000	0.200	0.635238
1.483333	0.200	0.682846
1.486667	0.200	0.734176
1.490000	0.200	0.791586
1.493333	0.200	0.857395
1.496667	0.200	0.933413
1.500000	0.200	1.020333
1.503333	0.200	1.117521
1.506667	0.200	1.222749
1.510000	0.200	1.331559
1.513333	0.200	1.437314
1.516667	0.200	1.532434
1.520000	0.200	1.609821
1.523333	0.200	1.664286
1.526667	0.200	1.693809
1.530000	0.200	1.699351
1.533333	0.200	1.684091
1.536667	0.200	1.653485
1.540000	0.200	1.614465
1.543333	0.200	1.573126
1.546667	0.200	1.533505
1.550000	0.200	1.498071
1.553333	0.200	1.467863
1.556667	0.200	1.441805
1.560000	0.200	1.416451
1.563333	0.200	1.386806
1.566667	0.200	1.347628
1.570000	0.200	1.294386
1.573333	0.200	1.223974
1.576667	0.200	1.135413
1.580000	0.200	1.030091
1.583333	0.200	0.911286
1.586667	0.200	0.783155
1.590000	0.200	0.650092
1.593333	0.200	0.516591
1.596667	0.200	0.386740
1.600000	0.200	0.263705
1.603333	0.200	0.149888
1.606667	0.200	0.046993
1.610000	0.200	-0.044157
1.613333	0.200	-0.123619
1.616667	0.200	-0.192211
1.620000	0.200	-0.251319
1.623333	0.200	-0.302473
1.626667	0.200	-0.346751
1.630000	0.200	-0.384690
1.633333	0.200	-0.416810
1.636667	0.200	-0.443776
1.640000	0.200	-0.466059
1.643333	0.200	-0.483652
1.646667	0.200	-0.496054
1.650000	0.200	-0.502892
1.653333	0.200	-0.504574
1.656667	0.200	-0.501948
1.660000	0.200	-0.495589
1.663333	0.200	-0.485663
1.666667	0.200	-0.472085
1.670000	0.200	-0.454477
1.673333	0.200	-0.432079
1.676667	0.200	-0.404152
1.680000	0.200	-0.370363
1.683333	0.200	-0.330513
1.686667	0.200	-0.284546
1.690000	0.200	-0.232623
1.693333	0.200	-0.174953
1.696667	0.200	-0.112142
1.700000	0.200	-0.045418
1.703333	0.200	0.023889
1.706667	0.200	0.094628
1.710000	0.200	0.165591
1.713333	0.200	0.235285
1.716667	0.200	0.301703
1.720000	0.200	0.362194
1.723333	0.200	0.414211
1.726667	0.200	0.456294
1.730000	0.200	0.487639
1.733333	0.200	0.507188
1.736667	0.200	0.514050
1.740000	0.200	0.508202
1.743333	0.200	0.490230
1.746667	0.200	0.460969
1.750000	0.200	0.421060
1.753333	0.200	0.370273
1.756667	0.200	0.308299
1.760000	0.200	0.236442
1.763333	0.200	0.157658
1.766667	0.200	0.075402
1.770000	0.200	-0.006603
1.773333	0.200	-0.083312
1.776667	0.200	-0.146954
1.780000	0.200	-0.185677
1.783333	0.200	-0.182360
1.786667	0.200	-0.114810
1.790000	0.200	0.041343
1.793333	0.200	0.306967
1.796667	0.200	0.691963
1.800000	0.200	1.188129
1.803333	0.200	1.765297
1.806667	0.200	2.374009
1.810000	0.200	2.955504
1.813333	0.200	3.454652
1.816667	0.200	3.830235
1.820000	0.200	4.060170
1.823333	0.200	4.141973
1.826667	0.200	4.089324
1.830000	0.200	3.926107
1.833333	0.200	3.680554
1.836667	0.200	3.381611
1.840000	0.200	3.056511
1.843333	0.200	2.728064
1.846667	0.200	2.413290
1.850000	0.200	2.124945
1.853333	0.200	1.873862
1.856667	0.200	1.669695
1.860000	0.200	1.519879
1.863333	0.200	1.427776
1.866667	0.200	1.391582
1.870000	0.200	1.404677
1.873333	0.200	1.456296
1.876667	0.200	1.532032
1.880000	0.200	1.614751
1.883333	0.200	1.686242
1.886667	0.200	1.729563
1.890000	0.200	1.731188
1.893333	0.200	1.682449
1.896667	0.200	1.580864
1.900000	0.200	1.430546
1.903333	0.200	1.240572
1.906667	0.200	1.022438
1.910000	0.200	0.788389
1.913333	0.200	0.550783
1.916667	0.200	0.321218
1.920000	0.200	0.109102
1.923333	0.200	-0.079265
1.926667	0.200	-0.240897
1.930000	0.200	-0.375905
1.933333	0.200	-0.486591
1.936667	0.200	-0.576145
1.940000	0.200	-0.647768
1.943333	0.200	-0.704205
1.946667	0.200	-0.747435
1.950000	0.200	-0.778561
1.953333	0.200	-0.797533
1.956667	0.200	-0.802235
1.960000	0.200	-0.787498
1.963333	0.200	-0.744891
1.966667	0.200	-0.662322
1.970000	0.200	-0.522212
1.973333	0.200	-0.299393
1.976667	0.200	0.039730
1.980000	0.200	0.536426
1.983333	0.200	1.237398
1.986667	0.200	2.191050
1.990000	0.200	3.441267
1.993333	0.200	5.017972
1.996667	0.200	6.927113
2.000000	0.200	9.142931
2.003333	0.200	11.602740
2.006667	0.200	14.205575
2.010000	0.200	16.817138
2.013333	0.200	19.281195
2.016667	0.200	21.435947
2.020000	0.200	23.132857
2.023333	0.200	24.254240
2.026667	0.200	24.727099
2.030000	0.200	24.531827
2.033333	0.200	23.703683
2.036667	0.200	22.326455
2.040000	0.200	20.520068
2.043333	0.200	18.424066
2.046667	0.200	16.179885
2.050000	0.200	13.916075
2.053333	0.200	11.738602
2.056667	0.200	9.725671
2.060000	0.200	7.926550
2.063333	0.200	6.364120
2.066667	0.200	5.039676
2.070000	0.200	3.938777
2.073333	0.200	3.037306
2.076667	0.200	2.306476
2.080000	0.200	1.716825
2.083333	0.200	1.241604
2.086667	0.200	0.858567
2.090000	0.200	0.549650
2.093333	0.200	0.299845
2.096667	0.200	0.096671
2.100000	0.200	-0.069907
2.103333	0.200	-0.207626
2.106667	0.200	-0.321926
2.110000	0.200	-0.416317
2.113333	0.200	-0.493539
2.116667	0.200	-0.556437
2.120000	0.200	-0.607938
2.123333	0.200	-0.650511
2.126667	0.200	-0.685670
2.130000	0.200	-0.714316
2.133333	0.200	-0.737578
2.136667	0.200	-0.756769
2.140000	0.200	-0.772754
2.143333	0.200	-0.785868
2.146667	0.200	-0.796430
2.150000	0.200	-0.804963
2.153333	0.200	-0.811625
2.156667	0.200	-0.815958
2.160000	0.200	-0.817600
2.163333	0.200	-0.816929
2.166667	0.200	-0.814896
2.170000	0.200	-0.812362
2.173333	0.200	-0.809687
2.176667	0.200	-0.806840
2.180000	0.200	-0.803849
2.183333	0.200	-0.800907
2.186667	0.200	-0.797905
2.190000	0.200	-0.794687
2.193333	0.200	-0.791523
2.196667	0.200	-0.788367
2.200000	0.200	-0.784353
2.203333	0.200	-0.778385
2.206667	0.200	-0.769379
2.210000	0.200	-0.755901
2.213333	0.200	-0.735853
2.216667	0.200	-0.706189
2.220000	0.200	-0.661990
2.223333	0.200	-0.594167
2.226667	0.200	-0.485835
2.230000	0.200	-0.308850
2.233333	0.200	-0.024322
2.236667	0.200	0.408871
2.240000	0.200	1.018727
2.243333	0.200	1.804634
2.246667	0.200	2.727994
2.250000	0.200	3.710835
2.253333	0.200	4.642167
2.256667	0.200	5.393598
2.260000	0.200	5.846081
2.263333	0.200	5.923200
2.266667	0.200	5.617139
2.270000	0.200	4.993702
2.273333	0.200	4.173415
2.276667	0.200	3.297627
2.280000	0.200	2.494481
2.283333	0.200	1.856827
2.286667	0.200	1.435615
2.290000	0.200	1.245332
2.293333	0.200	1.276042
2.296667	0.200	1.506000
2.300000	0.200	1.910163
2.303333	0.200	2.464286
2.306667	0.200	3.146074
2.310000	0.200	3.934018
2.313333	0.200	4.805691
2.316667	0.200	5.736986
2.320000	0.200	6.701941
2.323333	0.200	7.673190
2.326667	0.200	8.623023
2.330000	0.200	9.524321
2.333333	0.200	10.351808
2.336667	0.200	11.083738
2.340000	0.200	11.703261
2.343333	0.200	12.198916
2.346667	0.200	12.564236
2.350000	0.200	12.797253
2.353333	0.200	12.900312
2.356667	0.200	12.879807
2.360000	0.200	12.745873
2.363333	0.200	12.511743
2.366667	0.200	12.192276
2.370000	0.200	11.802722
2.373333	0.200	11.358500
2.376667	0.200	10.874764
2.380000	0.200	10.365410
2.383333	0.200	9.842524
2.386667	0.200	9.316300
2.390000	0.200	8.795347
2.393333	0.200	8.287249
2.396667	0.200	7.798859
2.400000	0.200	7.336503
2.403333	0.200	6.905822
2.406667	0.200	6.510913
2.410000	0.200	6.153747
2.413333	0.200	5.834648
2.416667	0.200	5.553148
2.420000	0.200	5.308507
2.423333	0.200	5.099995
2.426667	0.200	4.926847
2.430000	0.200	4.787669
2.433333	0.200	4.680003
2.436667	0.200	4.601196
2.440000	0.200	4.549734
2.443333	0.200	4.525312
2.446667	0.200	4.527876
2.450000	0.200	4.557197
2.453333	0.200	4.613483
2.456667	0.200	4.697859
2.460000	0.200	4.811546
2.463333	0.200	4.954894
2.466667	0.200	5.127521
2.470000	0.200	5.328799
2.473333	0.200	5.557965
2.476667	0.200	5.813823
2.480000	0.200	6.093979
2.483333	0.200	6.393927
2.486667	0.200	6.706534
2.490000	0.200	7.021858
2.493333	0.200	7.327193
2.496667	0.200	7.607766
2.500000	0.200	7.847698
2.503333	0.200	8.031110
2.506667	0.200	8.144231
2.510000	0.200	8.177827
2.513333	0.200	8.128627
2.516667	0.200	7.999404
2.520000	0.200	7.797796
2.523333	0.200	7.534619
2.526667	0.200	7.222733
2.530000	0.200	6.876253
2.533333	0.200	6.509301
2.536667	0.200	6.134265
2.540000	0.200	5.760243
2.543333	0.200	5.392405
2.546667	0.200	5.032410
2.550000	0.200	4.679478
2.553333	0.200	4.331402
2.556667	0.200	3.985601
2.560000	0.200	3.640827
2.563333	0.200	3.298096
2.566667	0.200	2.959714
2.570000	0.200	2.628448
2.573333	0.200	2.307922
2.576667	0.200	2.002865
2.580000	0.200	1.718520
2.583333	0.200	1.459442
2.586667	0.200	1.228566
2.590000	0.200	1.027145
2.593333	0.200	0.854955
2.596667	0.200	0.710126
2.600000	0.200	0.589207
2.603333	0.200	0.488057
2.606667	0.200	0.402737
2.610000	0.200	0.330017
2.613333	0.200	0.267643
2.616667	0.200	0.213889
2.620000	0.200	0.166849
2.623333	0.200	0.124779
2.626667	0.200	0.087004
2.630000	0.200	0.054022
2.633333	0.200	0.026992
2.636667	0.200	0.007464
2.640000	0.200	-0.002932
2.643333	0.200	-0.003267
2.646667	0.200	0.006258
2.650000	0.200	0.024528
2.653333	0.200	0.049619
2.656667	0.200	0.078702
2.660000	0.200	0.108059
2.663333	0.200	0.133442
2.666667	0.200	0.151002
2.670000	0.200	0.157893
2.673333	0.200	0.152194
2.676667	0.200	0.133102
2.680000	0.200	0.101238
2.683333	0.200	0.058593
2.686667	0.200	0.008273
2.690000	0.200	-0.046020
2.693333	0.200	-0.100708
2.696667	0.200	-0.152932
2.700000	0.200	-0.200627
2.703333	0.200	-0.242075
2.706667	0.200	-0.275826
2.710000	0.200	-0.301416
2.713333	0.200	-0.319868
2.716667	0.200	-0.333180
2.720000	0.200	-0.343572
2.723333	0.200	-0.353130
2.726667	0.200	-0.363494
2.730000	0.200	-0.375573
2.733333	0.200	-0.389439
2.736667	0.200	-0.404551
2.740000	0.200	-0.420214
2.743333	0.200	-0.435881
2.746667	0.200	-0.451242
2.750000	0.200	-0.466126
2.753333	0.200	-0.480041
2.756667	0.200	-0.492053
2.760000	0.200	-0.501351
2.763333	0.200	-0.507792
2.766667	0.200	-0.511848
2.770000	0.200	-0.514216
2.773333	0.200	-0.515684
2.776667	0.200	-0.517039
2.780000	0.200	-0.518842
2.783333	0.200	-0.521455
2.786667	0.200	-0.525191
2.790000	0.200	-0.530411
2.793333	0.200	-0.537677
2.796667	0.200	-0.547481
2.800000	0.200	-0.559519
2.803333	0.200	-0.572647
2.806667	0.200	-0.585873
2.810000	0.200	-0.598981
2.813333	0.200	-0.612127
2.816667	0.200	-0.625379
2.820000	0.200	-0.638676
2.823333	0.200	-0.652054
2.826667	0.200	-0.665837
2.830000	0.200	-0.680322
2.833333	0.200	-0.695178
2.836667	0.200	-0.709405
2.840000	0.200	-0.722037
2.843333	0.200	-0.732741
2.846667	0.200	-0.741588
2.850000	0.200	-0.748506
2.853333	0.200	-0.752941
2.856667	0.200	-0.754234
2.860000	0.200	-0.752706
2.863333	0.200	-0.749540
2.866667	0.200	-0.744917
2.870000	0.200	-0.737289
2.873333	0.200	-0.725010
2.876667	0.200	-0.707660
2.880000	0.200	-0.685752
2.883333	0.200	-0.660353
2.886667	0.200	-0.633156
2.890000	0.200	-0.606120
2.893333	0.200	-0.581031
2.896667	0.200	-0.559528
2.900000	0.200	-0.542925
2.903333	0.200	-0.531681
2.906667	0.200	-0.525445
2.910000	0.200	-0.523405
2.913333	0.200	-0.524120
2.916667	0.200	-0.525617
2.920000	0.200	-0.526167
2.923333	0.200	-0.524718
2.926667	0.200	-0.520915
2.930000	0.200	-0.515295
2.933333	0.200	-0.509173
2.936667	0.200	-0.503880
2.940000	0.200	-0.500493
2.943333	0.200	-0.500201
2.946667	0.200	-0.503779
2.950000	0.200	-0.510681
2.953333	0.200	-0.519525
2.956667	0.200	-0.529291
2.960000	0.200	-0.539793
2.963333	0.200	-0.551296
2.966667	0.200	-0.563783
2.970000	0.200	-0.576515
2.973333	0.200	-0.588385
2.976667	0.200	-0.598675
2.980000	0.200	-0.607342
2.983333	0.200	-0.614283
2.986667	0.200	-0.618725
2.990000	0.200	-0.619967
2.993333	0.200	-0.617959
2.996667	0.200	-0.612748
3.000000	0.200	-0.604283
3.003333	0.200	-0.592879
3.006667	0.200	-0.579307
3.010000	0.200	-0.564282
3.013333	0.200	-0.548315
3.016667	0.200	-0.532353
3.020000	0.200	-0.517924
3.023333	0.200	-0.506449
3.026667	0.200	-0.499039
3.030000	0.200	-0.496553
3.033333	0.200	-0.499294
3.036667	0.200	-0.507093
3.040000	0.200	-0.519490
3.043333	0.200	-0.535637
3.046667	0.200	-0.554433
3.050000	0.200	-0.574641
3.053333	0.200	-0.595036
3.056667	0.200	-0.614862
3.060000	0.200	-0.633741
3.063333	0.200	-0.650992
3.066667	0.200	-0.665565
3.070000	0.200	-0.676897
3.073333	0.200	-0.685452
3.076667	0.200	-0.692178
3.080000	0.200	-0.697711
3.083333	0.200	-0.702263
3.086667	0.200	-0.706091
3.090000	0.200	-0.709861
3.093333	0.200	-0.714273
3.096667	0.200	-0.719235
3.100000	0.200	-0.723823
3.103333	0.200	-0.727206
3.106667	0.200	-0.729335
3.110000	0.200	-0.730671
3.113333	0.200	-0.731529
3.116667	0.200	-0.731750
3.120000	0.200	-0.730978
3.123333	0.200	-0.729324
3.126667	0.200	-0.727545
3.130000	0.200	-0.726088
3.133333	0.200	-0.724057
3.136667	0.200	-0.719602
3.140000	0.200	-0.711303
3.143333	0.200	-0.698622
3.146667	0.200	-0.681254
3.150000	0.200	-0.659116
3.153333	0.200	-0.633016
3.156667	0.200	-0.604747
3.160000	0.200	-0.576819
3.163333	0.200	-0.552160
3.166667	0.200	-0.533287
3.170000	0.200	-0.521487
3.173333	0.200	-0.516753
3.176667	0.200	-0.518255
3.180000	0.200	-0.524977
3.183333	0.200	-0.535744
3.186667	0.200	-0.548679
3.190000	0.200	-0.561474
3.193333	0.200	-0.572461
3.196667	0.200	-0.581232
3.200000	0.200	-0.588586
3.203333	0.200	-0.595708
3.206667	0.200	-0.603155
3.210000	0.200	-0.611019
3.213333	0.200	-0.619411
3.216667	0.200	-0.627854
3.220000	0.200	-0.635024
3.223333	0.200	-0.639736
3.226667	0.200	-0.641611
3.230000	0.200	-0.640892
3.233333	0.200	-0.638306
3.236667	0.200	-0.634753
3.240000	0.200	-0.630459
3.243333	0.200	-0.624765
3.246667	0.200	-0.616937
3.250000	0.200	-0.606101
3.253333	0.200	-0.590243
3.256667	0.200	-0.566351
3.260000	0.200	-0.531592
3.263333	0.200	-0.484011
3.266667	0.200	-0.422603
3.270000	0.200	-0.347227
3.273333	0.200	-0.258763
3.276667	0.200	-0.159318
3.280000	0.200	-0.052226
3.283333	0.200	0.057976
3.286667	0.200	0.165726
3.290000	0.200	0.265257
3.293333	0.200	0.351620
3.296667	0.200	0.420932
3.300000	0.200	0.470084
3.303333	0.200	0.497062
3.306667	0.200	0.501574
3.310000	0.200	0.484783
3.313333	0.200	0.448426
3.316667	0.200	0.394746
3.320000	0.200	0.327294
3.323333	0.200	0.251246
3.326667	0.200	0.172341
3.330000	0.200	0.095112
3.333333	0.200	0.022392
3.336667	0.200	-0.043840
3.340000	0.200	-0.102096
3.343333	0.200	-0.151547
3.346667	0.200	-0.191805
3.350000	0.200	-0.222677
3.353333	0.200	-0.243477
3.356667	0.200	-0.250428
3.360000	0.200	-0.231370
3.363333	0.200	-0.156358
3.366667	0.200	0.038996
3.370000	0.200	0.479866
3.373333	0.200	1.386072
3.376667	0.200	3.104126
3.380000	0.200	6.120757
3.383333	0.200	11.037025
3.386667	0.200	18.486641
3.390000	0.200	28.998908
3.393333	0.200	42.831446
3.396667	0.200	59.817898
3.400000	0.200	79.281118
3.403333	0.200	100.049866
3.406667	0.200	120.588956
3.410000	0.200	139.219052
3.413333	0.200	154.376680
3.416667	0.200	164.854154
3.420000	0.200	169.965789
3.423333	0.200	169.609712
3.426667	0.200	164.223723
3.430000	0.200	154.658565
3.433333	0.200	142.007546
3.436667	0.200	127.434158
3.440000	0.200	112.029359
3.443333	0.200	96.714142
3.446667	0.200	82.189282
3.450000	0.200	68.926278
3.453333	0.200	57.188650
3.456667	0.200	47.070174
3.460000	0.200	38.538305
3.463333	0.200	31.475208
3.466667	0.200	25.713097
3.470000	0.200	21.062682
3.473333	0.200	17.333919
3.476667	0.200	14.349417
3.480000	0.200	11.952302
3.483333	0.200	10.010605
3.486667	0.200	8.419122
3.490000	0.200	7.098133
3.493333	0.200	5.989221
3.496667	0.200	5.050343
3.500000	0.200	4.251512
3.503333	0.200	3.570941
3.506667	0.200	2.991636
3.510000	0.200	2.499260
3.513333	0.200	2.081698
3.516667	0.200	1.728967
3.520000	0.200	1.432313
3.523333	0.200	1.183441
3.526667	0.200	0.974597
3.530000	0.200	0.798766
3.533333	0.200	0.649654
3.536667	0.200	0.521904
3.540000	0.200	0.411403
3.543333	0.200	0.315058
3.546667	0.200	0.230354
3.550000	0.200	0.155322
3.553333	0.200	0.088940
3.556667	0.200	0.031367
3.560000	0.200	-0.016609
3.563333	0.200	-0.054010
3.566667	0.200	-0.079294
3.570000	0.200	-0.090450
3.573333	0.200	-0.085963
3.576667	0.200	-0.065718
3.580000	0.200	-0.031261
3.583333	0.200	0.014855
3.586667	0.200	0.069793
3.590000	0.200	0.129897
3.593333	0.200	0.189980
3.596667	0.200	0.243899
3.600000	0.200	0.285727
3.603333	0.200	0.310707
3.606667	0.200	0.315846
3.610000	0.200	0.300142
3.613333	0.200	0.264739
3.616667	0.200	0.212843
3.620000	0.200	0.149120
3.623333	0.200	0.078703
3.626667	0.200	0.006000
3.630000	0.200	-0.066073
3.633333	0.200	-0.135678
3.636667	0.200	-0.201127
3.640000	0.200	-0.260739
3.643333	0.200	-0.313272
3.646667	0.200	-0.358195
3.650000	0.200	-0.395854
3.653333	0.200	-0.427387
3.656667	0.200	-0.454180
3.660000	0.200	-0.477410
3.663333	0.200	-0.497821
3.666667	0.200	-0.515651
3.670000	0.200	-0.530885
3.673333	0.200	-0.543627
3.676667	0.200	-0.554301
3.680000	0.200	-0.563714
3.683333	0.200	-0.572726
3.686667	0.200	-0.581480
3.690000	0.200	-0.588946
3.693333	0.200	-0.593558
3.696667	0.200	-0.594534
3.700000	0.200	-0.592586
3.703333	0.200	-0.589479
3.706667	0.200	-0.586897
3.710000	0.200	-0.585547
3.713333	0.200	-0.585119
3.716667	0.200	-0.584805
3.720000	0.200	-0.583625
3.723333	0.200	-0.580623
3.726667	0.200	-0.575543
3.730000	0.200	-0.569273
3.733333	0.200	-0.563025
3.736667	0.200	-0.557460
3.740000	0.200	-0.552790
3.743333	0.200	-0.549074
3.746667	0.200	-0.546229
3.750000	0.200	-0.543823
3.753333	0.200	-0.541114
3.756667	0.200	-0.537852
3.760000	0.200	-0.534934
3.763333	0.200	-0.533637
3.766667	0.200	-0.534338
3.770000	0.200	-0.536368
3.773333	0.200	-0.538673
3.776667	0.200	-0.540472
3.780000	0.200	-0.541678
3.783333	0.200	-0.543127
3.786667	0.200	-0.546363
3.790000	0.200	-0.552580
3.793333	0.200	-0.561465
3.796667	0.200	-0.571552
3.800000	0.200	-0.581915
3.803333	0.200	-0.592848
3.806667	0.200	-0.604647
3.810000	0.200	-0.616249
3.813333	0.200	-0.624972
3.816667	0.200	-0.627367
3.820000	0.200	-0.620471
3.823333	0.200	-0.601861
3.826667	0.200	-0.568637
3.830000	0.200	-0.517142
3.833333	0.200	-0.443393
3.836667	0.200	-0.343379
3.840000	0.200	-0.213581
3.843333	0.200	-0.051923
3.846667	0.200	0.141289
3.850000	0.200	0.362558
3.853333	0.200	0.605139
3.856667	0.200	0.859677
3.860000	0.200	1.114367
3.863333	0.200	1.355258
3.866667	0.200	1.567799
3.870000	0.200	1.738908
3.873333	0.200	1.858447
3.876667	0.200	1.919762
3.880000	0.200	1.919775
3.883333	0.200	1.859399
3.886667	0.200	1.743877
3.890000	0.200	1.582322
3.893333	0.200	1.386531
3.896667	0.200	1.169396
3.900000	0.200	0.943452
3.903333	0.200	0.719879
3.906667	0.200	0.507740
3.910000	0.200	0.313451
3.913333	0.200	0.140678
3.916667	0.200	-0.009222
3.920000	0.200	-0.136524
3.923333	0.200	-0.242551
3.926667	0.200	-0.329135
3.930000	0.200	-0.398406
3.933333	0.200	-0.452904
3.936667	0.200	-0.495341
3.940000	0.200	-0.528089
3.943333	0.200	-0.553047
3.946667	0.200	-0.571779
3.950000	0.200	-0.585620
3.953333	0.200	-0.595728
3.956667	0.200	-0.603368
3.960000	0.200	-0.610059
3.963333	0.200	-0.616765
3.966667	0.200	-0.623210
3.970000	0.200	-0.628628
3.973333	0.200	-0.632928
3.976667	0.200	-0.636766
3.980000	0.200	-0.640741
3.983333	0.200	-0.645157
3.986667	0.200	-0.650445
3.990000	0.200	-0.657110
3.993333	0.200	-0.665165
3.996667	0.200	-0.673855
4.000000	0.200	-0.681880
4.003333	0.200	-0.688077
4.006667	0.200	-0.692008
4.010000	0.200	-0.693907
4.013333	0.200	-0.694182
4.016667	0.200	-0.693135
4.020000	0.200	-0.691087
4.023333	0.200	-0.688368
4.026667	0.200	-0.685302
4.030000	0.200	-0.682506
4.033333	0.200	-0.680816
4.036667	0.200	-0.680686
4.040000	0.200	-0.682277
4.043333	0.200	-0.685934
4.046667	0.200	-0.691659
4.050000	0.200	-0.698435
4.053333	0.200	-0.704752
4.056667	0.200	-0.709673
4.060000	0.200	-0.713328
4.063333	0.200	-0.716701
4.066667	0.200	-0.720897
4.070000	0.200	-0.726201
4.073333	0.200	-0.731783
4.076667	0.200	-0.736230
4.080000	0.200	-0.738169
4.083333	0.200	-0.736921
4.086667	0.200	-0.733082
4.090000	0.200	-0.728222
4.093333	0.200	-0.723868
4.096667	0.200	-0.720819
4.100000	0.200	-0.719264
4.103333	0.200	-0.719270
4.106667	0.200	-0.720839
4.110000	0.200	-0.723492
4.113333	0.200	-0.726132
4.116667	0.200	-0.727743
4.120000	0.200	-0.728310
4.123333	0.200	-0.728764
4.126667	0.200	-0.729791
4.130000	0.200	-0.731086
4.133333	0.200	-0.732089
4.136667	0.200	-0.732833
4.140000	0.200	-0.733616
4.143333	0.200	-0.734270
4.146667	0.200	-0.734244
4.150000	0.200	-0.733367
4.153333	0.200	-0.732090
4.156667	0.200	-0.731056
4.160000	0.200	-0.730900
4.163333	0.200	-0.732186
4.166667	0.200	-0.734876
4.170000	0.200	-0.738021
4.173333	0.200	-0.740531
4.176667	0.200	-0.742152
4.180000	0.200	-0.743290
4.183333	0.200	-0.744104
4.186667	0.200	-0.744468
4.190000	0.200	-0.744837
4.193333	0.200	-0.746282
4.196667	0.200	-0.749393
4.200000	0.200	-0.753683
4.203333	0.200	-0.758048
4.206667	0.200	-0.761518
4.210000	0.200	-0.763895
4.213333	0.200	-0.765758
4.216667	0.200	-0.767767
4.220000	0.200	-0.770186
4.223333	0.200	-0.772934
4.226667	0.200	-0.775678
4.230000	0.200	-0.777942
4.233333	0.200	-0.779233
4.236667	0.200	-0.779030
4.240000	0.200	-0.776956
4.243333	0.200	-0.773282
4.246667	0.200	-0.768858
4.250000	0.200	-0.764359
4.253333	0.200	-0.759989
4.256667	0.200	-0.755794
4.260000	0.200	-0.751856
4.263333	0.200	-0.748247
4.266667	0.200	-0.744915
4.270000	0.200	-0.741721
4.273333	0.200	-0.738549
4.276667	0.200	-0.735214
4.280000	0.200	-0.731556
4.283333	0.200	-0.727871
4.286667	0.200	-0.724646
4.290000	0.200	-0.722123
4.293333	0.200	-0.720719
4.296667	0.200	-0.721040
4.300000	0.200	-0.723228
4.303333	0.200	-0.727155
4.306667	0.200	-0.733009
4.310000	0.200	-0.740850
4.313333	0.200	-0.749736
4.316667	0.200	-0.758015
4.320000	0.200	-0.764573
4.323333	0.200	-0.769499
4.326667	0.200	-0.773555
4.330000	0.200	-0.777239
4.333333	0.200	-0.780480
4.336667	0.200	-0.783089
4.340000	0.200	-0.785197
4.343333	0.200	-0.787284
4.346667	0.200	-0.789831
4.350000	0.200	-0.793053
4.353333	0.200	-0.796998
4.356667	0.200	-0.801386
4.360000	0.200	-0.805340
4.363333	0.200	-0.807894
4.366667	0.200	-0.808777
4.370000	0.200	-0.808596
4.373333	0.200	-0.808493
4.376667	0.200	-0.809484
4.380000	0.200	-0.811890
4.383333	0.200	-0.815215
4.386667	0.200	-0.818316
4.390000	0.200	-0.819985
4.393333	0.200	-0.819674
4.396667	0.200	-0.817662
4.400000	0.200	-0.814774
4.403333	0.200	-0.811967
4.406667	0.200	-0.809661
4.410000	0.200	-0.807482
4.413333	0.200	-0.805110
4.416667	0.200	-0.802842
4.420000	0.200	-0.800996
4.423333	0.200	-0.799439
4.426667	0.200	-0.797863
4.430000	0.200	-0.796078
4.433333	0.200	-0.793847
4.436667	0.200	-0.790532
4.440000	0.200	-0.785427
4.443333	0.200	-0.778653
4.446667	0.200	-0.771086
4.450000	0.200	-0.763271
4.453333	0.200	-0.754975
4.456667	0.200	-0.745794
4.460000	0.200	-0.735739
4.463333	0.200	-0.724948
4.466667	0.200	-0.712944
4.470000	0.200	-0.698604
4.473333	0.200	-0.680996
4.476667	0.200	-0.660106
4.480000	0.200	-0.637056
4.483333	0.200	-0.613471
4.486667	0.200	-0.590239
4.490000	0.200	-0.567246
4.493333	0.200	-0.544510
4.496667	0.200	-0.522884
4.500000	0.200	-0.503559
4.503333	0.200	-0.487119
4.506667	0.200	-0.473139
4.510000	0.200	-0.460868
4.513333	0.200	-0.450137
4.516667	0.200	-0.441566
4.520000	0.200	-0.436080
4.523333	0.200	-0.433938
4.526667	0.200	-0.434314
4.530000	0.200	-0.436037
4.533333	0.200	-0.438408
4.536667	0.200	-0.441289
4.540000	0.200	-0.444648
4.543333	0.200	-0.447974
4.546667	0.200	-0.450151
4.550000	0.200	-0.450236
4.553333	0.200	-0.448311
4.556667	0.200	-0.445129
4.560000	0.200	-0.441247
4.563333	0.200	-0.437098
4.566667	0.200	-0.433411
4.570000	0.200	-0.431073
4.573333	0.200	-0.431026
4.576667	0.200	-0.434389
4.580000	0.200	-0.442177
4.583333	0.200	-0.454696
4.586667	0.200	-0.471033
4.590000	0.200	-0.489303
4.593333	0.200	-0.507979
4.596667	0.200	-0.526850
4.600000	0.200	-0.546360
4.603333	0.200	-0.566592
4.606667	0.200	-0.587170
4.610000	0.200	-0.607461
4.613333	0.200	-0.626676
4.616667	0.200	-0.644161
4.620000	0.200	-0.659521
4.623333	0.200	-0.672510
4.626667	0.200	-0.683051
4.630000	0.200	-0.691184
4.633333	0.200	-0.696925
4.636667	0.200	-0.700144
4.640000	0.200	-0.700528
4.643333	0.200	-0.698042
4.646667	0.200	-0.692971
4.650000	0.200	-0.685047
4.653333	0.200	-0.673453
4.656667	0.200	-0.657804
4.660000	0.200	-0.638240
4.663333	0.200	-0.614970
4.666667	0.200	-0.588381
4.670000	0.200	-0.559241
4.673333	0.200	-0.528608
4.676667	0.200	-0.497643
4.680000	0.200	-0.467361
4.683333	0.200	-0.438617
4.686667	0.200	-0.412495
4.690000	0.200	-0.390347
4.693333	0.200	-0.373400
4.696667	0.200	-0.362677
4.700000	0.200	-0.359025
4.703333	0.200	-0.362713
4.706667	0.200	-0.373039
4.710000	0.200	-0.388403
4.713333	0.200	-0.406950
4.716667	0.200	-0.427445
4.720000	0.200	-0.449414
4.723333	0.200	-0.472429
4.726667	0.200	-0.495677
4.730000	0.200	-0.518073
4.733333	0.200	-0.538321
4.736667	0.200	-0.554984
4.740000	0.200	-0.566755
4.743333	0.200	-0.572677
4.746667	0.200	-0.572632
4.750000	0.200	-0.567727
4.753333	0.200	-0.559697
4.756667	0.200	-0.549979
4.760000	0.200	-0.539453
4.763333	0.200	-0.528736
4.766667	0.200	-0.518363
4.770000	0.200	-0.508699
4.773333	0.200	-0.500122
4.776667	0.200	-0.493273
4.780000	0.200	-0.488790
4.783333	0.200	-0.486756
4.786667	0.200	-0.486443
4.790000	0.200	-0.486812
4.793333	0.200	-0.487429
4.796667	0.200	-0.488483
4.800000	0.200	-0.489854
4.803333	0.200	-0.490662
4.806667	0.200	-0.489591
4.810000	0.200	-0.485161
4.813333	0.200	-0.475664
4.816667	0.200	-0.459315
4.820000	0.200	-0.435042
4.823333	0.200	-0.402955
4.826667	0.200	-0.363885
4.830000	0.200	-0.319139
4.833333	0.200	-0.270747
4.836667	0.200	-0.221100
4.840000	0.200	-0.172327
4.843333	0.200	-0.126465
4.846667	0.200	-0.086007
4.850000	0.200	-0.053714
4.853333	0.200	-0.031813
4.856667	0.200	-0.021339
4.860000	0.200	-0.022207
4.863333	0.200	-0.034071
4.866667	0.200	-0.056539
4.870000	0.200	-0.088324
4.873333	0.200	-0.127124
4.876667	0.200	-0.170429
4.880000	0.200	-0.216272
4.883333	0.200	-0.263611
4.886667	0.200	-0.311660
4.890000	0.200	-0.358842
4.893333	0.200	-0.403002
4.896667	0.200	-0.442336
4.900000	0.200	-0.475979
4.903333	0.200	-0.504175
4.906667	0.200	-0.527722
4.910000	0.200	-0.547154
4.913333	0.200	-0.562705
4.916667	0.200	-0.574786
4.920000	0.200	-0.584153
4.923333	0.200	-0.591605
4.926667	0.200	-0.597599
4.930000	0.200	-0.602295
4.933333	0.200	-0.605889
4.936667	0.200	-0.608557
4.940000	0.200	-0.610130
4.943333	0.200	-0.610151
4.946667	0.200	-0.608342
4.950000	0.200	-0.604803
4.953333	0.200	-0.599696
4.956667	0.200	-0.593195
4.960000	0.200	-0.585518
4.963333	0.200	-0.576591
4.966667	0.200	-0.566296
4.970000	0.200	-0.555269
4.973333	0.200	-0.544755
4.976667	0.200	-0.535636
4.980000	0.200	-0.527995
4.983333	0.200	-0.521434
4.986667	0.200	-0.515323
4.990000	0.200	-0.509052
4.993333	0.200	-0.502542
4.996667	0.200	-0.496353
5.000000	0.200	-0.491129
5.003333	0.200	-0.487158
5.006667	0.200	-0.484458
5.010000	0.200	-0.482858
5.013333	0.200	-0.481579
5.016667	0.200	-0.479137
5.020000	0.200	-0.474075
5.023333	0.200	-0.465571
5.026667	0.200	-0.453257
5.030000	0.200	-0.436397
5.033333	0.200	-0.413277
5.036667	0.200	-0.382041
5.040000	0.200	-0.342093
5.043333	0.200	-0.294205
5.046667	0.200	-0.239889
5.050000	0.200	-0.181249
5.053333	0.200	-0.121156
5.056667	0.200	-0.063105
5.060000	0.200	-0.010656
5.063333	0.200	0.033049
5.066667	0.200	0.065364
5.070000	0.200	0.084242
5.073333	0.200	0.088462
5.076667	0.200	0.077997
5.080000	0.200	0.054334
5.083333	0.200	0.020249
5.086667	0.200	-0.020670
5.090000	0.200	-0.064403
5.093333	0.200	-0.106988
5.096667	0.200	-0.145362
5.100000	0.200	-0.178224
5.103333	0.200	-0.206279
5.106667	0.200	-0.231436
5.110000	0.200	-0.255204
5.113333	0.200	-0.277717
5.116667	0.200	-0.298406
5.120000	0.200	-0.316950
5.123333	0.200	-0.333184
5.126667	0.200	-0.346626
5.130000	0.200	-0.356561
5.133333	0.200	-0.362493
5.136667	0.200	-0.363833
5.140000	0.200	-0.359158
5.143333	0.200	-0.346684
5.146667	0.200	-0.325228
5.150000	0.200	-0.293909
5.153333	0.200	-0.251876
5.156667	0.200	-0.199108
5.160000	0.200	-0.136767
5.163333	0.200	-0.066705
5.166667	0.200	0.008681
5.170000	0.200	0.086049
5.173333	0.200	0.161106
5.176667	0.200	0.229415
5.180000	0.200	0.287366
5.183333	0.200	0.332449
5.186667	0.200	0.362708
5.190000	0.200	0.376647
5.193333	0.200	0.374168
5.196667	0.200	0.356915
5.200000	0.200	0.327125
5.203333	0.200	0.286376
5.206667	0.200	0.235613
5.210000	0.200	0.175960
5.213333	0.200	0.109423
5.216667	0.200	0.039165
5.220000	0.200	-0.031179
5.223333	0.200	-0.098625
5.226667	0.200	-0.160985
5.230000	0.200	-0.216488
5.233333	0.200	-0.264002
5.236667	0.200	-0.303202
5.240000	0.200	-0.333551
5.243333	0.200	-0.352547
5.246667	0.200	-0.354264
5.250000	0.200	-0.328542
5.253333	0.200	-0.261125
5.256667	0.200	-0.135375
5.260000	0.200	0.063897
5.263333	0.200	0.344831
5.266667	0.200	0.702790
5.270000	0.200	1.116591
5.273333	0.200	1.548486
5.276667	0.200	1.949067
5.280000	0.200	2.266385
5.283333	0.200	2.457015
5.286667	0.200	2.496273
5.290000	0.200	2.384095
5.293333	0.200	2.144044
5.296667	0.200	1.815921
5.300000	0.200	1.445389
5.303333	0.200	1.074458
5.306667	0.200	0.735137
5.310000	0.200	0.446872
5.313333	0.200	0.216848
5.316667	0.200	0.042225
5.320000	0.200	-0.086040
5.323333	0.200	-0.178889
5.326667	0.200	-0.245809
5.330000	0.200	-0.293540
5.333333	0.200	-0.326804
5.336667	0.200	-0.349444
5.340000	0.200	-0.364950
5.343333	0.200	-0.376484
5.346667	0.200	-0.386276
5.350000	0.200	-0.395235
5.353333	0.200	-0.403815
5.356667	0.200	-0.412682
5.360000	0.200	-0.422202
5.363333	0.200	-0.432126
5.366667	0.200	-0.441917
5.370000	0.200	-0.451028
5.373333	0.200	-0.458927
5.376667	0.200	-0.465048
5.380000	0.200	-0.468843
5.383333	0.200	-0.470057
5.386667	0.200	-0.469258
5.390000	0.200	-0.467881
5.393333	0.200	-0.467020
5.396667	0.200	-0.466523
5.400000	0.200	-0.465829
5.403333	0.200	-0.464811
5.406667	0.200	-0.463345
5.410000	0.200	-0.461160
5.413333	0.200	-0.458326
5.416667	0.200	-0.455039
5.420000	0.200	-0.451262
5.423333	0.200	-0.447164
5.426667	0.200	-0.443378
5.430000	0.200	-0.440445
5.433333	0.200	-0.438283
5.436667	0.200	-0.436541
5.440000	0.200	-0.435341
5.443333	0.200	-0.435179
5.446667	0.200	-0.436297
5.450000	0.200	-0.438565
5.453333	0.200	-0.441533
5.456667	0.200	-0.444466
5.460000	0.200	-0.446729
5.463333	0.200	-0.448123
5.466667	0.200	-0.448860
5.470000	0.200	-0.449144
5.473333	0.200	-0.448813
5.476667	0.200	-0.447614
5.480000	0.200	-0.445583
5.483333	0.200	-0.443122
5.486667	0.200	-0.440690
5.490000	0.200	-0.438114
5.493333	0.200	-0.434513
5.496667	0.200	-0.429163
5.500000	0.200	-0.422345
5.503333	0.200	-0.415428
5.506667	0.200	-0.409970
5.510000	0.200	-0.406782
5.513333	0.200	-0.405829
5.516667	0.200	-0.406435
5.520000	0.200	-0.407542
5.523333	0.200	-0.408254
5.526667	0.200	-0.408124
5.530000	0.200	-0.406885
5.533333	0.200	-0.404521
5.536667	0.200	-0.401529
5.540000	0.200	-0.398210
5.543333	0.200	-0.394015
5.546667	0.200	-0.388342
5.550000	0.200	-0.381470
5.553333	0.200	-0.374344
5.556667	0.200	-0.367738
5.560000	0.200	-0.361598
5.563333	0.200	-0.355204
5.566667	0.200	-0.348188
5.570000	0.200	-0.341157
5.573333	0.200	-0.335086
5.576667	0.200	-0.330352
5.580000	0.200	-0.326629
5.583333	0.200	-0.323558
5.586667	0.200	-0.321097
5.590000	0.200	-0.319279
5.593333	0.200	-0.317979
5.596667	0.200	-0.316755
5.600000	0.200	-0.315148
5.603333	0.200	-0.313614
5.606667	0.200	-0.313418
5.610000	0.200	-0.315165
5.613333	0.200	-0.318350
5.616667	0.200	-0.322301
5.620000	0.200	-0.326678
5.623333	0.200	-0.331319
5.626667	0.200	-0.335907
5.630000	0.200	-0.339395
5.633333	0.200	-0.340106
5.636667	0.200	-0.336925
5.640000	0.200	-0.330041
5.643333	0.200	-0.320724
5.646667	0.200	-0.310961
5.650000	0.200	-0.302573
5.653333	0.200	-0.296066
5.656667	0.200	-0.291085
5.660000	0.200	-0.287690
5.663333	0.200	-0.286311
5.666667	0.200	-0.287084
5.670000	0.200	-0.289922
5.673333	0.200	-0.294607
5.676667	0.200	-0.300591
5.680000	0.200	-0.307363
5.683333	0.200	-0.314881
5.686667	0.200	-0.323038
5.690000	0.200	-0.331068
5.693333	0.200	-0.338096
5.696667	0.200	-0.343695
5.700000	0.200	-0.347696
5.703333	0.200	-0.350272
5.706667	0.200	-0.352049
5.710000	0.200	-0.353509
5.713333	0.200	-0.354545
5.716667	0.200	-0.354612
5.720000	0.200	-0.352962
5.723333	0.200	-0.348800
5.726667	0.200	-0.341595
5.730000	0.200	-0.331469
5.733333	0.200	-0.319023
5.736667	0.200	-0.304778
5.740000	0.200	-0.289304
5.743333	0.200	-0.273521
5.746667	0.200	-0.258345
5.750000	0.200	-0.244735
5.753333	0.200	-0.234013
5.756667	0.200	-0.227041
5.760000	0.200	-0.223418
5.763333	0.200	-0.222313
5.766667	0.200	-0.223444
5.770000	0.200	-0.226754
5.773333	0.200	-0.231910
5.776667	0.200	-0.238570
5.780000	0.200	-0.246569
5.783333	0.200	-0.255407
5.786667	0.200	-0.263862
5.790000	0.200	-0.270636
5.793333	0.200	-0.275351
5.796667	0.200	-0.278600
5.800000	0.200	-0.281311
5.803333	0.200	-0.284225
5.806667	0.200	-0.287523
5.810000	0.200	-0.290717
5.813333	0.200	-0.293025
5.816667	0.200	-0.294216
5.820000	0.200	-0.295034
5.823333	0.200	-0.296536
5.826667	0.200	-0.299307
5.830000	0.200	-0.303485
5.833333	0.200	-0.308872
5.836667	0.200	-0.314806
5.840000	0.200	-0.320560
5.843333	0.200	-0.325846
5.846667	0.200	-0.330428
5.850000	0.200	-0.333664
5.853333	0.200	-0.335013
5.856667	0.200	-0.334752
5.860000	0.200	-0.333691
5.863333	0.200	-0.332292
5.866667	0.200	-0.330543
5.870000	0.200	-0.328471
5.873333	0.200	-0.326360
5.876667	0.200	-0.324510
5.880000	0.200	-0.322789
5.883333	0.200	-0.320279
5.886667	0.200	-0.315247
5.890000	0.200	-0.305821
5.893333	0.200	-0.291223
5.896667	0.200	-0.272437
5.900000	0.200	-0.251447
5.903333	0.200	-0.230092
5.906667	0.200	-0.209907
5.910000	0.200	-0.192370
5.913333	0.200	-0.178731
5.916667	0.200	-0.169949
5.920000	0.200	-0.166636
5.923333	0.200	-0.168427
5.926667	0.200	-0.173653
5.930000	0.200	-0.180332
5.933333	0.200	-0.187421
5.936667	0.200	-0.194975
5.940000	0.200	-0.203424
5.943333	0.200	-0.212917
5.946667	0.200	-0.223153
5.950000	0.200	-0.233563
5.953333	0.200	-0.243453
5.956667	0.200	-0.252201
5.960000	0.200	-0.259610
5.963333	0.200	-0.265804
5.966667	0.200	-0.270793
5.970000	0.200	-0.274593
5.973333	0.200	-0.277414
5.976667	0.200	-0.279341
5.980000	0.200	-0.280295
5.983333	0.200	-0.280348
5.986667	0.200	-0.279794
5.990000	0.200	-0.278932
5.993333	0.200	-0.277841
5.996667	0.200	-0.276495
6.000000	0.200	-0.274908
6.003333	0.200	-0.272784
6.006667	0.200	-0.269553
6.010000	0.200	-0.265221
6.013333	0.200	-0.260628
6.016667	0.200	-0.256596
6.020000	0.200	-0.253218
6.023333	0.200	-0.250067
6.026667	0.200	-0.246643
6.030000	0.200	-0.242598
6.033333	0.200	-0.237768
6.036667	0.200	-0.232016
6.040000	0.200	-0.225028
6.043333	0.200	-0.216235
6.046667	0.200	-0.204870
6.050000	0.200	-0.189958
6.053333	0.200	-0.170488
6.056667	0.200	-0.146244
6.060000	0.200	-0.118164
6.063333	0.200	-0.087582
6.066667	0.200	-0.055930
6.070000	0.200	-0.025203
6.073333	0.200	0.002175
6.076667	0.200	0.024122
6.080000	0.200	0.039446
6.083333	0.200	0.047794
6.086667	0.200	0.049239
6.090000	0.200	0.044152
6.093333	0.200	0.033555
6.096667	0.200	0.019141
6.100000	0.200	0.002526
6.103333	0.200	-0.015085
6.106667	0.200	-0.032396
6.110000	0.200	-0.047799
6.113333	0.200	-0.059854
6.116667	0.200	-0.067914
6.120000	0.200	-0.072216
6.123333	0.200	-0.073573
6.126667	0.200	-0.073246
6.130000	0.200	-0.072551
6.133333	0.200	-0.072329
6.136667	0.200	-0.073070
6.140000	0.200	-0.075095
6.143333	0.200	-0.078311
6.146667	0.200	-0.082364
6.150000	0.200	-0.087051
6.153333	0.200	-0.092114
6.156667	0.200	-0.096943
6.160000	0.200	-0.100990
6.163333	0.200	-0.104160
6.166667	0.200	-0.106708
6.170000	0.200	-0.109332
6.173333	0.200	-0.113136
6.176667	0.200	-0.118965
6.180000	0.200	-0.126953
6.183333	0.200	-0.136757
6.186667	0.200	-0.147821
6.190000	0.200	-0.159493
6.193333	0.200	-0.171129
6.196667	0.200	-0.181881
6.200000	0.200	-0.190809
6.203333	0.200	-0.197658
6.206667	0.200	-0.202909
6.210000	0.200	-0.206965
6.213333	0.200	-0.210166
6.216667	0.200	-0.213479
6.220000	0.200	-0.218283
6.223333	0.200	-0.225335
6.226667	0.200	-0.234136
6.230000	0.200	-0.243123
6.233333	0.200	-0.250543
6.236667	0.200	-0.255447
6.240000	0.200	-0.257666
6.243333	0.200	-0.257314
6.246667	0.200	-0.254903
6.250000	0.200	-0.251308
6.253333	0.200	-0.247391
6.256667	0.200	-0.243938
6.260000	0.200	-0.241505
6.263333	0.200	-0.239974
6.266667	0.200	-0.238688
6.270000	0.200	-0.237175
6.273333	0.200	-0.235306
6.276667	0.200	-0.233025
6.280000	0.200	-0.230496
6.283333	0.200	-0.228234
6.286667	0.200	-0.226840
6.290000	0.200	-0.226791
6.293333	0.200	-0.228312
6.296667	0.200	-0.231091
6.300000	0.200	-0.234392
6.303333	0.200	-0.237609
6.306667	0.200	-0.240217
6.310000	0.200	-0.241608
6.313333	0.200	-0.241733
6.316667	0.200	-0.241348
6.320000	0.200	-0.241065
6.323333	0.200	-0.240562
6.326667	0.200	-0.239081
6.330000	0.200	-0.236316
6.333333	0.200	-0.232728
6.336667	0.200	-0.229356
6.340000	0.200	-0.227092
6.343333	0.200	-0.225963
6.346667	0.200	-0.225518
6.350000	0.200	-0.225798
6.353333	0.200	-0.227334
6.356667	0.200	-0.230251
6.360000	0.200	-0.234047
6.363333	0.200	-0.238328
6.366667	0.200	-0.243053
6.370000	0.200	-0.247856
6.373333	0.200	-0.251711
6.376667	0.200	-0.253707
6.380000	0.200	-0.253889
6.383333	0.200	-0.253117
6.386667	0.200	-0.252238
6.390000	0.200	-0.251378
6.393333	0.200	-0.249950
6.396667	0.200	-0.247211
6.400000	0.200	-0.242958
6.403333	0.200	-0.237941
6.406667	0.200	-0.233409
6.410000	0.200	-0.229944
6.413333	0.200	-0.226822
6.416667	0.200	-0.222181
6.420000	0.200	-0.213886
6.423333	0.200	-0.200798
6.426667	0.200	-0.182913
6.430000	0.200	-0.160580
6.433333	0.200	-0.134528
6.436667	0.200	-0.106010
6.440000	0.200	-0.076305
6.443333	0.200	-0.046286
6.446667	0.200	-0.016628
6.450000	0.200	0.011437
6.453333	0.200	0.035818
6.456667	0.200	0.054192
6.460000	0.200	0.064867
6.463333	0.200	0.066936
6.466667	0.200	0.059924
6.470000	0.200	0.044011
6.473333	0.200	0.020540
6.476667	0.200	-0.008215
6.480000	0.200	-0.039770
6.483333	0.200	-0.072067
6.486667	0.200	-0.103568
6.490000	0.200	-0.132815
6.493333	0.200	-0.158432
6.496667	0.200	-0.179701
6.500000	0.200	-0.196763
6.503333	0.200	-0.210156
6.506667	0.200	-0.220326
6.510000	0.200	-0.227854
6.513333	0.200	-0.233960
6.516667	0.200	-0.240160
6.520000	0.200	-0.247201
6.523333	0.200	-0.254409
6.526667	0.200	-0.260351
6.530000	0.200	-0.264236
6.533333	0.200	-0.266501
6.536667	0.200	-0.268307
6.540000	0.200	-0.270682
6.543333	0.200	-0.273880
6.546667	0.200	-0.277562
6.550000	0.200	-0.281404
6.553333	0.200	-0.285168
6.556667	0.200	-0.288500
6.560000	0.200	-0.291115
6.563333	0.200	-0.293197
6.566667	0.200	-0.295218
6.570000	0.200	-0.297235
6.573333	0.200	-0.298794
6.576667	0.200	-0.299462
6.580000	0.200	-0.298932
6.583333	0.200	-0.296982
6.586667	0.200	-0.293940
6.590000	0.200	-0.290830
6.593333	0.200	-0.288666
6.596667	0.200	-0.288039
6.600000	0.200	-0.289269
6.603333	0.200	-0.292214
6.606667	0.200	-0.295926
6.610000	0.200	-0.299046
6.613333	0.200	-0.300670
6.616667	0.200	-0.300862
6.620000	0.200	-0.300476
6.623333	0.200	-0.300476
6.626667	0.200	-0.301374
6.630000	0.200	-0.302990
6.633333	0.200	-0.304403
6.636667	0.200	-0.304403
6.640000	0.200	-0.302318
6.643333	0.200	-0.298453
6.646667	0.200	-0.293884
6.650000	0.200	-0.289767
6.653333	0.200	-0.286436
6.656667	0.200	-0.283171
6.660000	0.200	-0.278977
6.663333	0.200	-0.273587
6.666667	0.200	-0.267686
6.670000	0.200	-0.262281
6.673333	0.200	-0.258042
6.676667	0.200	-0.255248
6.680000	0.200	-0.254034
6.683333	0.200	-0.254308
6.686667	0.200	-0.255582
6.690000	0.200	-0.257371
6.693333	0.200	-0.259697
6.696667	0.200	-0.262804
6.700000	0.200	-0.266279
6.703333	0.200	-0.268830
6.706667	0.200	-0.269469
6.710000	0.200	-0.268733
6.713333	0.200	-0.267973
6.716667	0.200	-0.267809
6.720000	0.200	-0.267987
6.723333	0.200	-0.268022
6.726667	0.200	-0.267295
6.730000	0.200	-0.264962
6.733333	0.200	-0.260311
6.736667	0.200	-0.253326
6.740000	0.200	-0.244824
6.743333	0.200	-0.236001
6.746667	0.200	-0.227923
6.750000	0.200	-0.221207
6.753333	0.200	-0.215937
6.756667	0.200	-0.212058
6.760000	0.200	-0.209828
6.763333	0.200	-0.209524
6.766667	0.200	-0.210983
6.770000	0.200	-0.213876
6.773333	0.200	-0.218156
6.776667	0.200	-0.223918
6.780000	0.200	-0.231121
6.783333	0.200	-0.239449
6.786667	0.200	-0.248032
6.790000	0.200	-0.255469
6.793333	0.200	-0.260713
6.796667	0.200	-0.263922
6.800000	0.200	-0.266028
6.803333	0.200	-0.267579
6.806667	0.200	-0.268552
6.810000	0.200	-0.269099
6.813333	0.200	-0.269617
6.816667	0.200	-0.270240
6.820000	0.200	-0.270827
6.823333	0.200	-0.271201
6.826667	0.200	-0.271368
6.830000	0.200	-0.271536
6.833333	0.200	-0.271713
6.836667	0.200	-0.271731
6.840000	0.200	-0.271758
6.843333	0.200	-0.272290
6.846667	0.200	-0.273767
6.850000	0.200	-0.276414
6.853333	0.200	-0.280064
6.856667	0.200	-0.283956
6.860000	0.200	-0.287022
6.863333	0.200	-0.288592
6.866667	0.200	-0.288707
6.870000	0.200	-0.287621
6.873333	0.200	-0.285149
6.876667	0.200	-0.280204
6.880000	0.200	-0.270300
6.883333	0.200	-0.250740
6.886667	0.200	-0.213022
6.890000	0.200	-0.142531
6.893333	0.200	-0.015749
6.896667	0.200	0.203425
6.900000	0.200	0.568451
6.903333	0.200	1.155250
6.906667	0.200	2.066087
6.910000	0.200	3.431197
6.913333	0.200	5.407571
6.916667	0.200	8.172343
6.920000	0.200	11.908372
6.923333	0.200	16.783314
6.926667	0.200	22.924034
6.930000	0.200	30.387665
6.933333	0.200	39.133030
6.936667	0.200	48.997756
6.940000	0.200	59.686815
6.943333	0.200	70.777972
6.946667	0.200	81.746762
6.950000	0.200	92.009488
6.953333	0.200	100.977919
6.956667	0.200	108.117191
6.960000	0.200	113.000665
6.963333	0.200	115.355389
6.966667	0.200	115.090097
6.970000	0.200	112.300059
6.973333	0.200	107.248856
6.976667	0.200	100.332520
6.980000	0.200	92.032793
6.983333	0.200	82.865520
6.986667	0.200	73.330960
6.990000	0.200	63.872470
6.993333	0.200	54.847985
6.996667	0.200	46.516342
7.000000	0.200	39.037227
7.003333	0.200	32.481535
7.006667	0.200	26.848983
7.010000	0.200	22.088710
7.013333	0.200	18.117928
7.016667	0.200	14.837146
7.020000	0.200	12.143095
7.023333	0.200	9.938379
7.026667	0.200	8.136478
7.030000	0.200	6.663307
7.033333	0.200	5.456865
7.036667	0.200	4.466046
7.040000	0.200	3.649793
7.043333	0.200	2.976165
7.046667	0.200	2.420296
7.050000	0.200	1.962045
7.053333	0.200	1.584580
7.056667	0.200	1.273740
7.060000	0.200	1.017438
7.063333	0.200	0.805667
7.066667	0.200	0.631174
7.070000	0.200	0.488908
7.073333	0.200	0.374092
7.076667	0.200	0.281313
7.080000	0.200	0.205313
7.083333	0.200	0.141864
7.086667	0.200	0.087930
7.090000	0.200	0.041643
7.093333	0.200	0.002305
7.096667	0.200	-0.030291
7.100000	0.200	-0.056977
7.103333	0.200	-0.079113
7.106667	0.200	-0.097586
7.110000	0.200	-0.112774
7.113333	0.200	-0.125123
7.116667	0.200	-0.135268
7.120000	0.200	-0.143946
7.123333	0.200	-0.151929
7.126667	0.200	-0.159926
7.130000	0.200	-0.168252
7.133333	0.200	-0.176450
7.136667	0.200	-0.183713
7.140000	0.200	-0.189795
7.143333	0.200	-0.195217
7.146667	0.200	-0.200668
7.150000	0.200	-0.206313
7.153333	0.200	-0.211652
7.156667	0.200	-0.216071
7.160000	0.200	-0.219501
7.163333	0.200	-0.222445
7.166667	0.200	-0.225433
7.170000	0.200	-0.228888
7.173333	0.200	-0.233379
7.176667	0.200	-0.239259
7.180000	0.200	-0.245940
7.183333	0.200	-0.252027
7.186667	0.200	-0.256479
7.190000	0.200	-0.259402
7.193333	0.200	-0.261599
7.196667	0.200	-0.263707
7.200000	0.200	-0.265797
7.203333	0.200	-0.267500
7.206667	0.200	-0.268648
7.210000	0.200	-0.269811
7.213333	0.200	-0.271852
7.216667	0.200	-0.275066
7.220000	0.200	-0.278728
7.223333	0.200	-0.281321
7.226667	0.200	-0.281506
7.230000	0.200	-0.278679
7.233333	0.200	-0.272216
7.236667	0.200	-0.260754
7.240000	0.200	-0.242468
7.243333	0.200	-0.215583
7.246667	0.200	-0.178519
7.250000	0.200	-0.129811
7.253333	0.200	-0.067945
7.256667	0.200	0.008853
7.260000	0.200	0.102430
7.263333	0.200	0.213960
7.266667	0.200	0.343552
7.270000	0.200	0.490034
7.273333	0.200	0.650317
7.276667	0.200	0.819275
7.280000	0.200	0.990317
7.283333	0.200	1.155790
7.286667	0.200	1.307414
7.290000	0.200	1.437458
7.293333	0.200	1.539967
7.296667	0.200	1.610891
7.300000	0.200	1.647535
7.303333	0.200	1.648385
7.306667	0.200	1.613558
7.310000	0.200	1.545288
7.313333	0.200	1.447827
7.316667	0.200	1.327081
7.320000	0.200	1.190072
7.323333	0.200	1.044016
7.326667	0.200	0.895590
7.330000	0.200	0.750356
7.333333	0.200	0.612342
7.336667	0.200	0.484347
7.340000	0.200	0.368337
7.343333	0.200	0.265239
7.346667	0.200	0.174798
7.350000	0.200	0.096107
7.353333	0.200	0.028293
7.356667	0.200	-0.029437
7.360000	0.200	-0.078014
7.363333	0.200	-0.118260
7.366667	0.200	-0.150854
7.370000	0.200	-0.176859
7.373333	0.200	-0.197789
7.376667	0.200	-0.214876
7.380000	0.200	-0.228692
7.383333	0.200	-0.239389
7.386667	0.200	-0.246838
7.390000	0.200	-0.250806
7.393333	0.200	-0.251307
7.396667	0.200	-0.248525
7.400000	0.200	-0.242438
7.403333	0.200	-0.232682
7.406667	0.200	-0.219018
7.410000	0.200	-0.202243
7.413333	0.200	-0.184224
7.416667	0.200	-0.166754
7.420000	0.200	-0.150821
7.423333	0.200	-0.136888
7.426667	0.200	-0.125450
7.430000	0.200	-0.117357
7.433333	0.200	-0.113366
7.436667	0.200	-0.113532
7.440000	0.200	-0.117470
7.443333	0.200	-0.124979
7.446667	0.200	-0.135924
7.450000	0.200	-0.149420
7.453333	0.200	-0.163763
7.456667	0.200	-0.177817
7.460000	0.200	-0.191849
7.463333	0.200	-0.206581
7.466667	0.200	-0.222221
7.470000	0.200	-0.238569
7.473333	0.200	-0.255177
7.476667	0.200	-0.271215
7.480000	0.200	-0.285589
7.483333	0.200	-0.297328
7.486667	0.200	-0.306077
7.490000	0.200	-0.312341
7.493333	0.200	-0.317193
7.496667	0.200	-0.321555
7.500000	0.200	-0.325436
7.503333	0.200	-0.327967
7.506667	0.200	-0.328609
7.510000	0.200	-0.328097
7.513333	0.200	-0.327832
7.516667	0.200	-0.328733
7.520000	0.200	-0.330921
7.523333	0.200	-0.334033
7.526667	0.200	-0.337216
7.530000	0.200	-0.338993
7.533333	0.200	-0.337938
7.536667	0.200	-0.333813
7.540000	0.200	-0.327884
7.543333	0.200	-0.321934
7.546667	0.200	-0.317032
7.550000	0.200	-0.313210
7.553333	0.200	-0.309740
7.556667	0.200	-0.305669
7.560000	0.200	-0.300652
7.563333	0.200	-0.295178
7.566667	0.200	-0.290086
7.570000	0.200	-0.285991
7.573333	0.200	-0.282880
7.576667	0.200	-0.280336
7.580000	0.200	-0.278003
7.583333	0.200	-0.275483
7.586667	0.200	-0.272489
7.590000	0.200	-0.269404
7.593333	0.200	-0.267167
7.596667	0.200	-0.266554
7.600000	0.200	-0.267796
7.603333	0.200	-0.270633
7.606667	0.200	-0.274149
7.610000	0.200	-0.277023
7.613333	0.200	-0.278682
7.616667	0.200	-0.279637
7.620000	0.200	-0.280686
7.623333	0.200	-0.282522
7.626667	0.200	-0.285767
7.630000	0.200	-0.290793
7.633333	0.200	-0.297477
7.636667	0.200	-0.305150
7.640000	0.200	-0.312727
7.643333	0.200	-0.319176
7.646667	0.200	-0.324155
7.650000	0.200	-0.328040
7.653333	0.200	-0.331360
7.656667	0.200	-0.334426
7.660000	0.200	-0.337433
7.663333	0.200	-0.340494
7.666667	0.200	-0.343334
7.670000	0.200	-0.345424
7.673333	0.200	-0.346733
7.676667	0.200	-0.347821
7.680000	0.200	-0.349158
7.683333	0.200	-0.350728
7.686667	0.200	-0.352307
7.690000	0.200	-0.353829
7.693333	0.200	-0.355250
7.696667	0.200	-0.356521
7.700000	0.200	-0.357834
7.703333	0.200	-0.359265
7.706667	0.200	-0.360021
7.710000	0.200	-0.358210
7.713333	0.200	-0.351251
7.716667	0.200	-0.335814
7.720000	0.200	-0.306088
7.723333	0.200	-0.251132
7.726667	0.200	-0.152812
7.730000	0.200	0.015860
7.733333	0.200	0.292006
7.736667	0.200	0.722437
7.740000	0.200	1.360940
7.743333	0.200	2.263071
7.746667	0.200	3.477617
7.750000	0.200	5.035238
7.753333	0.200	6.936122
7.756667	0.200	9.139049
7.760000	0.200	11.555407
7.763333	0.200	14.051032
7.766667	0.200	16.457080
7.770000	0.200	18.589215
7.773333	0.200	20.271884
7.776667	0.200	21.363062
7.780000	0.200	21.775292
7.783333	0.200	21.488579
7.786667	0.200	20.551384
7.790000	0.200	19.070464
7.793333	0.200	17.192944
7.796667	0.200	15.083795
7.800000	0.200	12.902926
7.803333	0.200	10.786357
7.806667	0.200	8.834708
7.810000	0.200	7.110045
7.813333	0.200	5.639244
7.816667	0.200	4.420917
7.820000	0.200	3.433708
7.823333	0.200	2.644900
7.826667	0.200	2.018629
7.830000	0.200	1.522047
7.833333	0.200	1.128135
7.836667	0.200	0.815672
7.840000	0.200	0.568005
7.843333	0.200	0.372191
7.846667	0.200	0.218387
7.850000	0.200	0.098726
7.853333	0.200	0.006246
7.856667	0.200	-0.065380
7.860000	0.200	-0.121329
7.863333	0.200	-0.165198
7.866667	0.200	-0.199470
7.870000	0.200	-0.226120
7.873333	0.200	-0.246666
7.876667	0.200	-0.262369
7.880000	0.200	-0.274677
7.883333	0.200	-0.285045
7.886667	0.200	-0.294176
7.890000	0.200	-0.301954
7.893333	0.200	-0.308190
7.896667	0.200	-0.312899
7.900000	0.200	-0.316094
7.903333	0.200	-0.318011
7.906667	0.200	-0.319431
7.910000	0.200	-0.321313
7.913333	0.200	-0.324250
7.916667	0.200	-0.328382
7.920000	0.200	-0.333438
7.923333	0.200	-0.338854
7.926667	0.200	-0.344068
7.930000	0.200	-0.348685
7.933333	0.200	-0.352406
7.936667	0.200	-0.355066
7.940000	0.200	-0.356923
7.943333	0.200	-0.358512
7.946667	0.200	-0.360015
7.950000	0.200	-0.361303
7.953333	0.200	-0.362648
7.956667	0.200	-0.364681
7.960000	0.200	-0.367377
7.963333	0.200	-0.369683
7.966667	0.200	-0.370496
7.970000	0.200	-0.369567
7.973333	0.200	-0.367300
7.976667	0.200	-0.364108
7.980000	0.200	-0.360196
7.983333	0.200	-0.355653
7.986667	0.200	-0.350353
7.990000	0.200	-0.343928
7.993333	0.200	-0.336032
7.996667	0.200	-0.326187
8.000000	0.200	-0.313467
8.003333	0.200	-0.296871
8.006667	0.200	-0.275531
8.010000	0.200	-0.248776
8.013333	0.200	-0.216807
8.016667	0.200	-0.181034
8.020000	0.200	-0.143755
8.023333	0.200	-0.107892
8.026667	0.200	-0.076511
8.030000	0.200	-0.052288
8.033333	0.200	-0.037323
8.036667	0.200	-0.032863
8.040000	0.200	-0.038806
8.043333	0.200	-0.053725
8.046667	0.200	-0.075576
8.050000	0.200	-0.102277
8.053333	0.200	-0.131824
8.056667	0.200	-0.162405
8.060000	0.200	-0.192645
8.063333	0.200	-0.221745
8.066667	0.200	-0.249483
8.070000	0.200	-0.275756
8.073333	0.200	-0.299776
8.076667	0.200	-0.320155
8.080000	0.200	-0.335981
8.083333	0.200	-0.347413
8.086667	0.200	-0.355286
8.090000	0.200	-0.360637
8.093333	0.200	-0.364517
8.096667	0.200	-0.367496
8.100000	0.200	-0.369473
8.103333	0.200	-0.370429
8.106667	0.200	-0.370804
8.110000	0.200	-0.371007
8.113333	0.200	-0.371285
8.116667	0.200	-0.372020
8.120000	0.200	-0.373685
8.123333	0.200	-0.376165
8.126667	0.200	-0.378359
8.130000	0.200	-0.379109
8.133333	0.200	-0.378461
8.136667	0.200	-0.377605
8.140000	0.200	-0.377916
8.143333	0.200	-0.380158
8.146667	0.200	-0.383974
8.150000	0.200	-0.388020
8.153333	0.200	-0.391097
8.156667	0.200	-0.392959
8.160000	0.200	-0.393813
8.163333	0.200	-0.393883
8.166667	0.200	-0.393680
8.170000	0.200	-0.393873
8.173333	0.200	-0.394742
8.176667	0.200	-0.395831
8.180000	0.200	-0.396176
8.183333	0.200	-0.395359
8.186667	0.200	-0.394003
8.190000	0.200	-0.392951
8.193333	0.200	-0.392610
8.196667	0.200	-0.392753
8.200000	0.200	-0.392318
8.203333	0.200	-0.390022
8.206667	0.200	-0.385712
8.210000	0.200	-0.380629
8.213333	0.200	-0.376271
8.216667	0.200	-0.373385
8.220000	0.200	-0.371806
8.223333	0.200	-0.370829
8.226667	0.200	-0.369940
8.230000	0.200	-0.369409
8.233333	0.200	-0.369990
8.236667	0.200	-0.372213
8.240000	0.200	-0.375917
8.243333	0.200	-0.380195
8.246667	0.200	-0.383880
8.250000	0.200	-0.386198
8.253333	0.200	-0.387225
8.256667	0.200	-0.387879
8.260000	0.200	-0.389154
8.263333	0.200	-0.391391
8.266667	0.200	-0.394164
8.270000	0.200	-0.396589
8.273333	0.200	-0.398004
8.276667	0.200	-0.398425
8.280000	0.200	-0.398254
8.283333	0.200	-0.397799
8.286667	0.200	-0.397235
8.290000	0.200	-0.396726
8.293333	0.200	-0.396258
8.296667	0.200	-0.395630
8.300000	0.200	-0.394848
8.303333	0.200	-0.394292
8.306667	0.200	-0.394346
8.310000	0.200	-0.394812
8.313333	0.200	-0.394771
8.316667	0.200	-0.393152
8.320000	0.200	-0.389268
8.323333	0.200	-0.382889
8.326667	0.200	-0.374352
8.330000	0.200	-0.364707
8.333333	0.200	-0.355224
8.336667	0.200	-0.346532
8.340000	0.200	-0.338540
8.343333	0.200	-0.331277
8.346667	0.200	-0.325535
8.350000	0.200	-0.322553
8.353333	0.200	-0.323028
8.356667	0.200	-0.326617
8.360000	0.200	-0.332253
8.363333	0.200	-0.338449
8.366667	0.200	-0.343813
8.370000	0.200	-0.347913
8.373333	0.200	-0.350994
8.376667	0.200	-0.352683
8.380000	0.200	-0.351869
8.383333	0.200	-0.347746
8.386667	0.200	-0.340277
8.390000	0.200	-0.330162
8.393333	0.200	-0.319283
8.396667	0.200	-0.310684
8.400000	0.200	-0.307089
8.403333	0.200	-0.309387
8.406667	0.200	-0.316754
8.410000	0.200	-0.327821
8.413333	0.200	-0.341375
8.416667	0.200	-0.356259
8.420000	0.200	-0.370958
8.423333	0.200	-0.383729
8.426667	0.200	-0.393593
8.430000	0.200	-0.400825
8.433333	0.200	-0.406145
8.436667	0.200	-0.409763
8.440000	0.200	-0.411278
8.443333	0.200	-0.410506
8.446667	0.200	-0.408367
8.450000	0.200	-0.406523
8.453333	0.200	-0.406149
8.456667	0.200	-0.407587
8.460000	0.200	-0.410804
8.463333	0.200	-0.415391
8.466667	0.200	-0.420274
8.470000	0.200	-0.424112
8.473333	0.200	-0.425990
8.476667	0.200	-0.425650
8.480000	0.200	-0.423645
8.483333	0.200	-0.421254
8.486667	0.200	-0.419553
8.490000	0.200	-0.418783
8.493333	0.200	-0.418730
8.496667	0.200	-0.419117
8.500000	0.200	-0.419753
8.503333	0.200	-0.420557
8.506667	0.200	-0.421153
8.510000	0.200	-0.420898
8.513333	0.200	-0.419580
8.516667	0.200	-0.417525
8.520000	0.200	-0.415009
8.523333	0.200	-0.412006
8.526667	0.200	-0.408587
8.530000	0.200	-0.405080
8.533333	0.200	-0.401624
8.536667	0.200	-0.397948
8.540000	0.200	-0.393643
8.543333	0.200	-0.388473
8.546667	0.200	-0.382589
8.550000	0.200	-0.376424
8.553333	0.200	-0.370157
8.556667	0.200	-0.363460
8.560000	0.200	-0.355966
8.563333	0.200	-0.347787
8.566667	0.200	-0.339546
8.570000	0.200	-0.332123
8.573333	0.200	-0.326158
8.576667	0.200	-0.321685
8.580000	0.200	-0.318480
8.583333	0.200	-0.316533
8.586667	0.200	-0.315781
8.590000	0.200	-0.315618
8.593333	0.200	-0.315240
8.596667	0.200	-0.314559
8.600000	0.200	-0.314324
8.603333	0.200	-0.315371
8.606667	0.200	-0.318060
8.610000	0.200	-0.322219
8.613333	0.200	-0.327233
8.616667	0.200	-0.332215
8.620000	0.200	-0.336527
8.623333	0.200	-0.340326
8.626667	0.200	-0.344299
8.630000	0.200	-0.348900
8.633333	0.200	-0.354118
8.636667	0.200	-0.359900
8.640000	0.200	-0.366497
8.643333	0.200	-0.374214
8.646667	0.200	-0.383093
8.650000	0.200	-0.392939
8.653333	0.200	-0.403331
8.656667	0.200	-0.413746
8.660000	0.200	-0.423870
8.663333	0.200	-0.433411
8.666667	0.200	-0.441473
8.670000	0.200	-0.446836
8.673333	0.200	-0.449296
8.676667	0.200	-0.450057
8.680000	0.200	-0.450600
8.683333	0.200	-0.451873
8.686667	0.200	-0.454387
8.690000	0.200	-0.458294
8.693333	0.200	-0.463339
8.696667	0.200	-0.468940
8.700000	0.200	-0.474449
8.703333	0.200	-0.479492
8.706667	0.200	-0.484156
8.710000	0.200	-0.488766
8.713333	0.200	-0.493224
8.716667	0.200	-0.496753
8.720000	0.200	-0.498665
8.723333	0.200	-0.499135
8.726667	0.200	-0.499017
8.730000	0.200	-0.499065
8.733333	0.200	-0.499580
8.736667	0.200	-0.500741
8.740000	0.200	-0.502749
8.743333	0.200	-0.505444
8.746667	0.200	-0.508138
8.750000	0.200	-0.509998
8.753333	0.200	-0.510549
8.756667	0.200	-0.509966
8.760000	0.200	-0.509090
8.763333	0.200	-0.508923
8.766667	0.200	-0.509706
8.770000	0.200	-0.510857
8.773333	0.200	-0.511920
8.776667	0.200	-0.512810
8.780000	0.200	-0.513282
8.783333	0.200	-0.512915
8.786667	0.200	-0.511723
8.790000	0.200	-0.510574
8.793333	0.200	-0.510528
8.796667	0.200	-0.511757
8.800000	0.200	-0.513474
8.803333	0.200	-0.514580
8.806667	0.200	-0.514328
8.810000	0.200	-0.512889
8.813333	0.200	-0.511353
8.816667	0.200	-0.511119
8.820000	0.200	-0.513062
8.823333	0.200	-0.516933
8.826667	0.200	-0.521492
8.830000	0.200	-0.525345
8.833333	0.200	-0.527685
8.836667	0.200	-0.528429
8.840000	0.200	-0.528041
8.843333	0.200	-0.527423
8.846667	0.200	-0.527776
8.850000	0.200	-0.530065
8.853333	0.200	-0.534095
8.856667	0.200	-0.538372
8.860000	0.200	-0.541403
8.863333	0.200	-0.542781
8.866667	0.200	-0.543076
8.870000	0.200	-0.543508
8.873333	0.200	-0.545358
8.876667	0.200	-0.549014
8.880000	0.200	-0.553886
8.883333	0.200	-0.559511
8.886667	0.200	-0.566148
8.890000	0.200	-0.573801
8.893333	0.200	-0.581473
8.896667	0.200	-0.588039
8.900000	0.200	-0.593268
8.903333	0.200	-0.597703
8.906667	0.200	-0.601582
8.910000	0.200	-0.604249
8.913333	0.200	-0.604952
8.916667	0.200	-0.603420
8.920000	0.200	-0.599357
8.923333	0.200	-0.592266
8.926667	0.200	-0.581493
8.930000	0.200	-0.565359
8.933333	0.200	-0.540864
8.936667	0.200	-0.505600
8.940000	0.200	-0.460190
8.943333	0.200	-0.408696
8.946667	0.200	-0.356951
8.950000	0.200	-0.311045
8.953333	0.200	-0.276523
8.956667	0.200	-0.256876
8.960000	0.200	-0.252228
8.963333	0.200	-0.259978
8.966667	0.200	-0.276438
8.970000	0.200	-0.297773
8.973333	0.200	-0.320054
8.976667	0.200	-0.339379
8.980000	0.200	-0.352746
8.983333	0.200	-0.359070
8.986667	0.200	-0.359555
8.990000	0.200	-0.357398
8.993333	0.200	-0.356841
8.996667	0.200	-0.361493
9.000000	0.200	-0.372661
9.003333	0.200	-0.389024
9.006667	0.200	-0.408168
9.010000	0.200	-0.428409
9.013333	0.200	-0.448896
9.016667	0.200	-0.468794
9.020000	0.200	-0.487340
9.023333	0.200	-0.504519
9.026667	0.200	-0.521072
9.030000	0.200	-0.537554
9.033333	0.200	-0.553552
9.036667	0.200	-0.568284
9.040000	0.200	-0.581675
9.043333	0.200	-0.594286
9.046667	0.200	-0.606557
9.050000	0.200	-0.618358
9.053333	0.200	-0.628961
9.056667	0.200	-0.637419
9.060000	0.200	-0.643006
9.063333	0.200	-0.645517
9.066667	0.200	-0.645543
9.070000	0.200	-0.644275
9.073333	0.200	-0.642839
9.076667	0.200	-0.641966
9.080000	0.200	-0.641952
9.083333	0.200	-0.642529
9.086667	0.200	-0.643028
9.090000	0.200	-0.642927
9.093333	0.200	-0.642255
9.096667	0.200	-0.641545
9.100000	0.200	-0.641379
9.103333	0.200	-0.641774
9.106667	0.200	-0.642053
9.110000	0.200	-0.641584
9.113333	0.200	-0.640473
9.116667	0.200	-0.639392
9.120000	0.200	-0.639231
9.123333	0.200	-0.640853
9.126667	0.200	-0.644434
9.130000	0.200	-0.649028
9.133333	0.200	-0.653117
9.136667	0.200	-0.655450
9.140000	0.200	-0.655419
9.143333	0.200	-0.653187
9.146667	0.200	-0.649714
9.150000	0.200	-0.646507
9.153333	0.200	-0.645104
9.156667	0.200	-0.646279
9.160000	0.200	-0.649576
9.163333	0.200	-0.653759
9.166667	0.200	-0.657840
9.170000	0.200	-0.661476
9.173333	0.200	-0.664437
9.176667	0.200	-0.666293
9.180000	0.200	-0.666702
9.183333	0.200	-0.665704
9.186667	0.200	-0.663892
9.190000	0.200	-0.662153
9.193333	0.200	-0.660891
9.196667	0.200	-0.659738
9.200000	0.200	-0.658073
9.203333	0.200	-0.655419
9.206667	0.200	-0.651610
9.210000	0.200	-0.647065
9.213333	0.200	-0.642485
9.216667	0.200	-0.637934
9.220000	0.200	-0.632580
9.223333	0.200	-0.625470
9.226667	0.200	-0.616360
9.230000	0.200	-0.606109
9.233333	0.200	-0.596538
9.236667	0.200	-0.589491
9.240000	0.200	-0.585678
9.243333	0.200	-0.584298
9.246667	0.200	-0.583681
9.250000	0.200	-0.582727
9.253333	0.200	-0.581888
9.256667	0.200	-0.582494
9.260000	0.200	-0.585511
9.263333	0.200	-0.591082
9.266667	0.200	-0.598230
9.270000	0.200	-0.605326
9.273333	0.200	-0.611619
9.276667	0.200	-0.617441
9.280000	0.200	-0.622862
9.283333	0.200	-0.627278
9.286667	0.200	-0.630203
9.290000	0.200	-0.631364
9.293333	0.200	-0.630146
9.296667	0.200	-0.626280
9.300000	0.200	-0.621061
9.303333	0.200	-0.616715
9.306667	0.200	-0.614620
9.310000	0.200	-0.614764
9.313333	0.200	-0.616460
9.316667	0.200	-0.618830
9.320000	0.200	-0.620471
9.323333	0.200	-0.619194
9.326667	0.200	-0.613130
9.330000	0.200	-0.602582
9.333333	0.200	-0.590269
9.336667	0.200	-0.579450
9.340000	0.200	-0.572210
9.343333	0.200	-0.569176
9.346667	0.200	-0.569761
9.350000	0.200	-0.572808
9.353333	0.200	-0.577617
9.356667	0.200	-0.583929
9.360000	0.200	-0.591118
9.363333	0.200	-0.598212
9.366667	0.200	-0.604531
9.370000	0.200	-0.609811
9.373333	0.200	-0.613795
9.376667	0.200	-0.616284
9.380000	0.200	-0.617753
9.383333	0.200	-0.619193
9.386667	0.200	-0.621464
9.390000	0.200	-0.625152
9.393333	0.200	-0.630316
9.396667	0.200	-0.635935
9.400000	0.200	-0.639666
9.403333	0.200	-0.638880
9.406667	0.200	-0.632956
9.410000	0.200	-0.624246
9.413333	0.200	-0.616313
9.416667	0.200	-0.611583
9.420000	0.200	-0.610645
9.423333	0.200	-0.612937
9.426667	0.200	-0.617459
9.430000	0.200	-0.623222
9.433333	0.200	-0.629512
9.436667	0.200	-0.635888
9.440000	0.200	-0.641937
9.443333	0.200	-0.647038
9.446667	0.200	-0.650692
9.450000	0.200	-0.653109
9.453333	0.200	-0.654952
9.456667	0.200	-0.656483
9.460000	0.200	-0.657500
9.463333	0.200	-0.658200
9.466667	0.200	-0.659400
9.470000	0.200	-0.661636
9.473333	0.200	-0.664231
9.476667	0.200	-0.665017
9.480000	0.200	-0.661268
9.483333	0.200	-0.651886
9.486667	0.200	-0.638920
9.490000	0.200	-0.626588
9.493333	0.200	-0.618560
9.496667	0.200	-0.615943
9.500000	0.200	-0.617332
9.503333	0.200	-0.620317
9.506667	0.200	-0.623411
9.510000	0.200	-0.626992
9.513333	0.200	-0.632241
9.516667	0.200	-0.639427
9.520000	0.200	-0.647535
9.523333	0.200	-0.655034
9.526667	0.200	-0.660466
9.530000	0.200	-0.662890
9.533333	0.200	-0.662550
9.536667	0.200	-0.660869
9.540000	0.200	-0.659624
9.543333	0.200	-0.660006
9.546667	0.200	-0.661998
9.550000	0.200	-0.664599
9.553333	0.200	-0.666146
9.556667	0.200	-0.664226
9.560000	0.200	-0.656913
9.563333	0.200	-0.644843
9.566667	0.200	-0.631179
9.570000	0.200	-0.619514
9.573333	0.200	-0.612050
9.576667	0.200	-0.609318
9.580000	0.200	-0.610721
9.583333	0.200	-0.615118
9.586667	0.200	-0.621432
9.590000	0.200	-0.628819
9.593333	0.200	-0.636310
9.596667	0.200	-0.642978
9.600000	0.200	-0.648620
9.603333	0.200	-0.653736
9.606667	0.200	-0.658712
9.610000	0.200	-0.663351
9.613333	0.200	-0.667169
9.616667	0.200	-0.670003
9.620000	0.200	-0.672270
9.623333	0.200	-0.674576
9.626667	0.200	-0.677214
9.630000	0.200	-0.679855
9.633333	0.200	-0.681034
9.636667	0.200	-0.678243
9.640000	0.200	-0.669856
9.643333	0.200	-0.657091
9.646667	0.200	-0.643636
9.650000	0.200	-0.633435
9.653333	0.200	-0.628583
9.656667	0.200	-0.628905
9.660000	0.200	-0.633020
9.663333	0.200	-0.639181
9.666667	0.200	-0.645712
9.670000	0.200	-0.651711
9.673333	0.200	-0.657329
9.676667	0.200	-0.663082
9.680000	0.200	-0.669023
9.683333	0.200	-0.674655
9.686667	0.200	-0.679345
9.690000	0.200	-0.682563
9.693333	0.200	-0.684177
9.696667	0.200	-0.684909
9.700000	0.200	-0.685786
9.703333	0.200	-0.686820
9.706667	0.200	-0.687035
9.710000	0.200	-0.685335
9.713333	0.200	-0.680590
9.716667	0.200	-0.672215
9.720000	0.200	-0.661356
9.723333	0.200	-0.650413
9.726667	0.200	-0.641628
9.730000	0.200	-0.636694
9.733333	0.200	-0.636380
9.736667	0.200	-0.639759
9.740000	0.200	-0.644867
9.743333	0.200	-0.650489
9.746667	0.200	-0.656718
9.750000	0.200	-0.663945
9.753333	0.200	-0.671867
9.756667	0.200	-0.679419
9.760000	0.200	-0.685289
9.763333	0.200	-0.688353
9.766667	0.200	-0.688193
9.770000	0.200	-0.685923
9.773333	0.200	-0.683925
9.776667	0.200	-0.684115
9.780000	0.200	-0.686546
9.783333	0.200	-0.689874
9.786667	0.200	-0.692879
9.790000	0.200	-0.694800
9.793333	0.200	-0.694653
9.796667	0.200	-0.691585
9.800000	0.200	-0.685896
9.803333	0.200	-0.679166
9.806667	0.200	-0.673327
9.810000	0.200	-0.669554
9.813333	0.200	-0.667932
9.816667	0.200	-0.668076
9.820000	0.200	-0.669732
9.823333	0.200	-0.672619
9.826667	0.200	-0.676376
9.830000	0.200	-0.680883
9.833333	0.200	-0.685952
9.836667	0.200	-0.690789
9.840000	0.200	-0.694250
9.843333	0.200	-0.695497
9.846667	0.200	-0.694357
9.850000	0.200	-0.691557
9.853333	0.200	-0.688689
9.856667	0.200	-0.687432
9.860000	0.200	-0.688640
9.863333	0.200	-0.692200
9.866667	0.200	-0.697293
9.870000	0.200	-0.702494
9.873333	0.200	-0.706060
9.876667	0.200	-0.706436
9.880000	0.200	-0.702913
9.883333	0.200	-0.696482
9.886667	0.200	-0.689782
9.890000	0.200	-0.685287
9.893333	0.200	-0.683573
9.896667	0.200	-0.683664
9.900000	0.200	-0.684462
9.903333	0.200	-0.685524
9.906667	0.200	-0.686952
9.910000	0.200	-0.688849
9.913333	0.200	-0.691080
9.916667	0.200	-0.693318
9.920000	0.200	-0.694883
9.923333	0.200	-0.695053
9.926667	0.200	-0.693940
9.930000	0.200	-0.692680
9.933333	0.200	-0.692690
9.936667	0.200	-0.694643
9.940000	0.200	-0.697790
9.943333	0.200	-0.700487
9.946667	0.200	-0.701949
9.950000	0.200	-0.703153
9.953333	0.200	-0.705497
9.956667	0.200	-0.709121
9.960000	0.200	-0.713069
9.963333	0.200	-0.716394
9.966667	0.200	-0.718579
9.970000	0.200	-0.719307
9.973333	0.200	-0.718138
9.976667	0.200	-0.714681
9.980000	0.200	-0.709309
9.983333	0.200	-0.703364
9.986667	0.200	-0.698371
9.990000	0.200	-0.695091
9.993333	0.200	-0.693050
9.996667	0.200	-0.690869
10.000000	0.200	-0.687523
10.003333	0.200	-0.683309
10.006667	0.200	-0.679311
10.010000	0.200	-0.676572
10.013333	0.200	-0.675774
10.016667	0.200	-0.676895
10.020000	0.200	-0.679314
10.023333	0.200	-0.682649
10.026667	0.200	-0.687232
10.030000	0.200	-0.693376
10.033333	0.200	-0.700161
10.036667	0.200	-0.705451
10.040000	0.200	-0.707379
10.043333	0.200	-0.705537
10.046667	0.200	-0.700853
10.050000	0.200	-0.694947
10.053333	0.200	-0.689594
10.056667	0.200	-0.686274
10.060000	0.200	-0.685585
10.063333	0.200	-0.686982
10.066667	0.200	-0.689303
10.070000	0.200	-0.691327
10.073333	0.200	-0.691879
10.076667	0.200	-0.690286
10.080000	0.200	-0.686928
10.083333	0.200	-0.682973
10.086667	0.200	-0.679763
10.090000	0.200	-0.678397
10.093333	0.200	-0.679373
10.096667	0.200	-0.682467
10.100000	0.200	-0.686913
10.103333	0.200	-0.691815
10.106667	0.200	-0.696445
10.110000	0.200	-0.699955
10.113333	0.200	-0.701287
10.116667	0.200	-0.699941
10.120000	0.200	-0.696469
10.123333	0.200	-0.692087
10.126667	0.200	-0.688101
10.130000	0.200	-0.685429
10.133333	0.200	-0.684282
10.136667	0.200	-0.684237
10.140000	0.200	-0.684565
10.143333	0.200	-0.684563
10.146667	0.200	-0.683478
10.150000	0.200	-0.680433
10.153333	0.200	-0.675253
10.156667	0.200	-0.669216
10.160000	0.200	-0.664271
10.163333	0.200	-0.661561
10.166667	0.200	-0.661031
10.170000	0.200	-0.662123
10.173333	0.200	-0.664263
10.176667	0.200	-0.666909
10.180000	0.200	-0.670000
10.183333	0.200	-0.674027
10.186667	0.200	-0.679046
10.190000	0.200	-0.684094
10.193333	0.200	-0.687803
10.196667	0.200	-0.689175
10.200000	0.200	-0.687773
10.203333	0.200	-0.683742
10.206667	0.200	-0.677999
10.210000	0.200	-0.671834
10.213333	0.200	-0.666115
10.216667	0.200	-0.661175
10.220000	0.200	-0.657083
10.223333	0.200	-0.653605
10.226667	0.200	-0.650147
10.230000	0.200	-0.645928
10.233333	0.200	-0.640380
10.236667	0.200	-0.633682
10.240000	0.200	-0.626857
10.243333	0.200	-0.621302
10.246667	0.200	-0.618178
10.250000	0.200	-0.617802
10.253333	0.200	-0.619632
10.256667	0.200	-0.623276
10.260000	0.200	-0.629170
10.263333	0.200	-0.637688
10.266667	0.200	-0.647825
10.270000	0.200	-0.657152
10.273333	0.200	-0.663190
10.276667	0.200	-0.664799
10.280000	0.200	-0.662508
10.283333	0.200	-0.658213
10.286667	0.200	-0.654305
10.290000	0.200	-0.652289
10.293333	0.200	-0.652404
10.296667	0.200	-0.654308
10.300000	0.200	-0.657166
10.303333	0.200	-0.659551
10.306667	0.200	-0.660298
10.310000	0.200	-0.659206
10.313333	0.200	-0.656890
10.316667	0.200	-0.654602
10.320000	0.200	-0.653932
10.323333	0.200	-0.656012
10.326667	0.200	-0.660909
10.330000	0.200	-0.667542
10.333333	0.200	-0.674267
10.336667	0.200	-0.680074
10.340000	0.200	-0.684868
10.343333	0.200	-0.688352
10.346667	0.200	-0.689622
10.350000	0.200	-0.688369
10.353333	0.200	-0.685788
10.356667	0.200	-0.683704
10.360000	0.200	-0.683143
10.363333	0.200	-0.683916
10.366667	0.200	-0.685186
10.370000	0.200	-0.686381
10.373333	0.200	-0.687739
10.376667	0.200	-0.689717
10.380000	0.200	-0.692003
10.383333	0.200	-0.693501
10.386667	0.200	-0.693123
10.390000	0.200	-0.690560
10.393333	0.200	-0.686694
10.396667	0.200	-0.683290
10.400000	0.200	-0.681969
10.403333	0.200	-0.683230
10.406667	0.200	-0.686245
10.410000	0.200	-0.689681
10.413333	0.200	-0.692805
10.416667	0.200	-0.695759
10.420000	0.200	-0.699061
10.423333	0.200	-0.703030
10.426667	0.200	-0.707313
10.430000	0.200	-0.710745
10.433333	0.200	-0.712050
10.436667	0.200	-0.710985
10.440000	0.200	-0.708643
10.443333	0.200	-0.706656
10.446667	0.200	-0.706302
10.450000	0.200	-0.707893
10.453333	0.200	-0.710662
10.456667	0.200	-0.713476
10.460000	0.200	-0.715407
10.463333	0.200	-0.715357
10.466667	0.200	-0.712360
10.470000	0.200	-0.707061
10.473333	0.200	-0.701884
10.476667	0.200	-0.699128
10.480000	0.200	-0.699352
10.483333	0.200	-0.701459
10.486667	0.200	-0.704089
10.490000	0.200	-0.706801
10.493333	0.200	-0.709793
10.496667	0.200	-0.712991
10.500000	0.200	-0.715755
10.503333	0.200	-0.717326
10.506667	0.200	-0.717586
10.510000	0.200	-0.717174
10.513333	0.200	-0.716632
10.516667	0.200	-0.715943
10.520000	0.200	-0.715017
10.523333	0.200	-0.714143
10.526667	0.200	-0.713773
10.530000	0.200	-0.714183
10.533333	0.200	-0.715436
10.536667	0.200	-0.717148
10.540000	0.200	-0.718296
10.543333	0.200	-0.717641
10.546667	0.200	-0.714439
10.550000	0.200	-0.709120
10.553333	0.200	-0.703423
10.556667	0.200	-0.699577
10.560000	0.200	-0.699140
10.563333	0.200	-0.702176
10.566667	0.200	-0.707226
10.570000	0.200	-0.712212
10.573333	0.200	-0.715725
10.576667	0.200	-0.717448
10.580000	0.200	-0.717495
10.583333	0.200	-0.715927
10.586667	0.200	-0.712899
10.590000	0.200	-0.708947
10.593333	0.200	-0.704942
10.596667	0.200	-0.701588
10.600000	0.200	-0.698789
10.603333	0.200	-0.695615
10.606667	0.200	-0.691234
10.610000	0.200	-0.685707
10.613333	0.200	-0.679773
10.616667	0.200	-0.674143
10.620000	0.200	-0.668982
10.623333	0.200	-0.663975
10.626667	0.200	-0.658880
10.630000	0.200	-0.653589
10.633333	0.200	-0.647873
10.636667	0.200	-0.641804
10.640000	0.200	-0.636072
10.643333	0.200	-0.631326
10.646667	0.200	-0.627610
10.650000	0.200	-0.624451
10.653333	0.200	-0.620909
10.656667	0.200	-0.615889
10.660000	0.200	-0.609085
10.663333	0.200	-0.601352
10.666667	0.200	-0.593635
10.670000	0.200	-0.585954
10.673333	0.200	-0.577727
10.676667	0.200	-0.568368
10.680000	0.200	-0.557308
10.683333	0.200	-0.543998
10.686667	0.200	-0.528165
10.690000	0.200	-0.510108
10.693333	0.200	-0.490743
10.696667	0.200	-0.471107
10.700000	0.200	-0.451758
10.703333	0.200	-0.432672
10.706667	0.200	-0.413787
10.710000	0.200	-0.395749
10.713333	0.200	-0.379889
10.716667	0.200	-0.367106
10.720000	0.200	-0.357114
10.723333	0.200	-0.349063
10.726667	0.200	-0.342578
10.730000	0.200	-0.337865
10.733333	0.200	-0.334991
10.736667	0.200	-0.333480
10.740000	0.200	-0.332500
10.743333	0.200	-0.331147
10.746667	0.200	-0.328661
10.750000	0.200	-0.324850
10.753333	0.200	-0.320337
10.756667	0.200	-0.315904
10.760000	0.200	-0.311714
10.763333	0.200	-0.307590
10.766667	0.200	-0.303767
10.770000	0.200	-0.300833
10.773333	0.200	-0.298811
10.776667	0.200	-0.296757
10.780000	0.200	-0.293662
10.783333	0.200	-0.289435
10.786667	0.200	-0.284916
10.790000	0.200	-0.281387
10.793333	0.200	-0.279987
10.796667	0.200	-0.281057
10.800000	0.200	-0.283828
10.803333	0.200	-0.286821
10.806667	0.200	-0.288653
10.810000	0.200	-0.288556
10.813333	0.200	-0.286191
10.816667	0.200	-0.281494
10.820000	0.200	-0.275243
10.823333	0.200	-0.269103
10.826667	0.200	-0.264339
10.830000	0.200	-0.261050
10.833333	0.200	-0.258750
10.836667	0.200	-0.257105
10.840000	0.200	-0.256193
10.843333	0.200	-0.256170
10.846667	0.200	-0.256544
10.850000	0.200	-0.256115
10.853333	0.200	-0.253913
10.856667	0.200	-0.250136
10.860000	0.200	-0.246066
10.863333	0.200	-0.242883
10.866667	0.200	-0.240852
10.870000	0.200	-0.239833
10.873333	0.200	-0.239794
10.876667	0.200	-0.240478
10.880000	0.200	-0.241207
10.883333	0.200	-0.241237
10.886667	0.200	-0.240081
10.890000	0.200	-0.237533
10.893333	0.200	-0.233579
10.896667	0.200	-0.228426
10.900000	0.200	-0.222618
10.903333	0.200	-0.216818
10.906667	0.200	-0.211513
10.910000	0.200	-0.207116
10.913333	0.200	-0.204071
10.916667	0.200	-0.202621
10.920000	0.200	-0.202599
10.923333	0.200	-0.203319
10.926667	0.200	-0.203785
10.930000	0.200	-0.203366
10.933333	0.200	-0.201963
10.936667	0.200	-0.199594
10.940000	0.200	-0.196494
10.943333	0.200	-0.193265
10.946667	0.200	-0.190345
10.950000	0.200	-0.187725
10.953333	0.200	-0.185094
10.956667	0.200	-0.181864
10.960000	0.200	-0.177688
10.963333	0.200	-0.173087
10.966667	0.200	-0.169134
10.970000	0.200	-0.166571
10.973333	0.200	-0.165163
10.976667	0.200	-0.163876
10.980000	0.200	-0.161910
10.983333	0.200	-0.159270
10.986667	0.200	-0.156260
10.990000	0.200	-0.152993
10.993333	0.200	-0.149540
10.996667	0.200	-0.146169
11.000000	0.200	-0.143269
