File Path	chrom://nnfcb-l0286/ChromeleonLocal/metk/20171013_HMP_C61_metk.seq/844.smp/UV_VIS_2.channel/UV_VIS_2.chm
Channel	UV_VIS_2

Injection Information:
Data Vault	ChromeleonLocal
Injection	20171013_HMP_C61_ISO_P1_GA7
Injection Number	28
Position	GA7
Comment	
Processing Method	HMP New ProcMethod
Instrument Method	HM_metode_ZorBax_0,02%_Acetic_acid_ver6
Type	Unknown
Status	Finished
Injection Date	10/13/2017
Injection Time	7:38:19 PM
Injection Volume (µl)	1.000
Dilution Factor	1.0000
Weight	1.0000

Raw Data Information:
Time Min. (min)	0.000000
Time Max. (min)	11.000000
Data Points	3301
Detector	UV
Exporting Data System	Chromeleon 7.1.3.2425
Operator	
Signal Quantity	Absorbance
Signal Unit	mAU
Signal Min.	-0.889010
Signal Max.	199.927896
Channel	UV_VIS_2
Driver Name	DAD3000.dll
Channel Type	Evaluation
Min. Step (s)	0.200
Max. Step (s)	0.200
Average Step (s)	0.200

Signal Parameter Information:
Signal Info	WVL:280 nm

Raw Data:
Time (min)	Step (s)	Value (mAU)
0.000000	0.000	0.000000
0.003333	0.200	-0.002307
0.006667	0.200	-0.016240
0.010000	0.200	-0.053238
0.013333	0.200	-0.110118
0.016667	0.200	-0.165096
0.020000	0.200	-0.195478
0.023333	0.200	-0.193512
0.026667	0.200	-0.166628
0.030000	0.200	-0.129470
0.033333	0.200	-0.095568
0.036667	0.200	-0.072318
0.040000	0.200	-0.060947
0.043333	0.200	-0.059279
0.046667	0.200	-0.064215
0.050000	0.200	-0.073073
0.053333	0.200	-0.083969
0.056667	0.200	-0.095848
0.060000	0.200	-0.108315
0.063333	0.200	-0.121050
0.066667	0.200	-0.133550
0.070000	0.200	-0.145500
0.073333	0.200	-0.156945
0.076667	0.200	-0.168177
0.080000	0.200	-0.179696
0.083333	0.200	-0.192078
0.086667	0.200	-0.205590
0.090000	0.200	-0.219715
0.093333	0.200	-0.233188
0.096667	0.200	-0.244715
0.100000	0.200	-0.253581
0.103333	0.200	-0.259932
0.106667	0.200	-0.265094
0.110000	0.200	-0.271098
0.113333	0.200	-0.278916
0.116667	0.200	-0.287676
0.120000	0.200	-0.296261
0.123333	0.200	-0.304769
0.126667	0.200	-0.313762
0.130000	0.200	-0.323045
0.133333	0.200	-0.331802
0.136667	0.200	-0.339337
0.140000	0.200	-0.345469
0.143333	0.200	-0.350608
0.146667	0.200	-0.355448
0.150000	0.200	-0.360432
0.153333	0.200	-0.365797
0.156667	0.200	-0.371841
0.160000	0.200	-0.378660
0.163333	0.200	-0.386191
0.166667	0.200	-0.394578
0.170000	0.200	-0.403647
0.173333	0.200	-0.412507
0.176667	0.200	-0.420440
0.180000	0.200	-0.427443
0.183333	0.200	-0.433607
0.186667	0.200	-0.438759
0.190000	0.200	-0.442860
0.193333	0.200	-0.446301
0.196667	0.200	-0.449634
0.200000	0.200	-0.453287
0.203333	0.200	-0.457661
0.206667	0.200	-0.463065
0.210000	0.200	-0.469537
0.213333	0.200	-0.476857
0.216667	0.200	-0.484465
0.220000	0.200	-0.491703
0.223333	0.200	-0.498236
0.226667	0.200	-0.503826
0.230000	0.200	-0.508146
0.233333	0.200	-0.511309
0.236667	0.200	-0.514063
0.240000	0.200	-0.517250
0.243333	0.200	-0.521174
0.246667	0.200	-0.525397
0.250000	0.200	-0.529488
0.253333	0.200	-0.533745
0.256667	0.200	-0.538569
0.260000	0.200	-0.543767
0.263333	0.200	-0.548909
0.266667	0.200	-0.553854
0.270000	0.200	-0.558649
0.273333	0.200	-0.563147
0.276667	0.200	-0.567039
0.280000	0.200	-0.570298
0.283333	0.200	-0.573302
0.286667	0.200	-0.576334
0.290000	0.200	-0.579399
0.293333	0.200	-0.582706
0.296667	0.200	-0.586653
0.300000	0.200	-0.591316
0.303333	0.200	-0.596319
0.306667	0.200	-0.600846
0.310000	0.200	-0.604002
0.313333	0.200	-0.605911
0.316667	0.200	-0.608009
0.320000	0.200	-0.611721
0.323333	0.200	-0.617223
0.326667	0.200	-0.623579
0.330000	0.200	-0.629805
0.333333	0.200	-0.635480
0.336667	0.200	-0.640283
0.340000	0.200	-0.643794
0.343333	0.200	-0.646264
0.346667	0.200	-0.648819
0.350000	0.200	-0.652295
0.353333	0.200	-0.656167
0.356667	0.200	-0.659226
0.360000	0.200	-0.661049
0.363333	0.200	-0.662261
0.366667	0.200	-0.663845
0.370000	0.200	-0.666479
0.373333	0.200	-0.670086
0.376667	0.200	-0.674056
0.380000	0.200	-0.677925
0.383333	0.200	-0.681498
0.386667	0.200	-0.684618
0.390000	0.200	-0.687307
0.393333	0.200	-0.689978
0.396667	0.200	-0.692966
0.400000	0.200	-0.695907
0.403333	0.200	-0.698246
0.406667	0.200	-0.700094
0.410000	0.200	-0.701984
0.413333	0.200	-0.704205
0.416667	0.200	-0.706728
0.420000	0.200	-0.709416
0.423333	0.200	-0.712027
0.426667	0.200	-0.714088
0.430000	0.200	-0.715386
0.433333	0.200	-0.716562
0.436667	0.200	-0.718466
0.440000	0.200	-0.721230
0.443333	0.200	-0.724334
0.446667	0.200	-0.727050
0.450000	0.200	-0.728817
0.453333	0.200	-0.729736
0.456667	0.200	-0.730528
0.460000	0.200	-0.731870
0.463333	0.200	-0.733918
0.466667	0.200	-0.736443
0.470000	0.200	-0.739228
0.473333	0.200	-0.742042
0.476667	0.200	-0.744390
0.480000	0.200	-0.746004
0.483333	0.200	-0.747384
0.486667	0.200	-0.749114
0.490000	0.200	-0.751027
0.493333	0.200	-0.752568
0.496667	0.200	-0.753738
0.500000	0.200	-0.755349
0.503333	0.200	-0.758261
0.506667	0.200	-0.762277
0.510000	0.200	-0.766105
0.513333	0.200	-0.768747
0.516667	0.200	-0.770427
0.520000	0.200	-0.771800
0.523333	0.200	-0.772914
0.526667	0.200	-0.773377
0.530000	0.200	-0.773216
0.533333	0.200	-0.773066
0.536667	0.200	-0.773491
0.540000	0.200	-0.774488
0.543333	0.200	-0.775841
0.546667	0.200	-0.777534
0.550000	0.200	-0.779491
0.553333	0.200	-0.781295
0.556667	0.200	-0.782400
0.560000	0.200	-0.782575
0.563333	0.200	-0.782378
0.566667	0.200	-0.783129
0.570000	0.200	-0.785863
0.573333	0.200	-0.790216
0.576667	0.200	-0.794718
0.580000	0.200	-0.798252
0.583333	0.200	-0.800617
0.586667	0.200	-0.801736
0.590000	0.200	-0.801341
0.593333	0.200	-0.799609
0.596667	0.200	-0.797391
0.600000	0.200	-0.795946
0.603333	0.200	-0.796486
0.606667	0.200	-0.799407
0.610000	0.200	-0.803751
0.613333	0.200	-0.807848
0.616667	0.200	-0.810748
0.620000	0.200	-0.812549
0.623333	0.200	-0.813542
0.626667	0.200	-0.813970
0.630000	0.200	-0.814315
0.633333	0.200	-0.815118
0.636667	0.200	-0.816581
0.640000	0.200	-0.818414
0.643333	0.200	-0.820154
0.646667	0.200	-0.821607
0.650000	0.200	-0.822810
0.653333	0.200	-0.823649
0.656667	0.200	-0.823862
0.660000	0.200	-0.823591
0.663333	0.200	-0.823575
0.666667	0.200	-0.824608
0.670000	0.200	-0.827008
0.673333	0.200	-0.830504
0.676667	0.200	-0.834349
0.680000	0.200	-0.837672
0.683333	0.200	-0.839997
0.686667	0.200	-0.841374
0.690000	0.200	-0.841975
0.693333	0.200	-0.842044
0.696667	0.200	-0.842055
0.700000	0.200	-0.842227
0.703333	0.200	-0.842309
0.706667	0.200	-0.842140
0.710000	0.200	-0.841853
0.713333	0.200	-0.841679
0.716667	0.200	-0.841997
0.720000	0.200	-0.843257
0.723333	0.200	-0.845567
0.726667	0.200	-0.848609
0.730000	0.200	-0.851849
0.733333	0.200	-0.854519
0.736667	0.200	-0.855787
0.740000	0.200	-0.855337
0.743333	0.200	-0.853774
0.746667	0.200	-0.852352
0.750000	0.200	-0.852155
0.753333	0.200	-0.853536
0.756667	0.200	-0.856157
0.760000	0.200	-0.859293
0.763333	0.200	-0.862020
0.766667	0.200	-0.863579
0.770000	0.200	-0.863870
0.773333	0.200	-0.863393
0.776667	0.200	-0.862822
0.780000	0.200	-0.862689
0.783333	0.200	-0.863013
0.786667	0.200	-0.863475
0.790000	0.200	-0.864170
0.793333	0.200	-0.865333
0.796667	0.200	-0.866481
0.800000	0.200	-0.866787
0.803333	0.200	-0.865991
0.806667	0.200	-0.864628
0.810000	0.200	-0.863626
0.813333	0.200	-0.863687
0.816667	0.200	-0.865027
0.820000	0.200	-0.867497
0.823333	0.200	-0.870681
0.826667	0.200	-0.873944
0.830000	0.200	-0.876649
0.833333	0.200	-0.878604
0.836667	0.200	-0.880106
0.840000	0.200	-0.881462
0.843333	0.200	-0.882820
0.846667	0.200	-0.884487
0.850000	0.200	-0.886825
0.853333	0.200	-0.889010
0.856667	0.200	-0.887635
0.860000	0.200	-0.877104
0.863333	0.200	-0.851650
0.866667	0.200	-0.807321
0.870000	0.200	-0.743161
0.873333	0.200	-0.661122
0.876667	0.200	-0.564312
0.880000	0.200	-0.454071
0.883333	0.200	-0.326163
0.886667	0.200	-0.160194
0.890000	0.200	0.107145
0.893333	0.200	0.613337
0.896667	0.200	1.557521
0.900000	0.200	3.101179
0.903333	0.200	5.217402
0.906667	0.200	7.610002
0.910000	0.200	9.801974
0.913333	0.200	11.350122
0.916667	0.200	12.030022
0.920000	0.200	11.878546
0.923333	0.200	11.110349
0.926667	0.200	9.997814
0.930000	0.200	8.782702
0.933333	0.200	7.633423
0.936667	0.200	6.634226
0.940000	0.200	5.795248
0.943333	0.200	5.078858
0.946667	0.200	4.434182
0.950000	0.200	3.825683
0.953333	0.200	3.245080
0.956667	0.200	2.706644
0.960000	0.200	2.233943
0.963333	0.200	1.847495
0.966667	0.200	1.558657
0.970000	0.200	1.369706
0.973333	0.200	1.277083
0.976667	0.200	1.274106
0.980000	0.200	1.350109
0.983333	0.200	1.486968
0.986667	0.200	1.658444
0.990000	0.200	1.834797
0.993333	0.200	1.989571
0.996667	0.200	2.105653
1.000000	0.200	2.178375
1.003333	0.200	2.214026
1.006667	0.200	2.225770
1.010000	0.200	2.230100
1.013333	0.200	2.244592
1.016667	0.200	2.285929
1.020000	0.200	2.366921
1.023333	0.200	2.491571
1.026667	0.200	2.649290
1.030000	0.200	2.813057
1.033333	0.200	2.945696
1.036667	0.200	3.012178
1.040000	0.200	2.991722
1.043333	0.200	2.884695
1.046667	0.200	2.712065
1.050000	0.200	2.508234
1.053333	0.200	2.311796
1.056667	0.200	2.159227
1.060000	0.200	2.082481
1.063333	0.200	2.108315
1.066667	0.200	2.257598
1.070000	0.200	2.544002
1.073333	0.200	2.971659
1.076667	0.200	3.532391
1.080000	0.200	4.203519
1.083333	0.200	4.946785
1.086667	0.200	5.709598
1.090000	0.200	6.430085
1.093333	0.200	7.046895
1.096667	0.200	7.513790
1.100000	0.200	7.815688
1.103333	0.200	7.978605
1.106667	0.200	8.065954
1.110000	0.200	8.159058
1.113333	0.200	8.327546
1.116667	0.200	8.602043
1.120000	0.200	8.962200
1.123333	0.200	9.345456
1.126667	0.200	9.671899
1.130000	0.200	9.874199
1.133333	0.200	9.919035
1.136667	0.200	9.809941
1.140000	0.200	9.572729
1.143333	0.200	9.234834
1.146667	0.200	8.811002
1.150000	0.200	8.301918
1.153333	0.200	7.703671
1.156667	0.200	7.020460
1.160000	0.200	6.274018
1.163333	0.200	5.505005
1.166667	0.200	4.764707
1.170000	0.200	4.101471
1.173333	0.200	3.548582
1.176667	0.200	3.117873
1.180000	0.200	2.800462
1.183333	0.200	2.573124
1.186667	0.200	2.406915
1.190000	0.200	2.275152
1.193333	0.200	2.159280
1.196667	0.200	2.052426
1.200000	0.200	1.961238
1.203333	0.200	1.905941
1.206667	0.200	1.917212
1.210000	0.200	2.028285
1.213333	0.200	2.262550
1.216667	0.200	2.619726
1.220000	0.200	3.066115
1.223333	0.200	3.534935
1.226667	0.200	3.939685
1.230000	0.200	4.197316
1.233333	0.200	4.252624
1.236667	0.200	4.094157
1.240000	0.200	3.756133
1.243333	0.200	3.307349
1.246667	0.200	2.832434
1.250000	0.200	2.411696
1.253333	0.200	2.104683
1.256667	0.200	1.940858
1.260000	0.200	1.918601
1.263333	0.200	2.012735
1.266667	0.200	2.190686
1.270000	0.200	2.435320
1.273333	0.200	2.769871
1.276667	0.200	3.278111
1.280000	0.200	4.101936
1.283333	0.200	5.388184
1.286667	0.200	7.183238
1.290000	0.200	9.332986
1.293333	0.200	11.471232
1.296667	0.200	13.130377
1.300000	0.200	13.922340
1.303333	0.200	13.687853
1.306667	0.200	12.536739
1.310000	0.200	10.775051
1.313333	0.200	8.775776
1.316667	0.200	6.860945
1.320000	0.200	5.235961
1.323333	0.200	3.981385
1.326667	0.200	3.082810
1.330000	0.200	2.473416
1.333333	0.200	2.071497
1.336667	0.200	1.804813
1.340000	0.200	1.620499
1.343333	0.200	1.484945
1.346667	0.200	1.379649
1.350000	0.200	1.296283
1.353333	0.200	1.232154
1.356667	0.200	1.186761
1.360000	0.200	1.159873
1.363333	0.200	1.150679
1.366667	0.200	1.157366
1.370000	0.200	1.177394
1.373333	0.200	1.208292
1.376667	0.200	1.247978
1.380000	0.200	1.294225
1.383333	0.200	1.344061
1.386667	0.200	1.393790
1.390000	0.200	1.439519
1.393333	0.200	1.477707
1.396667	0.200	1.505147
1.400000	0.200	1.518907
1.403333	0.200	1.516882
1.406667	0.200	1.497872
1.410000	0.200	1.461077
1.413333	0.200	1.406542
1.416667	0.200	1.335921
1.420000	0.200	1.252191
1.423333	0.200	1.159099
1.426667	0.200	1.060938
1.430000	0.200	0.962010
1.433333	0.200	0.865762
1.436667	0.200	0.774473
1.440000	0.200	0.689546
1.443333	0.200	0.611703
1.446667	0.200	0.541299
1.450000	0.200	0.479144
1.453333	0.200	0.427027
1.456667	0.200	0.387215
1.460000	0.200	0.361518
1.463333	0.200	0.350772
1.466667	0.200	0.354525
1.470000	0.200	0.370687
1.473333	0.200	0.395985
1.476667	0.200	0.427195
1.480000	0.200	0.461912
1.483333	0.200	0.498568
1.486667	0.200	0.536047
1.490000	0.200	0.573575
1.493333	0.200	0.611298
1.496667	0.200	0.650583
1.500000	0.200	0.693339
1.503333	0.200	0.740999
1.506667	0.200	0.793662
1.510000	0.200	0.849451
1.513333	0.200	0.904415
1.516667	0.200	0.953470
1.520000	0.200	0.992057
1.523333	0.200	1.017384
1.526667	0.200	1.028718
1.530000	0.200	1.027155
1.533333	0.200	1.015258
1.536667	0.200	0.996515
1.540000	0.200	0.974573
1.543333	0.200	0.952764
1.546667	0.200	0.934227
1.550000	0.200	0.921645
1.553333	0.200	0.916249
1.556667	0.200	0.917214
1.560000	0.200	0.921996
1.563333	0.200	0.927107
1.566667	0.200	0.928681
1.570000	0.200	0.922939
1.573333	0.200	0.906957
1.576667	0.200	0.879114
1.580000	0.200	0.838694
1.583333	0.200	0.785496
1.586667	0.200	0.720053
1.590000	0.200	0.643876
1.593333	0.200	0.559318
1.596667	0.200	0.469510
1.600000	0.200	0.378304
1.603333	0.200	0.289298
1.606667	0.200	0.204485
1.610000	0.200	0.124448
1.613333	0.200	0.049739
1.616667	0.200	-0.018742
1.620000	0.200	-0.080469
1.623333	0.200	-0.135429
1.626667	0.200	-0.183697
1.630000	0.200	-0.225472
1.633333	0.200	-0.261251
1.636667	0.200	-0.291560
1.640000	0.200	-0.316759
1.643333	0.200	-0.337401
1.646667	0.200	-0.354429
1.650000	0.200	-0.368661
1.653333	0.200	-0.380340
1.656667	0.200	-0.389221
1.660000	0.200	-0.394915
1.663333	0.200	-0.397273
1.666667	0.200	-0.396379
1.670000	0.200	-0.392195
1.673333	0.200	-0.384492
1.676667	0.200	-0.373186
1.680000	0.200	-0.358599
1.683333	0.200	-0.341255
1.686667	0.200	-0.321439
1.690000	0.200	-0.299197
1.693333	0.200	-0.274427
1.696667	0.200	-0.246675
1.700000	0.200	-0.215412
1.703333	0.200	-0.180585
1.706667	0.200	-0.142815
1.710000	0.200	-0.103411
1.713333	0.200	-0.063875
1.716667	0.200	-0.025180
1.720000	0.200	0.012250
1.723333	0.200	0.047875
1.726667	0.200	0.080619
1.730000	0.200	0.109267
1.733333	0.200	0.133075
1.736667	0.200	0.151697
1.740000	0.200	0.164721
1.743333	0.200	0.171513
1.746667	0.200	0.171303
1.750000	0.200	0.163373
1.753333	0.200	0.147222
1.756667	0.200	0.122741
1.760000	0.200	0.090482
1.763333	0.200	0.051510
1.766667	0.200	0.006963
1.770000	0.200	-0.041913
1.773333	0.200	-0.093540
1.776667	0.200	-0.146043
1.780000	0.200	-0.197490
1.783333	0.200	-0.246296
1.786667	0.200	-0.290902
1.790000	0.200	-0.328421
1.793333	0.200	-0.354160
1.796667	0.200	-0.362459
1.800000	0.200	-0.346987
1.803333	0.200	-0.300691
1.806667	0.200	-0.217229
1.810000	0.200	-0.093495
1.813333	0.200	0.068726
1.816667	0.200	0.262460
1.820000	0.200	0.475798
1.823333	0.200	0.692562
1.826667	0.200	0.893803
1.830000	0.200	1.060664
1.833333	0.200	1.178337
1.836667	0.200	1.239375
1.840000	0.200	1.244559
1.843333	0.200	1.201194
1.846667	0.200	1.120803
1.850000	0.200	1.017819
1.853333	0.200	0.908132
1.856667	0.200	0.806795
1.860000	0.200	0.726453
1.863333	0.200	0.677215
1.866667	0.200	0.666648
1.870000	0.200	0.698815
1.873333	0.200	0.772778
1.876667	0.200	0.881673
1.880000	0.200	1.013289
1.883333	0.200	1.152103
1.886667	0.200	1.281604
1.890000	0.200	1.386267
1.893333	0.200	1.453026
1.896667	0.200	1.472071
1.900000	0.200	1.437887
1.903333	0.200	1.350701
1.906667	0.200	1.216613
1.910000	0.200	1.045868
1.913333	0.200	0.850719
1.916667	0.200	0.644068
1.920000	0.200	0.438220
1.923333	0.200	0.243175
1.926667	0.200	0.065684
1.930000	0.200	-0.090231
1.933333	0.200	-0.222568
1.936667	0.200	-0.331452
1.940000	0.200	-0.419210
1.943333	0.200	-0.489456
1.946667	0.200	-0.545733
1.950000	0.200	-0.590454
1.953333	0.200	-0.624570
1.956667	0.200	-0.648458
1.960000	0.200	-0.662916
1.963333	0.200	-0.668496
1.966667	0.200	-0.663575
1.970000	0.200	-0.643138
1.973333	0.200	-0.598596
1.976667	0.200	-0.517627
1.980000	0.200	-0.383542
1.983333	0.200	-0.174446
1.986667	0.200	0.136745
1.990000	0.200	0.580664
1.993333	0.200	1.188712
1.996667	0.200	1.989430
2.000000	0.200	3.003503
2.003333	0.200	4.237774
2.006667	0.200	5.679704
2.010000	0.200	7.293027
2.013333	0.200	9.015551
2.016667	0.200	10.761379
2.020000	0.200	12.428055
2.023333	0.200	13.906894
2.026667	0.200	15.095191
2.030000	0.200	15.908876
2.033333	0.200	16.293085
2.036667	0.200	16.228621
2.040000	0.200	15.733549
2.043333	0.200	14.859864
2.046667	0.200	13.685475
2.050000	0.200	12.303060
2.053333	0.200	10.808506
2.056667	0.200	9.290997
2.060000	0.200	7.825265
2.063333	0.200	6.466501
2.066667	0.200	5.249323
2.070000	0.200	4.190382
2.073333	0.200	3.291792
2.076667	0.200	2.544195
2.080000	0.200	1.930671
2.083333	0.200	1.431496
2.086667	0.200	1.027812
2.090000	0.200	0.702985
2.093333	0.200	0.442341
2.096667	0.200	0.232844
2.100000	0.200	0.063337
2.103333	0.200	-0.075048
2.106667	0.200	-0.188863
2.110000	0.200	-0.282797
2.113333	0.200	-0.360223
2.116667	0.200	-0.423701
2.120000	0.200	-0.475681
2.123333	0.200	-0.518830
2.126667	0.200	-0.555529
2.130000	0.200	-0.587229
2.133333	0.200	-0.614244
2.136667	0.200	-0.636273
2.140000	0.200	-0.653397
2.143333	0.200	-0.666417
2.146667	0.200	-0.676237
2.150000	0.200	-0.683281
2.153333	0.200	-0.687738
2.156667	0.200	-0.690171
2.160000	0.200	-0.691518
2.163333	0.200	-0.692677
2.166667	0.200	-0.694085
2.170000	0.200	-0.695444
2.173333	0.200	-0.696191
2.176667	0.200	-0.696106
2.180000	0.200	-0.694979
2.183333	0.200	-0.692371
2.186667	0.200	-0.688194
2.190000	0.200	-0.682965
2.193333	0.200	-0.677332
2.196667	0.200	-0.671362
2.200000	0.200	-0.664377
2.203333	0.200	-0.655825
2.206667	0.200	-0.645872
2.210000	0.200	-0.634772
2.213333	0.200	-0.622065
2.216667	0.200	-0.606170
2.220000	0.200	-0.584163
2.223333	0.200	-0.551855
2.226667	0.200	-0.503189
2.230000	0.200	-0.427666
2.233333	0.200	-0.306403
2.236667	0.200	-0.109572
2.240000	0.200	0.200771
2.243333	0.200	0.659939
2.246667	0.200	1.284918
2.250000	0.200	2.060060
2.253333	0.200	2.928467
2.256667	0.200	3.792072
2.260000	0.200	4.525405
2.263333	0.200	5.005192
2.266667	0.200	5.147265
2.270000	0.200	4.934197
2.273333	0.200	4.420434
2.276667	0.200	3.713817
2.280000	0.200	2.943621
2.283333	0.200	2.228723
2.286667	0.200	1.656213
2.290000	0.200	1.274520
2.293333	0.200	1.098272
2.296667	0.200	1.118890
2.300000	0.200	1.316222
2.303333	0.200	1.667734
2.306667	0.200	2.153145
2.310000	0.200	2.754981
2.313333	0.200	3.457018
2.316667	0.200	4.242364
2.320000	0.200	5.091912
2.323333	0.200	5.983352
2.326667	0.200	6.891408
2.330000	0.200	7.789444
2.333333	0.200	8.651453
2.336667	0.200	9.453573
2.340000	0.200	10.175171
2.343333	0.200	10.799733
2.346667	0.200	11.315156
2.350000	0.200	11.713289
2.353333	0.200	11.989592
2.356667	0.200	12.143496
2.360000	0.200	12.178942
2.363333	0.200	12.104299
2.366667	0.200	11.931130
2.370000	0.200	11.672620
2.373333	0.200	11.342588
2.376667	0.200	10.954901
2.380000	0.200	10.522969
2.383333	0.200	10.059171
2.386667	0.200	9.574540
2.390000	0.200	9.079106
2.393333	0.200	8.582544
2.396667	0.200	8.094251
2.400000	0.200	7.622267
2.403333	0.200	7.172347
2.406667	0.200	6.748611
2.410000	0.200	6.354420
2.413333	0.200	5.992172
2.416667	0.200	5.663284
2.420000	0.200	5.368825
2.423333	0.200	5.109382
2.426667	0.200	4.884509
2.430000	0.200	4.693238
2.433333	0.200	4.534816
2.436667	0.200	4.408322
2.440000	0.200	4.312269
2.443333	0.200	4.245263
2.446667	0.200	4.206477
2.450000	0.200	4.195064
2.453333	0.200	4.209585
2.456667	0.200	4.248587
2.460000	0.200	4.311619
2.463333	0.200	4.399349
2.466667	0.200	4.512936
2.470000	0.200	4.653145
2.473333	0.200	4.819834
2.476667	0.200	5.012399
2.480000	0.200	5.230295
2.483333	0.200	5.472440
2.486667	0.200	5.735822
2.490000	0.200	6.014541
2.493333	0.200	6.299627
2.496667	0.200	6.579294
2.500000	0.200	6.839255
2.503333	0.200	7.063319
2.506667	0.200	7.235098
2.510000	0.200	7.340293
2.513333	0.200	7.368365
2.516667	0.200	7.313402
2.520000	0.200	7.174411
2.523333	0.200	6.955472
2.526667	0.200	6.665759
2.530000	0.200	6.318605
2.533333	0.200	5.929754
2.536667	0.200	5.515760
2.540000	0.200	5.092576
2.543333	0.200	4.674135
2.546667	0.200	4.271352
2.550000	0.200	3.891560
2.553333	0.200	3.538231
2.556667	0.200	3.211142
2.560000	0.200	2.907259
2.563333	0.200	2.622616
2.566667	0.200	2.354248
2.570000	0.200	2.100607
2.573333	0.200	1.861022
2.576667	0.200	1.635634
2.580000	0.200	1.425527
2.583333	0.200	1.232178
2.586667	0.200	1.056617
2.590000	0.200	0.899178
2.593333	0.200	0.759742
2.596667	0.200	0.637747
2.600000	0.200	0.532089
2.603333	0.200	0.441335
2.606667	0.200	0.363591
2.610000	0.200	0.296192
2.613333	0.200	0.236302
2.616667	0.200	0.181920
2.620000	0.200	0.132153
2.623333	0.200	0.086685
2.626667	0.200	0.044942
2.630000	0.200	0.006146
2.633333	0.200	-0.029565
2.636667	0.200	-0.060830
2.640000	0.200	-0.086080
2.643333	0.200	-0.103939
2.646667	0.200	-0.112916
2.650000	0.200	-0.111771
2.653333	0.200	-0.100103
2.656667	0.200	-0.078687
2.660000	0.200	-0.049596
2.663333	0.200	-0.015557
2.666667	0.200	0.020677
2.670000	0.200	0.055941
2.673333	0.200	0.086410
2.676667	0.200	0.108213
2.680000	0.200	0.118111
2.683333	0.200	0.114168
2.686667	0.200	0.096275
2.690000	0.200	0.066166
2.693333	0.200	0.027091
2.696667	0.200	-0.016764
2.700000	0.200	-0.061114
2.703333	0.200	-0.102614
2.706667	0.200	-0.139530
2.710000	0.200	-0.171479
2.713333	0.200	-0.198697
2.716667	0.200	-0.221445
2.720000	0.200	-0.239819
2.723333	0.200	-0.254140
2.726667	0.200	-0.265441
2.730000	0.200	-0.275265
2.733333	0.200	-0.285118
2.736667	0.200	-0.296204
2.740000	0.200	-0.309041
2.743333	0.200	-0.322966
2.746667	0.200	-0.336397
2.750000	0.200	-0.347898
2.753333	0.200	-0.356901
2.756667	0.200	-0.363453
2.760000	0.200	-0.367807
2.763333	0.200	-0.370263
2.766667	0.200	-0.371040
2.770000	0.200	-0.370457
2.773333	0.200	-0.369303
2.776667	0.200	-0.368657
2.780000	0.200	-0.369370
2.783333	0.200	-0.371905
2.786667	0.200	-0.376362
2.790000	0.200	-0.382496
2.793333	0.200	-0.389861
2.796667	0.200	-0.398185
2.800000	0.200	-0.407706
2.803333	0.200	-0.418802
2.806667	0.200	-0.431184
2.810000	0.200	-0.443951
2.813333	0.200	-0.456473
2.816667	0.200	-0.468734
2.820000	0.200	-0.480859
2.823333	0.200	-0.492773
2.826667	0.200	-0.504370
2.830000	0.200	-0.515575
2.833333	0.200	-0.526036
2.836667	0.200	-0.535143
2.840000	0.200	-0.542827
2.843333	0.200	-0.549893
2.846667	0.200	-0.557030
2.850000	0.200	-0.564272
2.853333	0.200	-0.571548
2.856667	0.200	-0.578601
2.860000	0.200	-0.584374
2.863333	0.200	-0.587366
2.866667	0.200	-0.586604
2.870000	0.200	-0.582016
2.873333	0.200	-0.574034
2.876667	0.200	-0.562989
2.880000	0.200	-0.548910
2.883333	0.200	-0.531718
2.886667	0.200	-0.511560
2.890000	0.200	-0.489263
2.893333	0.200	-0.466297
2.896667	0.200	-0.444237
2.900000	0.200	-0.424564
2.903333	0.200	-0.408577
2.906667	0.200	-0.397031
2.910000	0.200	-0.389745
2.913333	0.200	-0.385697
2.916667	0.200	-0.383744
2.920000	0.200	-0.383090
2.923333	0.200	-0.383027
2.926667	0.200	-0.382809
2.930000	0.200	-0.381955
2.933333	0.200	-0.380496
2.936667	0.200	-0.379063
2.940000	0.200	-0.378818
2.943333	0.200	-0.380881
2.946667	0.200	-0.385693
2.950000	0.200	-0.393099
2.953333	0.200	-0.402737
2.956667	0.200	-0.414102
2.960000	0.200	-0.426480
2.963333	0.200	-0.438935
2.966667	0.200	-0.450584
2.970000	0.200	-0.461037
2.973333	0.200	-0.470282
2.976667	0.200	-0.478308
2.980000	0.200	-0.485014
2.983333	0.200	-0.490089
2.986667	0.200	-0.492977
2.990000	0.200	-0.493226
2.993333	0.200	-0.490865
2.996667	0.200	-0.486359
3.000000	0.200	-0.480046
3.003333	0.200	-0.471836
3.006667	0.200	-0.461790
3.010000	0.200	-0.450347
3.013333	0.200	-0.437640
3.016667	0.200	-0.423914
3.020000	0.200	-0.410884
3.023333	0.200	-0.401049
3.026667	0.200	-0.395850
3.030000	0.200	-0.395383
3.033333	0.200	-0.399037
3.036667	0.200	-0.406075
3.040000	0.200	-0.415975
3.043333	0.200	-0.428082
3.046667	0.200	-0.441463
3.050000	0.200	-0.455420
3.053333	0.200	-0.469576
3.056667	0.200	-0.483487
3.060000	0.200	-0.496532
3.063333	0.200	-0.508013
3.066667	0.200	-0.517450
3.070000	0.200	-0.524877
3.073333	0.200	-0.530735
3.076667	0.200	-0.535812
3.080000	0.200	-0.541025
3.083333	0.200	-0.546474
3.086667	0.200	-0.551391
3.090000	0.200	-0.555501
3.093333	0.200	-0.559418
3.096667	0.200	-0.563672
3.100000	0.200	-0.568123
3.103333	0.200	-0.572151
3.106667	0.200	-0.575049
3.110000	0.200	-0.576468
3.113333	0.200	-0.576866
3.116667	0.200	-0.577076
3.120000	0.200	-0.577201
3.123333	0.200	-0.576627
3.126667	0.200	-0.575157
3.130000	0.200	-0.573221
3.133333	0.200	-0.570671
3.136667	0.200	-0.565839
3.140000	0.200	-0.556290
3.143333	0.200	-0.540550
3.146667	0.200	-0.518604
3.150000	0.200	-0.491050
3.153333	0.200	-0.459007
3.156667	0.200	-0.424744
3.160000	0.200	-0.391347
3.163333	0.200	-0.361861
3.166667	0.200	-0.338958
3.170000	0.200	-0.324702
3.173333	0.200	-0.320147
3.176667	0.200	-0.325078
3.180000	0.200	-0.337862
3.183333	0.200	-0.355739
3.186667	0.200	-0.375832
3.190000	0.200	-0.395926
3.193333	0.200	-0.414440
3.196667	0.200	-0.430211
3.200000	0.200	-0.442440
3.203333	0.200	-0.450946
3.206667	0.200	-0.456358
3.210000	0.200	-0.459760
3.213333	0.200	-0.462209
3.216667	0.200	-0.464157
3.220000	0.200	-0.465329
3.223333	0.200	-0.465665
3.226667	0.200	-0.465831
3.230000	0.200	-0.466581
3.233333	0.200	-0.468145
3.236667	0.200	-0.470070
3.240000	0.200	-0.471229
3.243333	0.200	-0.470109
3.246667	0.200	-0.465173
3.250000	0.200	-0.455040
3.253333	0.200	-0.438635
3.256667	0.200	-0.414950
3.260000	0.200	-0.382559
3.263333	0.200	-0.339920
3.266667	0.200	-0.285871
3.270000	0.200	-0.219579
3.273333	0.200	-0.141025
3.276667	0.200	-0.052056
3.280000	0.200	0.043441
3.283333	0.200	0.140575
3.286667	0.200	0.234439
3.290000	0.200	0.320148
3.293333	0.200	0.392726
3.296667	0.200	0.447916
3.300000	0.200	0.483303
3.303333	0.200	0.498330
3.306667	0.200	0.493359
3.310000	0.200	0.469289
3.313333	0.200	0.428121
3.316667	0.200	0.373253
3.320000	0.200	0.309102
3.323333	0.200	0.240270
3.326667	0.200	0.170512
3.330000	0.200	0.102623
3.333333	0.200	0.039262
3.336667	0.200	-0.017034
3.340000	0.200	-0.064858
3.343333	0.200	-0.104304
3.346667	0.200	-0.136337
3.350000	0.200	-0.161803
3.353333	0.200	-0.180000
3.356667	0.200	-0.186214
3.360000	0.200	-0.167098
3.363333	0.200	-0.091015
3.366667	0.200	0.110905
3.370000	0.200	0.575959
3.373333	0.200	1.551898
3.376667	0.200	3.439157
3.380000	0.200	6.811269
3.383333	0.200	12.386567
3.386667	0.200	20.931500
3.390000	0.200	33.096589
3.393333	0.200	49.214906
3.396667	0.200	69.116426
3.400000	0.200	92.018685
3.403333	0.200	116.541827
3.406667	0.200	140.863902
3.410000	0.200	162.987799
3.413333	0.200	181.055919
3.416667	0.200	193.638066
3.420000	0.200	199.927896
3.423333	0.200	199.810428
3.426667	0.200	193.802157
3.430000	0.200	182.896631
3.433333	0.200	168.362665
3.436667	0.200	151.543632
3.440000	0.200	133.694013
3.443333	0.200	115.869959
3.446667	0.200	98.875434
3.450000	0.200	83.255744
3.453333	0.200	69.324322
3.456667	0.200	57.206884
3.460000	0.200	46.889176
3.463333	0.200	38.260285
3.466667	0.200	31.149442
3.470000	0.200	25.356477
3.473333	0.200	20.675395
3.476667	0.200	16.910245
3.480000	0.200	13.884406
3.483333	0.200	11.445869
3.486667	0.200	9.469567
3.490000	0.200	7.856544
3.493333	0.200	6.530374
3.496667	0.200	5.432791
3.500000	0.200	4.520027
3.503333	0.200	3.759526
3.506667	0.200	3.126703
3.510000	0.200	2.601997
3.513333	0.200	2.168770
3.516667	0.200	1.812405
3.520000	0.200	1.519936
3.523333	0.200	1.279681
3.526667	0.200	1.081355
3.530000	0.200	0.916601
3.533333	0.200	0.778784
3.536667	0.200	0.662103
3.540000	0.200	0.561399
3.543333	0.200	0.472665
3.546667	0.200	0.393259
3.550000	0.200	0.321706
3.553333	0.200	0.257445
3.556667	0.200	0.200849
3.560000	0.200	0.153318
3.563333	0.200	0.116656
3.566667	0.200	0.092001
3.570000	0.200	0.079682
3.573333	0.200	0.080028
3.576667	0.200	0.093719
3.580000	0.200	0.121151
3.583333	0.200	0.161457
3.586667	0.200	0.211917
3.590000	0.200	0.268102
3.593333	0.200	0.324527
3.596667	0.200	0.375536
3.600000	0.200	0.416077
3.603333	0.200	0.442117
3.606667	0.200	0.450881
3.610000	0.200	0.441138
3.613333	0.200	0.413486
3.616667	0.200	0.370150
3.620000	0.200	0.314228
3.623333	0.200	0.249149
3.626667	0.200	0.178549
3.630000	0.200	0.106121
3.633333	0.200	0.035106
3.636667	0.200	-0.032225
3.640000	0.200	-0.094286
3.643333	0.200	-0.149547
3.646667	0.200	-0.196773
3.650000	0.200	-0.235889
3.653333	0.200	-0.267971
3.656667	0.200	-0.294282
3.660000	0.200	-0.315794
3.663333	0.200	-0.333507
3.666667	0.200	-0.348565
3.670000	0.200	-0.361752
3.673333	0.200	-0.373171
3.676667	0.200	-0.382752
3.680000	0.200	-0.390947
3.683333	0.200	-0.398536
3.686667	0.200	-0.405740
3.690000	0.200	-0.411957
3.693333	0.200	-0.416503
3.696667	0.200	-0.419331
3.700000	0.200	-0.420913
3.703333	0.200	-0.421681
3.706667	0.200	-0.421890
3.710000	0.200	-0.421693
3.713333	0.200	-0.421019
3.716667	0.200	-0.419589
3.720000	0.200	-0.416777
3.723333	0.200	-0.411552
3.726667	0.200	-0.403270
3.730000	0.200	-0.392523
3.733333	0.200	-0.381061
3.736667	0.200	-0.370785
3.740000	0.200	-0.362662
3.743333	0.200	-0.356613
3.746667	0.200	-0.352051
3.750000	0.200	-0.348513
3.753333	0.200	-0.346094
3.756667	0.200	-0.345158
3.760000	0.200	-0.345893
3.763333	0.200	-0.348292
3.766667	0.200	-0.351851
3.770000	0.200	-0.355345
3.773333	0.200	-0.357968
3.776667	0.200	-0.360676
3.780000	0.200	-0.365467
3.783333	0.200	-0.373276
3.786667	0.200	-0.383217
3.790000	0.200	-0.393840
3.793333	0.200	-0.404467
3.796667	0.200	-0.415249
3.800000	0.200	-0.426462
3.803333	0.200	-0.437772
3.806667	0.200	-0.448149
3.810000	0.200	-0.456517
3.813333	0.200	-0.461960
3.816667	0.200	-0.463012
3.820000	0.200	-0.457067
3.823333	0.200	-0.440659
3.826667	0.200	-0.410255
3.830000	0.200	-0.362656
3.833333	0.200	-0.294491
3.836667	0.200	-0.201715
3.840000	0.200	-0.080340
3.843333	0.200	0.072154
3.846667	0.200	0.255705
3.850000	0.200	0.467100
3.853333	0.200	0.700071
3.856667	0.200	0.945797
3.860000	0.200	1.193308
3.863333	0.200	1.429919
3.866667	0.200	1.642040
3.870000	0.200	1.816281
3.873333	0.200	1.940915
3.876667	0.200	2.007963
3.880000	0.200	2.014680
3.883333	0.200	1.962984
3.886667	0.200	1.857840
3.890000	0.200	1.706741
3.893333	0.200	1.520108
3.896667	0.200	1.310455
3.900000	0.200	1.090467
3.903333	0.200	0.871687
3.906667	0.200	0.663630
3.910000	0.200	0.472842
3.913333	0.200	0.302714
3.916667	0.200	0.154363
3.920000	0.200	0.027803
3.923333	0.200	-0.077439
3.926667	0.200	-0.162629
3.930000	0.200	-0.230407
3.933333	0.200	-0.284193
3.936667	0.200	-0.326775
3.940000	0.200	-0.359937
3.943333	0.200	-0.385298
3.946667	0.200	-0.404865
3.950000	0.200	-0.420588
3.953333	0.200	-0.433710
3.956667	0.200	-0.444761
3.960000	0.200	-0.454013
3.963333	0.200	-0.461619
3.966667	0.200	-0.467549
3.970000	0.200	-0.472106
3.973333	0.200	-0.476286
3.976667	0.200	-0.481138
3.980000	0.200	-0.487070
3.983333	0.200	-0.493781
3.986667	0.200	-0.500558
3.990000	0.200	-0.506772
3.993333	0.200	-0.512313
3.996667	0.200	-0.517421
4.000000	0.200	-0.522103
4.003333	0.200	-0.526050
4.006667	0.200	-0.529108
4.010000	0.200	-0.531621
4.013333	0.200	-0.534190
4.016667	0.200	-0.537094
4.020000	0.200	-0.540007
4.023333	0.200	-0.542213
4.026667	0.200	-0.542968
4.030000	0.200	-0.541937
4.033333	0.200	-0.539636
4.036667	0.200	-0.537207
4.040000	0.200	-0.535521
4.043333	0.200	-0.535054
4.046667	0.200	-0.536502
4.050000	0.200	-0.540515
4.053333	0.200	-0.546661
4.056667	0.200	-0.553261
4.060000	0.200	-0.558399
4.063333	0.200	-0.561175
4.066667	0.200	-0.562102
4.070000	0.200	-0.562325
4.073333	0.200	-0.562471
4.076667	0.200	-0.562198
4.080000	0.200	-0.560798
4.083333	0.200	-0.558080
4.086667	0.200	-0.554526
4.090000	0.200	-0.550800
4.093333	0.200	-0.547293
4.096667	0.200	-0.544087
4.100000	0.200	-0.541241
4.103333	0.200	-0.538865
4.106667	0.200	-0.537053
4.110000	0.200	-0.536077
4.113333	0.200	-0.536186
4.116667	0.200	-0.537093
4.120000	0.200	-0.538243
4.123333	0.200	-0.539491
4.126667	0.200	-0.541167
4.130000	0.200	-0.543600
4.133333	0.200	-0.546607
4.136667	0.200	-0.549609
4.140000	0.200	-0.552255
4.143333	0.200	-0.554547
4.146667	0.200	-0.556523
4.150000	0.200	-0.557953
4.153333	0.200	-0.558446
4.156667	0.200	-0.558011
4.160000	0.200	-0.557026
4.163333	0.200	-0.555810
4.166667	0.200	-0.554807
4.170000	0.200	-0.554728
4.173333	0.200	-0.556153
4.176667	0.200	-0.559052
4.180000	0.200	-0.562740
4.183333	0.200	-0.566416
4.186667	0.200	-0.569631
4.190000	0.200	-0.572270
4.193333	0.200	-0.574486
4.196667	0.200	-0.576642
4.200000	0.200	-0.579096
4.203333	0.200	-0.581972
4.206667	0.200	-0.585093
4.210000	0.200	-0.588253
4.213333	0.200	-0.591343
4.216667	0.200	-0.593733
4.220000	0.200	-0.594163
4.223333	0.200	-0.592086
4.226667	0.200	-0.588597
4.230000	0.200	-0.585462
4.233333	0.200	-0.583549
4.236667	0.200	-0.582376
4.240000	0.200	-0.581070
4.243333	0.200	-0.579519
4.246667	0.200	-0.578099
4.250000	0.200	-0.576598
4.253333	0.200	-0.574162
4.256667	0.200	-0.570111
4.260000	0.200	-0.564485
4.263333	0.200	-0.558086
4.266667	0.200	-0.551995
4.270000	0.200	-0.546707
4.273333	0.200	-0.541922
4.276667	0.200	-0.537188
4.280000	0.200	-0.532435
4.283333	0.200	-0.528078
4.286667	0.200	-0.524745
4.290000	0.200	-0.523127
4.293333	0.200	-0.523940
4.296667	0.200	-0.527308
4.300000	0.200	-0.532419
4.303333	0.200	-0.538198
4.306667	0.200	-0.543857
4.310000	0.200	-0.549041
4.313333	0.200	-0.553956
4.316667	0.200	-0.559104
4.320000	0.200	-0.564870
4.323333	0.200	-0.571455
4.326667	0.200	-0.578858
4.330000	0.200	-0.586791
4.333333	0.200	-0.594617
4.336667	0.200	-0.601165
4.340000	0.200	-0.605056
4.343333	0.200	-0.605875
4.346667	0.200	-0.604740
4.350000	0.200	-0.603536
4.353333	0.200	-0.603723
4.356667	0.200	-0.605820
4.360000	0.200	-0.609632
4.363333	0.200	-0.614587
4.366667	0.200	-0.619987
4.370000	0.200	-0.625142
4.373333	0.200	-0.629381
4.376667	0.200	-0.632285
4.380000	0.200	-0.633930
4.383333	0.200	-0.634520
4.386667	0.200	-0.633993
4.390000	0.200	-0.632352
4.393333	0.200	-0.630175
4.396667	0.200	-0.628522
4.400000	0.200	-0.628118
4.403333	0.200	-0.628546
4.406667	0.200	-0.628664
4.410000	0.200	-0.627812
4.413333	0.200	-0.626135
4.416667	0.200	-0.623946
4.420000	0.200	-0.621310
4.423333	0.200	-0.618166
4.426667	0.200	-0.614568
4.430000	0.200	-0.610770
4.433333	0.200	-0.606951
4.436667	0.200	-0.602982
4.440000	0.200	-0.598522
4.443333	0.200	-0.593227
4.446667	0.200	-0.586921
4.450000	0.200	-0.579703
4.453333	0.200	-0.571909
4.456667	0.200	-0.563740
4.460000	0.200	-0.554855
4.463333	0.200	-0.544525
4.466667	0.200	-0.532187
4.470000	0.200	-0.517846
4.473333	0.200	-0.501872
4.476667	0.200	-0.484291
4.480000	0.200	-0.464862
4.483333	0.200	-0.443826
4.486667	0.200	-0.422129
4.490000	0.200	-0.401124
4.493333	0.200	-0.381922
4.496667	0.200	-0.364678
4.500000	0.200	-0.348782
4.503333	0.200	-0.333897
4.506667	0.200	-0.320732
4.510000	0.200	-0.310728
4.513333	0.200	-0.305034
4.516667	0.200	-0.303735
4.520000	0.200	-0.305948
4.523333	0.200	-0.310741
4.526667	0.200	-0.317971
4.530000	0.200	-0.327791
4.533333	0.200	-0.339506
4.536667	0.200	-0.351611
4.540000	0.200	-0.362922
4.543333	0.200	-0.373278
4.546667	0.200	-0.383196
4.550000	0.200	-0.392988
4.553333	0.200	-0.402252
4.556667	0.200	-0.410230
4.560000	0.200	-0.416316
4.563333	0.200	-0.420122
4.566667	0.200	-0.421643
4.570000	0.200	-0.421581
4.573333	0.200	-0.421175
4.576667	0.200	-0.421698
4.580000	0.200	-0.424037
4.583333	0.200	-0.428352
4.586667	0.200	-0.434132
4.590000	0.200	-0.440742
4.593333	0.200	-0.447600
4.596667	0.200	-0.454101
4.600000	0.200	-0.460354
4.603333	0.200	-0.467506
4.606667	0.200	-0.476335
4.610000	0.200	-0.486256
4.613333	0.200	-0.496228
4.616667	0.200	-0.505565
4.620000	0.200	-0.513691
4.623333	0.200	-0.520040
4.626667	0.200	-0.524474
4.630000	0.200	-0.527331
4.633333	0.200	-0.528985
4.636667	0.200	-0.529605
4.640000	0.200	-0.529115
4.643333	0.200	-0.527118
4.646667	0.200	-0.522968
4.650000	0.200	-0.516101
4.653333	0.200	-0.506268
4.656667	0.200	-0.493271
4.660000	0.200	-0.476510
4.663333	0.200	-0.455201
4.666667	0.200	-0.429255
4.670000	0.200	-0.399827
4.673333	0.200	-0.368996
4.676667	0.200	-0.338630
4.680000	0.200	-0.309397
4.683333	0.200	-0.281309
4.686667	0.200	-0.255057
4.690000	0.200	-0.232007
4.693333	0.200	-0.213175
4.696667	0.200	-0.199194
4.700000	0.200	-0.190917
4.703333	0.200	-0.189212
4.706667	0.200	-0.194345
4.710000	0.200	-0.205866
4.713333	0.200	-0.222738
4.716667	0.200	-0.243391
4.720000	0.200	-0.265968
4.723333	0.200	-0.288701
4.726667	0.200	-0.310408
4.730000	0.200	-0.330619
4.733333	0.200	-0.348946
4.736667	0.200	-0.364706
4.740000	0.200	-0.377246
4.743333	0.200	-0.386216
4.746667	0.200	-0.391714
4.750000	0.200	-0.394200
4.753333	0.200	-0.394120
4.756667	0.200	-0.391812
4.760000	0.200	-0.387828
4.763333	0.200	-0.382924
4.766667	0.200	-0.377765
4.770000	0.200	-0.373007
4.773333	0.200	-0.369312
4.776667	0.200	-0.366836
4.780000	0.200	-0.365240
4.783333	0.200	-0.364456
4.786667	0.200	-0.364788
4.790000	0.200	-0.366150
4.793333	0.200	-0.367943
4.796667	0.200	-0.369376
4.800000	0.200	-0.369392
4.803333	0.200	-0.367037
4.806667	0.200	-0.362038
4.810000	0.200	-0.354333
4.813333	0.200	-0.343441
4.816667	0.200	-0.328840
4.820000	0.200	-0.310436
4.823333	0.200	-0.288416
4.826667	0.200	-0.262992
4.830000	0.200	-0.234571
4.833333	0.200	-0.204045
4.836667	0.200	-0.172340
4.840000	0.200	-0.139974
4.843333	0.200	-0.107990
4.846667	0.200	-0.078759
4.850000	0.200	-0.055078
4.853333	0.200	-0.038867
4.856667	0.200	-0.030866
4.860000	0.200	-0.030986
4.863333	0.200	-0.038607
4.866667	0.200	-0.052903
4.870000	0.200	-0.073152
4.873333	0.200	-0.098859
4.876667	0.200	-0.129351
4.880000	0.200	-0.163022
4.883333	0.200	-0.197342
4.886667	0.200	-0.230091
4.890000	0.200	-0.260463
4.893333	0.200	-0.288868
4.896667	0.200	-0.315590
4.900000	0.200	-0.339697
4.903333	0.200	-0.359752
4.906667	0.200	-0.375464
4.910000	0.200	-0.387859
4.913333	0.200	-0.398129
4.916667	0.200	-0.406912
4.920000	0.200	-0.414502
4.923333	0.200	-0.421194
4.926667	0.200	-0.426993
4.930000	0.200	-0.431325
4.933333	0.200	-0.433457
4.936667	0.200	-0.433004
4.940000	0.200	-0.430177
4.943333	0.200	-0.425819
4.946667	0.200	-0.421046
4.950000	0.200	-0.416449
4.953333	0.200	-0.411542
4.956667	0.200	-0.405388
4.960000	0.200	-0.397723
4.963333	0.200	-0.388984
4.966667	0.200	-0.379475
4.970000	0.200	-0.369153
4.973333	0.200	-0.358036
4.976667	0.200	-0.346230
4.980000	0.200	-0.333997
4.983333	0.200	-0.322027
4.986667	0.200	-0.310890
4.990000	0.200	-0.300502
4.993333	0.200	-0.290719
4.996667	0.200	-0.282054
5.000000	0.200	-0.275373
5.003333	0.200	-0.271161
5.006667	0.200	-0.269516
5.010000	0.200	-0.270349
5.013333	0.200	-0.273191
5.016667	0.200	-0.277371
5.020000	0.200	-0.282333
5.023333	0.200	-0.287340
5.026667	0.200	-0.291204
5.030000	0.200	-0.292660
5.033333	0.200	-0.290947
5.036667	0.200	-0.285985
5.040000	0.200	-0.278068
5.043333	0.200	-0.267473
5.046667	0.200	-0.254316
5.050000	0.200	-0.238736
5.053333	0.200	-0.221391
5.056667	0.200	-0.203711
5.060000	0.200	-0.187321
5.063333	0.200	-0.173439
5.066667	0.200	-0.162935
5.070000	0.200	-0.156480
5.073333	0.200	-0.154300
5.076667	0.200	-0.155910
5.080000	0.200	-0.160334
5.083333	0.200	-0.166521
5.086667	0.200	-0.173109
5.090000	0.200	-0.178082
5.093333	0.200	-0.179428
5.096667	0.200	-0.176222
5.100000	0.200	-0.169027
5.103333	0.200	-0.159516
5.106667	0.200	-0.149874
5.110000	0.200	-0.142317
5.113333	0.200	-0.138588
5.116667	0.200	-0.139483
5.120000	0.200	-0.144517
5.123333	0.200	-0.151996
5.126667	0.200	-0.159660
5.130000	0.200	-0.165451
5.133333	0.200	-0.167921
5.136667	0.200	-0.166179
5.140000	0.200	-0.159398
5.143333	0.200	-0.146361
5.146667	0.200	-0.125690
5.150000	0.200	-0.096508
5.153333	0.200	-0.058965
5.156667	0.200	-0.014439
5.160000	0.200	0.034828
5.163333	0.200	0.086540
5.166667	0.200	0.138909
5.170000	0.200	0.190415
5.173333	0.200	0.239014
5.176667	0.200	0.281815
5.180000	0.200	0.315612
5.183333	0.200	0.337660
5.186667	0.200	0.346298
5.190000	0.200	0.341294
5.193333	0.200	0.323813
5.196667	0.200	0.295969
5.200000	0.200	0.259956
5.203333	0.200	0.217331
5.206667	0.200	0.169260
5.210000	0.200	0.117202
5.213333	0.200	0.063322
5.216667	0.200	0.010391
5.220000	0.200	-0.039294
5.223333	0.200	-0.084861
5.226667	0.200	-0.126207
5.230000	0.200	-0.162783
5.233333	0.200	-0.193465
5.236667	0.200	-0.217249
5.240000	0.200	-0.233464
5.243333	0.200	-0.240442
5.246667	0.200	-0.233283
5.250000	0.200	-0.203052
5.253333	0.200	-0.137694
5.256667	0.200	-0.023113
5.260000	0.200	0.154754
5.263333	0.200	0.405431
5.266667	0.200	0.728202
5.270000	0.200	1.107620
5.273333	0.200	1.512111
5.276667	0.200	1.897174
5.280000	0.200	2.213593
5.283333	0.200	2.418392
5.286667	0.200	2.484600
5.290000	0.200	2.407198
5.293333	0.200	2.203860
5.296667	0.200	1.909695
5.300000	0.200	1.567688
5.303333	0.200	1.218997
5.306667	0.200	0.896026
5.310000	0.200	0.618812
5.313333	0.200	0.395003
5.316667	0.200	0.222878
5.320000	0.200	0.095082
5.323333	0.200	0.001851
5.326667	0.200	-0.066218
5.330000	0.200	-0.116256
5.333333	0.200	-0.152783
5.336667	0.200	-0.178823
5.340000	0.200	-0.197132
5.343333	0.200	-0.210522
5.346667	0.200	-0.221583
5.350000	0.200	-0.232038
5.353333	0.200	-0.242264
5.356667	0.200	-0.251861
5.360000	0.200	-0.260534
5.363333	0.200	-0.268124
5.366667	0.200	-0.274353
5.370000	0.200	-0.278963
5.373333	0.200	-0.281949
5.376667	0.200	-0.283498
5.380000	0.200	-0.283921
5.383333	0.200	-0.283820
5.386667	0.200	-0.283821
5.390000	0.200	-0.283976
5.393333	0.200	-0.283832
5.396667	0.200	-0.282983
5.400000	0.200	-0.281275
5.403333	0.200	-0.278621
5.406667	0.200	-0.275018
5.410000	0.200	-0.270709
5.413333	0.200	-0.266178
5.416667	0.200	-0.261979
5.420000	0.200	-0.258382
5.423333	0.200	-0.255288
5.426667	0.200	-0.252606
5.430000	0.200	-0.250412
5.433333	0.200	-0.248820
5.436667	0.200	-0.248009
5.440000	0.200	-0.248259
5.443333	0.200	-0.249780
5.446667	0.200	-0.252489
5.450000	0.200	-0.255978
5.453333	0.200	-0.259733
5.456667	0.200	-0.263396
5.460000	0.200	-0.266829
5.463333	0.200	-0.269798
5.466667	0.200	-0.271555
5.470000	0.200	-0.271181
5.473333	0.200	-0.268696
5.476667	0.200	-0.265367
5.480000	0.200	-0.262468
5.483333	0.200	-0.259979
5.486667	0.200	-0.256926
5.490000	0.200	-0.252863
5.493333	0.200	-0.248369
5.496667	0.200	-0.244202
5.500000	0.200	-0.240572
5.503333	0.200	-0.237215
5.506667	0.200	-0.233974
5.510000	0.200	-0.231109
5.513333	0.200	-0.228743
5.516667	0.200	-0.226519
5.520000	0.200	-0.224207
5.523333	0.200	-0.222145
5.526667	0.200	-0.220793
5.530000	0.200	-0.219962
5.533333	0.200	-0.218714
5.536667	0.200	-0.216174
5.540000	0.200	-0.212069
5.543333	0.200	-0.206546
5.546667	0.200	-0.200036
5.550000	0.200	-0.193149
5.553333	0.200	-0.186356
5.556667	0.200	-0.179792
5.560000	0.200	-0.173515
5.563333	0.200	-0.167978
5.566667	0.200	-0.164049
5.570000	0.200	-0.162395
5.573333	0.200	-0.163023
5.576667	0.200	-0.165442
5.580000	0.200	-0.168816
5.583333	0.200	-0.171777
5.586667	0.200	-0.172840
5.590000	0.200	-0.171588
5.593333	0.200	-0.168906
5.596667	0.200	-0.165982
5.600000	0.200	-0.163792
5.603333	0.200	-0.163084
5.606667	0.200	-0.163949
5.610000	0.200	-0.165755
5.613333	0.200	-0.167677
5.616667	0.200	-0.169081
5.620000	0.200	-0.169754
5.623333	0.200	-0.169964
5.626667	0.200	-0.170081
5.630000	0.200	-0.170066
5.633333	0.200	-0.169229
5.636667	0.200	-0.166601
5.640000	0.200	-0.161796
5.643333	0.200	-0.155372
5.646667	0.200	-0.148426
5.650000	0.200	-0.142105
5.653333	0.200	-0.137171
5.656667	0.200	-0.133833
5.660000	0.200	-0.132164
5.663333	0.200	-0.132574
5.666667	0.200	-0.135659
5.670000	0.200	-0.141541
5.673333	0.200	-0.149431
5.676667	0.200	-0.157869
5.680000	0.200	-0.165490
5.683333	0.200	-0.171779
5.686667	0.200	-0.177212
5.690000	0.200	-0.182478
5.693333	0.200	-0.187385
5.696667	0.200	-0.191001
5.700000	0.200	-0.193071
5.703333	0.200	-0.194294
5.706667	0.200	-0.195214
5.710000	0.200	-0.195859
5.713333	0.200	-0.196073
5.716667	0.200	-0.195511
5.720000	0.200	-0.193533
5.723333	0.200	-0.189454
5.726667	0.200	-0.183072
5.730000	0.200	-0.174859
5.733333	0.200	-0.165376
5.736667	0.200	-0.154753
5.740000	0.200	-0.143099
5.743333	0.200	-0.130914
5.746667	0.200	-0.118846
5.750000	0.200	-0.107536
5.753333	0.200	-0.097611
5.756667	0.200	-0.089724
5.760000	0.200	-0.084707
5.763333	0.200	-0.083096
5.766667	0.200	-0.084373
5.770000	0.200	-0.087315
5.773333	0.200	-0.091090
5.776667	0.200	-0.095610
5.780000	0.200	-0.100916
5.783333	0.200	-0.106601
5.786667	0.200	-0.111887
5.790000	0.200	-0.116092
5.793333	0.200	-0.119049
5.796667	0.200	-0.121046
5.800000	0.200	-0.122372
5.803333	0.200	-0.122962
5.806667	0.200	-0.122483
5.810000	0.200	-0.120960
5.813333	0.200	-0.119180
5.816667	0.200	-0.118095
5.820000	0.200	-0.118369
5.823333	0.200	-0.120723
5.826667	0.200	-0.125658
5.830000	0.200	-0.132658
5.833333	0.200	-0.140353
5.836667	0.200	-0.147376
5.840000	0.200	-0.152991
5.843333	0.200	-0.157406
5.846667	0.200	-0.161286
5.850000	0.200	-0.164708
5.853333	0.200	-0.167164
5.856667	0.200	-0.168483
5.860000	0.200	-0.169049
5.863333	0.200	-0.169390
5.866667	0.200	-0.169851
5.870000	0.200	-0.170320
5.873333	0.200	-0.170104
5.876667	0.200	-0.168356
5.880000	0.200	-0.164815
5.883333	0.200	-0.159803
5.886667	0.200	-0.153451
5.890000	0.200	-0.145168
5.893333	0.200	-0.133963
5.896667	0.200	-0.119358
5.900000	0.200	-0.101833
5.903333	0.200	-0.082633
5.906667	0.200	-0.063701
5.910000	0.200	-0.047408
5.913333	0.200	-0.035516
5.916667	0.200	-0.028314
5.920000	0.200	-0.025081
5.923333	0.200	-0.025155
5.926667	0.200	-0.028055
5.930000	0.200	-0.032879
5.933333	0.200	-0.038637
5.936667	0.200	-0.045117
5.940000	0.200	-0.052666
5.943333	0.200	-0.061423
5.946667	0.200	-0.071137
5.950000	0.200	-0.081435
5.953333	0.200	-0.092070
5.956667	0.200	-0.102868
5.960000	0.200	-0.113143
5.963333	0.200	-0.121433
5.966667	0.200	-0.126419
5.970000	0.200	-0.127953
5.973333	0.200	-0.127075
5.976667	0.200	-0.125391
5.980000	0.200	-0.124215
5.983333	0.200	-0.123922
5.986667	0.200	-0.124064
5.990000	0.200	-0.124018
5.993333	0.200	-0.123517
5.996667	0.200	-0.122417
6.000000	0.200	-0.120148
6.003333	0.200	-0.116029
6.006667	0.200	-0.110197
6.010000	0.200	-0.103837
6.013333	0.200	-0.098358
6.016667	0.200	-0.094352
6.020000	0.200	-0.091415
6.023333	0.200	-0.088998
6.026667	0.200	-0.086998
6.030000	0.200	-0.085293
6.033333	0.200	-0.083107
6.036667	0.200	-0.079245
6.040000	0.200	-0.072959
6.043333	0.200	-0.064326
6.046667	0.200	-0.053887
6.050000	0.200	-0.042035
6.053333	0.200	-0.028614
6.056667	0.200	-0.013079
6.060000	0.200	0.004952
6.063333	0.200	0.025244
6.066667	0.200	0.046787
6.070000	0.200	0.067888
6.073333	0.200	0.086497
6.076667	0.200	0.100852
6.080000	0.200	0.110133
6.083333	0.200	0.114513
6.086667	0.200	0.114608
6.090000	0.200	0.111067
6.093333	0.200	0.104594
6.096667	0.200	0.095943
6.100000	0.200	0.085777
6.103333	0.200	0.074813
6.106667	0.200	0.064157
6.110000	0.200	0.055249
6.113333	0.200	0.048912
6.116667	0.200	0.044690
6.120000	0.200	0.041781
6.123333	0.200	0.040092
6.126667	0.200	0.040029
6.130000	0.200	0.041885
6.133333	0.200	0.045361
6.136667	0.200	0.049428
6.140000	0.200	0.052684
6.143333	0.200	0.053866
6.146667	0.200	0.052533
6.150000	0.200	0.049179
6.153333	0.200	0.044473
6.156667	0.200	0.039116
6.160000	0.200	0.034256
6.163333	0.200	0.031013
6.166667	0.200	0.029666
6.170000	0.200	0.029571
6.173333	0.200	0.029542
6.176667	0.200	0.028379
6.180000	0.200	0.025331
6.183333	0.200	0.020251
6.186667	0.200	0.013412
6.190000	0.200	0.005309
6.193333	0.200	-0.003424
6.196667	0.200	-0.012043
6.200000	0.200	-0.019826
6.203333	0.200	-0.026269
6.206667	0.200	-0.031107
6.210000	0.200	-0.034306
6.213333	0.200	-0.036337
6.216667	0.200	-0.038278
6.220000	0.200	-0.041250
6.223333	0.200	-0.045864
6.226667	0.200	-0.052313
6.230000	0.200	-0.060402
6.233333	0.200	-0.069308
6.236667	0.200	-0.077685
6.240000	0.200	-0.084172
6.243333	0.200	-0.087821
6.246667	0.200	-0.088255
6.250000	0.200	-0.085900
6.253333	0.200	-0.082110
6.256667	0.200	-0.078387
6.260000	0.200	-0.075454
6.263333	0.200	-0.073222
6.266667	0.200	-0.071245
6.270000	0.200	-0.069506
6.273333	0.200	-0.069027
6.276667	0.200	-0.070890
6.280000	0.200	-0.074743
6.283333	0.200	-0.079138
6.286667	0.200	-0.083130
6.290000	0.200	-0.086606
6.293333	0.200	-0.089389
6.296667	0.200	-0.090954
6.300000	0.200	-0.090906
6.303333	0.200	-0.089663
6.306667	0.200	-0.088460
6.310000	0.200	-0.088016
6.313333	0.200	-0.087597
6.316667	0.200	-0.085915
6.320000	0.200	-0.082512
6.323333	0.200	-0.078070
6.326667	0.200	-0.073801
6.330000	0.200	-0.070576
6.333333	0.200	-0.068485
6.336667	0.200	-0.067270
6.340000	0.200	-0.066656
6.343333	0.200	-0.066164
6.346667	0.200	-0.065282
6.350000	0.200	-0.063992
6.353333	0.200	-0.062935
6.356667	0.200	-0.062870
6.360000	0.200	-0.063942
6.363333	0.200	-0.065692
6.366667	0.200	-0.067678
6.370000	0.200	-0.069707
6.373333	0.200	-0.071718
6.376667	0.200	-0.073712
6.380000	0.200	-0.075487
6.383333	0.200	-0.076625
6.386667	0.200	-0.076935
6.390000	0.200	-0.076702
6.393333	0.200	-0.076525
6.396667	0.200	-0.076585
6.400000	0.200	-0.076116
6.403333	0.200	-0.074279
6.406667	0.200	-0.071220
6.410000	0.200	-0.067588
6.413333	0.200	-0.063372
6.416667	0.200	-0.057650
6.420000	0.200	-0.049372
6.423333	0.200	-0.038309
6.426667	0.200	-0.024841
6.430000	0.200	-0.008774
6.433333	0.200	0.010815
6.436667	0.200	0.034214
6.440000	0.200	0.060281
6.443333	0.200	0.087199
6.446667	0.200	0.113378
6.450000	0.200	0.137535
6.453333	0.200	0.158426
6.456667	0.200	0.174770
6.460000	0.200	0.185307
6.463333	0.200	0.188898
6.466667	0.200	0.184628
6.470000	0.200	0.172166
6.473333	0.200	0.152540
6.476667	0.200	0.128175
6.480000	0.200	0.101836
6.483333	0.200	0.075710
6.486667	0.200	0.050915
6.490000	0.200	0.027597
6.493333	0.200	0.005859
6.496667	0.200	-0.013630
6.500000	0.200	-0.030058
6.503333	0.200	-0.043288
6.506667	0.200	-0.053954
6.510000	0.200	-0.062713
6.513333	0.200	-0.069866
6.516667	0.200	-0.075851
6.520000	0.200	-0.081354
6.523333	0.200	-0.086613
6.526667	0.200	-0.091221
6.530000	0.200	-0.094934
6.533333	0.200	-0.098148
6.536667	0.200	-0.101325
6.540000	0.200	-0.104366
6.543333	0.200	-0.106907
6.546667	0.200	-0.108942
6.550000	0.200	-0.110767
6.553333	0.200	-0.112531
6.556667	0.200	-0.114256
6.560000	0.200	-0.116025
6.563333	0.200	-0.117621
6.566667	0.200	-0.118489
6.570000	0.200	-0.118360
6.573333	0.200	-0.117484
6.576667	0.200	-0.116430
6.580000	0.200	-0.115812
6.583333	0.200	-0.115975
6.586667	0.200	-0.117025
6.590000	0.200	-0.118841
6.593333	0.200	-0.120778
6.596667	0.200	-0.121834
6.600000	0.200	-0.121371
6.603333	0.200	-0.119743
6.606667	0.200	-0.118147
6.610000	0.200	-0.117655
6.613333	0.200	-0.118449
6.616667	0.200	-0.119941
6.620000	0.200	-0.121349
6.623333	0.200	-0.122077
6.626667	0.200	-0.121741
6.630000	0.200	-0.120245
6.633333	0.200	-0.118032
6.636667	0.200	-0.115785
6.640000	0.200	-0.113699
6.643333	0.200	-0.111672
6.646667	0.200	-0.109997
6.650000	0.200	-0.108978
6.653333	0.200	-0.108225
6.656667	0.200	-0.107124
6.660000	0.200	-0.105497
6.663333	0.200	-0.103474
6.666667	0.200	-0.101419
6.670000	0.200	-0.099779
6.673333	0.200	-0.098426
6.676667	0.200	-0.096850
6.680000	0.200	-0.095165
6.683333	0.200	-0.094142
6.686667	0.200	-0.094217
6.690000	0.200	-0.094964
6.693333	0.200	-0.095756
6.696667	0.200	-0.096387
6.700000	0.200	-0.096747
6.703333	0.200	-0.096729
6.706667	0.200	-0.096701
6.710000	0.200	-0.097453
6.713333	0.200	-0.099392
6.716667	0.200	-0.102069
6.720000	0.200	-0.104582
6.723333	0.200	-0.106025
6.726667	0.200	-0.105914
6.730000	0.200	-0.104674
6.733333	0.200	-0.103241
6.736667	0.200	-0.101900
6.740000	0.200	-0.099864
6.743333	0.200	-0.096171
6.746667	0.200	-0.090845
6.750000	0.200	-0.085022
6.753333	0.200	-0.079891
6.756667	0.200	-0.075587
6.760000	0.200	-0.071337
6.763333	0.200	-0.066671
6.766667	0.200	-0.062036
6.770000	0.200	-0.058361
6.773333	0.200	-0.056549
6.776667	0.200	-0.057350
6.780000	0.200	-0.061131
6.783333	0.200	-0.067207
6.786667	0.200	-0.073776
6.790000	0.200	-0.079292
6.793333	0.200	-0.083738
6.796667	0.200	-0.088009
6.800000	0.200	-0.092258
6.803333	0.200	-0.095504
6.806667	0.200	-0.096796
6.810000	0.200	-0.096097
6.813333	0.200	-0.094157
6.816667	0.200	-0.092046
6.820000	0.200	-0.090713
6.823333	0.200	-0.090670
6.826667	0.200	-0.091677
6.830000	0.200	-0.092830
6.833333	0.200	-0.093536
6.836667	0.200	-0.094168
6.840000	0.200	-0.095308
6.843333	0.200	-0.096770
6.846667	0.200	-0.097788
6.850000	0.200	-0.098052
6.853333	0.200	-0.098173
6.856667	0.200	-0.098937
6.860000	0.200	-0.100443
6.863333	0.200	-0.102186
6.866667	0.200	-0.103688
6.870000	0.200	-0.104758
6.873333	0.200	-0.105040
6.876667	0.200	-0.103465
6.880000	0.200	-0.098221
6.883333	0.200	-0.086639
6.886667	0.200	-0.064213
6.890000	0.200	-0.022917
6.893333	0.200	0.051147
6.896667	0.200	0.180763
6.900000	0.200	0.400603
6.903333	0.200	0.760191
6.906667	0.200	1.327381
6.910000	0.200	2.191280
6.913333	0.200	3.462245
6.916667	0.200	5.268081
6.920000	0.200	7.745946
6.923333	0.200	11.028738
6.926667	0.200	15.226892
6.930000	0.200	20.408162
6.933333	0.200	26.576464
6.936667	0.200	33.652005
6.940000	0.200	41.458564
6.943333	0.200	49.722470
6.946667	0.200	58.083861
6.950000	0.200	66.120680
6.953333	0.200	73.385724
6.956667	0.200	79.451852
6.960000	0.200	83.956231
6.963333	0.200	86.637082
6.966667	0.200	87.359938
6.970000	0.200	86.130230
6.973333	0.200	83.088849
6.976667	0.200	78.491166
6.980000	0.200	72.674613
6.983333	0.200	66.020583
6.986667	0.200	58.915480
6.990000	0.200	51.715992
6.993333	0.200	44.723281
6.996667	0.200	38.167960
7.000000	0.200	32.205424
7.003333	0.200	26.920293
7.006667	0.200	22.337402
7.010000	0.200	18.435692
7.013333	0.200	15.162462
7.016667	0.200	12.447141
7.020000	0.200	10.212754
7.023333	0.200	8.383311
7.026667	0.200	6.888314
7.030000	0.200	5.665771
7.033333	0.200	4.663562
7.036667	0.200	3.839508
7.040000	0.200	3.160253
7.043333	0.200	2.599147
7.046667	0.200	2.134899
7.050000	0.200	1.750973
7.053333	0.200	1.434250
7.056667	0.200	1.173724
7.060000	0.200	0.960098
7.063333	0.200	0.785437
7.066667	0.200	0.642822
7.070000	0.200	0.526539
7.073333	0.200	0.432156
7.076667	0.200	0.355798
7.080000	0.200	0.293400
7.083333	0.200	0.240956
7.086667	0.200	0.195597
7.090000	0.200	0.156302
7.093333	0.200	0.123290
7.096667	0.200	0.096733
7.100000	0.200	0.075917
7.103333	0.200	0.059313
7.106667	0.200	0.045260
7.110000	0.200	0.032634
7.113333	0.200	0.021304
7.116667	0.200	0.011863
7.120000	0.200	0.004483
7.123333	0.200	-0.001498
7.126667	0.200	-0.006871
7.130000	0.200	-0.011966
7.133333	0.200	-0.016699
7.136667	0.200	-0.021030
7.140000	0.200	-0.025155
7.143333	0.200	-0.029361
7.146667	0.200	-0.033872
7.150000	0.200	-0.038637
7.153333	0.200	-0.043393
7.156667	0.200	-0.047971
7.160000	0.200	-0.052384
7.163333	0.200	-0.056628
7.166667	0.200	-0.060525
7.170000	0.200	-0.063857
7.173333	0.200	-0.066524
7.176667	0.200	-0.068528
7.180000	0.200	-0.069927
7.183333	0.200	-0.071080
7.186667	0.200	-0.072921
7.190000	0.200	-0.076326
7.193333	0.200	-0.081266
7.196667	0.200	-0.087096
7.200000	0.200	-0.093025
7.203333	0.200	-0.098094
7.206667	0.200	-0.101583
7.210000	0.200	-0.103519
7.213333	0.200	-0.104364
7.216667	0.200	-0.104471
7.220000	0.200	-0.103928
7.223333	0.200	-0.102597
7.226667	0.200	-0.100245
7.230000	0.200	-0.096339
7.233333	0.200	-0.089575
7.236667	0.200	-0.077898
7.240000	0.200	-0.058768
7.243333	0.200	-0.029264
7.246667	0.200	0.013499
7.250000	0.200	0.071685
7.253333	0.200	0.146722
7.256667	0.200	0.240263
7.260000	0.200	0.354740
7.263333	0.200	0.492528
7.266667	0.200	0.654627
7.270000	0.200	0.839948
7.273333	0.200	1.045001
7.276667	0.200	1.263518
7.280000	0.200	1.486655
7.283333	0.200	1.704423
7.286667	0.200	1.907298
7.290000	0.200	2.086588
7.293333	0.200	2.233886
7.296667	0.200	2.341238
7.300000	0.200	2.402578
7.303333	0.200	2.415119
7.306667	0.200	2.379563
7.310000	0.200	2.299548
7.313333	0.200	2.181104
7.316667	0.200	2.032014
7.320000	0.200	1.860646
7.323333	0.200	1.674727
7.326667	0.200	1.481464
7.330000	0.200	1.288121
7.333333	0.200	1.101321
7.336667	0.200	0.926196
7.340000	0.200	0.766508
7.343333	0.200	0.624664
7.346667	0.200	0.501431
7.350000	0.200	0.396109
7.353333	0.200	0.306986
7.356667	0.200	0.231776
7.360000	0.200	0.168230
7.363333	0.200	0.114588
7.366667	0.200	0.069450
7.370000	0.200	0.031709
7.373333	0.200	0.000713
7.376667	0.200	-0.023964
7.380000	0.200	-0.042927
7.383333	0.200	-0.056856
7.386667	0.200	-0.066278
7.390000	0.200	-0.071616
7.393333	0.200	-0.073155
7.396667	0.200	-0.071226
7.400000	0.200	-0.066547
7.403333	0.200	-0.059698
7.406667	0.200	-0.050464
7.410000	0.200	-0.038341
7.413333	0.200	-0.023468
7.416667	0.200	-0.006934
7.420000	0.200	0.009498
7.423333	0.200	0.023961
7.426667	0.200	0.035082
7.430000	0.200	0.042416
7.433333	0.200	0.046450
7.436667	0.200	0.047716
7.440000	0.200	0.046017
7.443333	0.200	0.040820
7.446667	0.200	0.031817
7.450000	0.200	0.019160
7.453333	0.200	0.003966
7.456667	0.200	-0.011740
7.460000	0.200	-0.026456
7.463333	0.200	-0.040251
7.466667	0.200	-0.053967
7.470000	0.200	-0.067810
7.473333	0.200	-0.081069
7.476667	0.200	-0.092937
7.480000	0.200	-0.103174
7.483333	0.200	-0.111810
7.486667	0.200	-0.118715
7.490000	0.200	-0.123846
7.493333	0.200	-0.127602
7.496667	0.200	-0.130888
7.500000	0.200	-0.134610
7.503333	0.200	-0.138953
7.506667	0.200	-0.143505
7.510000	0.200	-0.147704
7.513333	0.200	-0.150962
7.516667	0.200	-0.152909
7.520000	0.200	-0.153440
7.523333	0.200	-0.152496
7.526667	0.200	-0.150250
7.530000	0.200	-0.147180
7.533333	0.200	-0.143730
7.536667	0.200	-0.140146
7.540000	0.200	-0.136523
7.543333	0.200	-0.132906
7.546667	0.200	-0.129503
7.550000	0.200	-0.126709
7.553333	0.200	-0.124726
7.556667	0.200	-0.123418
7.560000	0.200	-0.122671
7.563333	0.200	-0.122487
7.566667	0.200	-0.122535
7.570000	0.200	-0.121752
7.573333	0.200	-0.119003
7.576667	0.200	-0.114533
7.580000	0.200	-0.110006
7.583333	0.200	-0.106726
7.586667	0.200	-0.104743
7.590000	0.200	-0.103718
7.593333	0.200	-0.103536
7.596667	0.200	-0.104120
7.600000	0.200	-0.105301
7.603333	0.200	-0.106721
7.606667	0.200	-0.107873
7.610000	0.200	-0.108575
7.613333	0.200	-0.109219
7.616667	0.200	-0.110277
7.620000	0.200	-0.111686
7.623333	0.200	-0.113125
7.626667	0.200	-0.114812
7.630000	0.200	-0.117336
7.633333	0.200	-0.120677
7.636667	0.200	-0.124247
7.640000	0.200	-0.127684
7.643333	0.200	-0.130872
7.646667	0.200	-0.133755
7.650000	0.200	-0.136761
7.653333	0.200	-0.140822
7.656667	0.200	-0.146310
7.660000	0.200	-0.152353
7.663333	0.200	-0.157568
7.666667	0.200	-0.161068
7.670000	0.200	-0.162951
7.673333	0.200	-0.164140
7.676667	0.200	-0.165548
7.680000	0.200	-0.167421
7.683333	0.200	-0.169603
7.686667	0.200	-0.172162
7.690000	0.200	-0.175386
7.693333	0.200	-0.179201
7.696667	0.200	-0.182943
7.700000	0.200	-0.185705
7.703333	0.200	-0.186802
7.706667	0.200	-0.186178
7.710000	0.200	-0.184023
7.713333	0.200	-0.179553
7.716667	0.200	-0.170184
7.720000	0.200	-0.151233
7.723333	0.200	-0.115451
7.726667	0.200	-0.051671
7.730000	0.200	0.057371
7.733333	0.200	0.236363
7.736667	0.200	0.516845
7.740000	0.200	0.935252
7.743333	0.200	1.529239
7.746667	0.200	2.331638
7.750000	0.200	3.363252
7.753333	0.200	4.625302
7.756667	0.200	6.091714
7.760000	0.200	7.704425
7.763333	0.200	9.375216
7.766667	0.200	10.993339
7.770000	0.200	12.437030
7.773333	0.200	13.588466
7.776667	0.200	14.350303
7.780000	0.200	14.660011
7.783333	0.200	14.499241
7.786667	0.200	13.896469
7.790000	0.200	12.921451
7.793333	0.200	11.672783
7.796667	0.200	10.262135
7.800000	0.200	8.798235
7.803333	0.200	7.373565
7.806667	0.200	6.056493
7.810000	0.200	4.889527
7.813333	0.200	3.891751
7.816667	0.200	3.063237
7.820000	0.200	2.390665
7.823333	0.200	1.853339
7.826667	0.200	1.427928
7.830000	0.200	1.091786
7.833333	0.200	0.825416
7.836667	0.200	0.613550
7.840000	0.200	0.444745
7.843333	0.200	0.310434
7.846667	0.200	0.204152
7.850000	0.200	0.121062
7.853333	0.200	0.057096
7.856667	0.200	0.008055
7.860000	0.200	-0.030122
7.863333	0.200	-0.060299
7.866667	0.200	-0.083944
7.870000	0.200	-0.102127
7.873333	0.200	-0.116136
7.876667	0.200	-0.126991
7.880000	0.200	-0.135248
7.883333	0.200	-0.141577
7.886667	0.200	-0.146911
7.890000	0.200	-0.151520
7.893333	0.200	-0.154557
7.896667	0.200	-0.155432
7.900000	0.200	-0.155098
7.903333	0.200	-0.155212
7.906667	0.200	-0.156772
7.910000	0.200	-0.159918
7.913333	0.200	-0.164168
7.916667	0.200	-0.168571
7.920000	0.200	-0.172207
7.923333	0.200	-0.174719
7.926667	0.200	-0.176193
7.930000	0.200	-0.176854
7.933333	0.200	-0.177097
7.936667	0.200	-0.177419
7.940000	0.200	-0.178121
7.943333	0.200	-0.179248
7.946667	0.200	-0.180705
7.950000	0.200	-0.182233
7.953333	0.200	-0.183629
7.956667	0.200	-0.184995
7.960000	0.200	-0.186435
7.963333	0.200	-0.187765
7.966667	0.200	-0.188665
7.970000	0.200	-0.188929
7.973333	0.200	-0.188640
7.976667	0.200	-0.188182
7.980000	0.200	-0.187817
7.983333	0.200	-0.187087
7.986667	0.200	-0.185051
7.990000	0.200	-0.181051
7.993333	0.200	-0.174425
7.996667	0.200	-0.163611
8.000000	0.200	-0.146366
8.003333	0.200	-0.120763
8.006667	0.200	-0.085591
8.010000	0.200	-0.040380
8.013333	0.200	0.013926
8.016667	0.200	0.074166
8.020000	0.200	0.135476
8.023333	0.200	0.192725
8.026667	0.200	0.241383
8.030000	0.200	0.277573
8.033333	0.200	0.298256
8.036667	0.200	0.301788
8.040000	0.200	0.288186
8.043333	0.200	0.259200
8.046667	0.200	0.218427
8.050000	0.200	0.170768
8.053333	0.200	0.121030
8.056667	0.200	0.072646
8.060000	0.200	0.027421
8.063333	0.200	-0.013885
8.066667	0.200	-0.050990
8.070000	0.200	-0.083706
8.073333	0.200	-0.111665
8.076667	0.200	-0.134365
8.080000	0.200	-0.151504
8.083333	0.200	-0.163607
8.086667	0.200	-0.172213
8.090000	0.200	-0.178916
8.093333	0.200	-0.184528
8.096667	0.200	-0.189294
8.100000	0.200	-0.193131
8.103333	0.200	-0.195582
8.106667	0.200	-0.196178
8.110000	0.200	-0.195241
8.113333	0.200	-0.194267
8.116667	0.200	-0.194889
8.120000	0.200	-0.197418
8.123333	0.200	-0.201053
8.126667	0.200	-0.205060
8.130000	0.200	-0.208737
8.133333	0.200	-0.211045
8.136667	0.200	-0.211570
8.140000	0.200	-0.211360
8.143333	0.200	-0.211997
8.146667	0.200	-0.214117
8.150000	0.200	-0.216899
8.153333	0.200	-0.218839
8.156667	0.200	-0.219266
8.160000	0.200	-0.219054
8.163333	0.200	-0.219448
8.166667	0.200	-0.220483
8.170000	0.200	-0.221291
8.173333	0.200	-0.221529
8.176667	0.200	-0.221527
8.180000	0.200	-0.221522
8.183333	0.200	-0.221459
8.186667	0.200	-0.221344
8.190000	0.200	-0.221439
8.193333	0.200	-0.221910
8.196667	0.200	-0.222441
8.200000	0.200	-0.222396
8.203333	0.200	-0.221312
8.206667	0.200	-0.219332
8.210000	0.200	-0.217117
8.213333	0.200	-0.215100
8.216667	0.200	-0.213179
8.220000	0.200	-0.211239
8.223333	0.200	-0.209384
8.226667	0.200	-0.207806
8.230000	0.200	-0.206837
8.233333	0.200	-0.206907
8.236667	0.200	-0.208124
8.240000	0.200	-0.209921
8.243333	0.200	-0.211501
8.246667	0.200	-0.212575
8.250000	0.200	-0.213373
8.253333	0.200	-0.214274
8.256667	0.200	-0.215565
8.260000	0.200	-0.217183
8.263333	0.200	-0.218722
8.266667	0.200	-0.219996
8.270000	0.200	-0.221332
8.273333	0.200	-0.222952
8.276667	0.200	-0.224536
8.280000	0.200	-0.225571
8.283333	0.200	-0.225730
8.286667	0.200	-0.224865
8.290000	0.200	-0.223055
8.293333	0.200	-0.220958
8.296667	0.200	-0.219639
8.300000	0.200	-0.219712
8.303333	0.200	-0.220906
8.306667	0.200	-0.222333
8.310000	0.200	-0.223177
8.313333	0.200	-0.223208
8.316667	0.200	-0.222474
8.320000	0.200	-0.220767
8.323333	0.200	-0.217730
8.326667	0.200	-0.213182
8.330000	0.200	-0.206974
8.333333	0.200	-0.198868
8.336667	0.200	-0.189085
8.340000	0.200	-0.178893
8.343333	0.200	-0.170245
8.346667	0.200	-0.164765
8.350000	0.200	-0.163060
8.353333	0.200	-0.164630
8.356667	0.200	-0.168271
8.360000	0.200	-0.172843
8.363333	0.200	-0.177796
8.366667	0.200	-0.182917
8.370000	0.200	-0.188102
8.373333	0.200	-0.193187
8.376667	0.200	-0.197049
8.380000	0.200	-0.197511
8.383333	0.200	-0.193157
8.386667	0.200	-0.184800
8.390000	0.200	-0.175185
8.393333	0.200	-0.167611
8.396667	0.200	-0.164233
8.400000	0.200	-0.165223
8.403333	0.200	-0.169424
8.406667	0.200	-0.175585
8.410000	0.200	-0.183073
8.413333	0.200	-0.191615
8.416667	0.200	-0.200722
8.420000	0.200	-0.209920
8.423333	0.200	-0.219234
8.426667	0.200	-0.228595
8.430000	0.200	-0.237036
8.433333	0.200	-0.243273
8.436667	0.200	-0.246772
8.440000	0.200	-0.247908
8.443333	0.200	-0.247545
8.446667	0.200	-0.246764
8.450000	0.200	-0.246537
8.453333	0.200	-0.247220
8.456667	0.200	-0.248495
8.460000	0.200	-0.249921
8.463333	0.200	-0.251296
8.466667	0.200	-0.252672
8.470000	0.200	-0.254293
8.473333	0.200	-0.256316
8.476667	0.200	-0.258448
8.480000	0.200	-0.259992
8.483333	0.200	-0.260416
8.486667	0.200	-0.259876
8.490000	0.200	-0.258847
8.493333	0.200	-0.257677
8.496667	0.200	-0.256979
8.500000	0.200	-0.257529
8.503333	0.200	-0.259356
8.506667	0.200	-0.261758
8.510000	0.200	-0.264009
8.513333	0.200	-0.265459
8.516667	0.200	-0.265587
8.520000	0.200	-0.264402
8.523333	0.200	-0.262334
8.526667	0.200	-0.259825
8.530000	0.200	-0.257315
8.533333	0.200	-0.255241
8.536667	0.200	-0.253713
8.540000	0.200	-0.252290
8.543333	0.200	-0.250149
8.546667	0.200	-0.246643
8.550000	0.200	-0.241918
8.553333	0.200	-0.236753
8.556667	0.200	-0.231651
8.560000	0.200	-0.226348
8.563333	0.200	-0.220382
8.566667	0.200	-0.214172
8.570000	0.200	-0.209272
8.573333	0.200	-0.207262
8.576667	0.200	-0.208385
8.580000	0.200	-0.211410
8.583333	0.200	-0.214728
8.586667	0.200	-0.217238
8.590000	0.200	-0.218386
8.593333	0.200	-0.218194
8.596667	0.200	-0.217288
8.600000	0.200	-0.216485
8.603333	0.200	-0.216598
8.606667	0.200	-0.218374
8.610000	0.200	-0.221975
8.613333	0.200	-0.226711
8.616667	0.200	-0.231648
8.620000	0.200	-0.236264
8.623333	0.200	-0.240577
8.626667	0.200	-0.245027
8.630000	0.200	-0.249730
8.633333	0.200	-0.253801
8.636667	0.200	-0.256212
8.640000	0.200	-0.257333
8.643333	0.200	-0.258882
8.646667	0.200	-0.262040
8.650000	0.200	-0.266277
8.653333	0.200	-0.270299
8.656667	0.200	-0.273224
8.660000	0.200	-0.274842
8.663333	0.200	-0.275194
8.666667	0.200	-0.273878
8.670000	0.200	-0.270434
8.673333	0.200	-0.265474
8.676667	0.200	-0.260494
8.680000	0.200	-0.256951
8.683333	0.200	-0.256186
8.686667	0.200	-0.259169
8.690000	0.200	-0.265501
8.693333	0.200	-0.273303
8.696667	0.200	-0.280549
8.700000	0.200	-0.286173
8.703333	0.200	-0.289892
8.706667	0.200	-0.291737
8.710000	0.200	-0.292095
8.713333	0.200	-0.291731
8.716667	0.200	-0.291455
8.720000	0.200	-0.291734
8.723333	0.200	-0.292447
8.726667	0.200	-0.293228
8.730000	0.200	-0.293947
8.733333	0.200	-0.294668
8.736667	0.200	-0.295505
8.740000	0.200	-0.296637
8.743333	0.200	-0.298141
8.746667	0.200	-0.299854
8.750000	0.200	-0.301392
8.753333	0.200	-0.302203
8.756667	0.200	-0.302046
8.760000	0.200	-0.301508
8.763333	0.200	-0.301653
8.766667	0.200	-0.303260
8.770000	0.200	-0.306271
8.773333	0.200	-0.309537
8.776667	0.200	-0.311495
8.780000	0.200	-0.311319
8.783333	0.200	-0.309304
8.786667	0.200	-0.306412
8.790000	0.200	-0.303639
8.793333	0.200	-0.301735
8.796667	0.200	-0.301256
8.800000	0.200	-0.302448
8.803333	0.200	-0.305091
8.806667	0.200	-0.308724
8.810000	0.200	-0.312901
8.813333	0.200	-0.317157
8.816667	0.200	-0.321011
8.820000	0.200	-0.324166
8.823333	0.200	-0.326577
8.826667	0.200	-0.328129
8.830000	0.200	-0.328384
8.833333	0.200	-0.327185
8.836667	0.200	-0.325412
8.840000	0.200	-0.324313
8.843333	0.200	-0.324285
8.846667	0.200	-0.324973
8.850000	0.200	-0.326214
8.853333	0.200	-0.328279
8.856667	0.200	-0.331364
8.860000	0.200	-0.335360
8.863333	0.200	-0.340028
8.866667	0.200	-0.344907
8.870000	0.200	-0.349289
8.873333	0.200	-0.352627
8.876667	0.200	-0.354744
8.880000	0.200	-0.355722
8.883333	0.200	-0.355933
8.886667	0.200	-0.356085
8.890000	0.200	-0.357247
8.893333	0.200	-0.360701
8.896667	0.200	-0.367124
8.900000	0.200	-0.375800
8.903333	0.200	-0.385030
8.906667	0.200	-0.393139
8.910000	0.200	-0.399016
8.913333	0.200	-0.402211
8.916667	0.200	-0.402565
8.920000	0.200	-0.399660
8.923333	0.200	-0.392750
8.926667	0.200	-0.380701
8.930000	0.200	-0.361915
8.933333	0.200	-0.335167
8.936667	0.200	-0.300793
8.940000	0.200	-0.260803
8.943333	0.200	-0.218283
8.946667	0.200	-0.177052
8.950000	0.200	-0.141395
8.953333	0.200	-0.115354
8.956667	0.200	-0.101835
8.960000	0.200	-0.102037
8.963333	0.200	-0.115059
8.966667	0.200	-0.137643
8.970000	0.200	-0.164988
8.973333	0.200	-0.192478
8.976667	0.200	-0.216800
8.980000	0.200	-0.236178
8.983333	0.200	-0.250460
8.986667	0.200	-0.260731
8.990000	0.200	-0.268602
8.993333	0.200	-0.275871
8.996667	0.200	-0.284092
9.000000	0.200	-0.293870
9.003333	0.200	-0.304960
9.006667	0.200	-0.317157
9.010000	0.200	-0.330313
9.013333	0.200	-0.343674
9.016667	0.200	-0.356031
9.020000	0.200	-0.366464
9.023333	0.200	-0.374977
9.026667	0.200	-0.382517
9.030000	0.200	-0.390166
9.033333	0.200	-0.398339
9.036667	0.200	-0.406863
9.040000	0.200	-0.415525
9.043333	0.200	-0.424069
9.046667	0.200	-0.431913
9.050000	0.200	-0.438488
9.053333	0.200	-0.443673
9.056667	0.200	-0.447362
9.060000	0.200	-0.448990
9.063333	0.200	-0.448188
9.066667	0.200	-0.445629
9.070000	0.200	-0.442818
9.073333	0.200	-0.441194
9.076667	0.200	-0.441358
9.080000	0.200	-0.442915
9.083333	0.200	-0.444836
9.086667	0.200	-0.446054
9.090000	0.200	-0.446121
9.093333	0.200	-0.445357
9.096667	0.200	-0.444176
9.100000	0.200	-0.442672
9.103333	0.200	-0.441131
9.106667	0.200	-0.440154
9.110000	0.200	-0.440017
9.113333	0.200	-0.440674
9.116667	0.200	-0.442435
9.120000	0.200	-0.445895
9.123333	0.200	-0.451123
9.126667	0.200	-0.457346
9.130000	0.200	-0.463303
9.133333	0.200	-0.467613
9.136667	0.200	-0.469195
9.140000	0.200	-0.467882
9.143333	0.200	-0.464702
9.146667	0.200	-0.461309
9.150000	0.200	-0.459088
9.153333	0.200	-0.458581
9.156667	0.200	-0.459328
9.160000	0.200	-0.460300
9.163333	0.200	-0.460785
9.166667	0.200	-0.460936
9.170000	0.200	-0.461490
9.173333	0.200	-0.462821
9.176667	0.200	-0.464358
9.180000	0.200	-0.465120
9.183333	0.200	-0.464460
9.186667	0.200	-0.462299
9.190000	0.200	-0.459126
9.193333	0.200	-0.455788
9.196667	0.200	-0.453135
9.200000	0.200	-0.451864
9.203333	0.200	-0.452380
9.206667	0.200	-0.454300
9.210000	0.200	-0.456138
9.213333	0.200	-0.455886
9.216667	0.200	-0.452217
9.220000	0.200	-0.445211
9.223333	0.200	-0.435850
9.226667	0.200	-0.425288
9.230000	0.200	-0.414829
9.233333	0.200	-0.405744
9.236667	0.200	-0.398853
9.240000	0.200	-0.394361
9.243333	0.200	-0.391882
9.246667	0.200	-0.390971
9.250000	0.200	-0.391803
9.253333	0.200	-0.394901
9.256667	0.200	-0.400154
9.260000	0.200	-0.406490
9.263333	0.200	-0.412662
9.266667	0.200	-0.417989
9.270000	0.200	-0.422223
9.273333	0.200	-0.425274
9.276667	0.200	-0.427254
9.280000	0.200	-0.428361
9.283333	0.200	-0.428748
9.286667	0.200	-0.428720
9.290000	0.200	-0.428637
9.293333	0.200	-0.428364
9.296667	0.200	-0.427394
9.300000	0.200	-0.425586
9.303333	0.200	-0.423409
9.306667	0.200	-0.421821
9.310000	0.200	-0.422050
9.313333	0.200	-0.424703
9.316667	0.200	-0.428932
9.320000	0.200	-0.433034
9.323333	0.200	-0.435651
9.326667	0.200	-0.436193
9.330000	0.200	-0.434718
9.333333	0.200	-0.431694
9.336667	0.200	-0.427817
9.340000	0.200	-0.424029
9.343333	0.200	-0.421316
9.346667	0.200	-0.419861
9.350000	0.200	-0.418930
9.353333	0.200	-0.418110
9.356667	0.200	-0.417831
9.360000	0.200	-0.418526
9.363333	0.200	-0.420058
9.366667	0.200	-0.421936
9.370000	0.200	-0.423626
9.373333	0.200	-0.424874
9.376667	0.200	-0.425987
9.380000	0.200	-0.427581
9.383333	0.200	-0.429829
9.386667	0.200	-0.432410
9.390000	0.200	-0.435191
9.393333	0.200	-0.438170
9.396667	0.200	-0.440618
9.400000	0.200	-0.440933
9.403333	0.200	-0.437963
9.406667	0.200	-0.432471
9.410000	0.200	-0.426880
9.413333	0.200	-0.423639
9.416667	0.200	-0.424024
9.420000	0.200	-0.427797
9.423333	0.200	-0.433430
9.426667	0.200	-0.438936
9.430000	0.200	-0.443029
9.433333	0.200	-0.445803
9.436667	0.200	-0.448250
9.440000	0.200	-0.450962
9.443333	0.200	-0.453518
9.446667	0.200	-0.455076
9.450000	0.200	-0.454890
9.453333	0.200	-0.452586
9.456667	0.200	-0.448881
9.460000	0.200	-0.445894
9.463333	0.200	-0.445765
9.466667	0.200	-0.448687
9.470000	0.200	-0.452707
9.473333	0.200	-0.455372
9.476667	0.200	-0.455233
9.480000	0.200	-0.452110
9.483333	0.200	-0.446537
9.486667	0.200	-0.439396
9.490000	0.200	-0.432330
9.493333	0.200	-0.427649
9.496667	0.200	-0.426663
9.500000	0.200	-0.428555
9.503333	0.200	-0.431560
9.506667	0.200	-0.434569
9.510000	0.200	-0.437443
9.513333	0.200	-0.440470
9.516667	0.200	-0.443736
9.520000	0.200	-0.447174
9.523333	0.200	-0.450995
9.526667	0.200	-0.455038
9.530000	0.200	-0.457815
9.533333	0.200	-0.457450
9.536667	0.200	-0.453851
9.540000	0.200	-0.449255
9.543333	0.200	-0.446441
9.546667	0.200	-0.446708
9.550000	0.200	-0.449470
9.553333	0.200	-0.452606
9.556667	0.200	-0.452882
9.560000	0.200	-0.447753
9.563333	0.200	-0.437778
9.566667	0.200	-0.426614
9.570000	0.200	-0.418408
9.573333	0.200	-0.415265
9.576667	0.200	-0.416650
9.580000	0.200	-0.420608
9.583333	0.200	-0.425357
9.586667	0.200	-0.429848
9.590000	0.200	-0.433696
9.593333	0.200	-0.437383
9.596667	0.200	-0.442048
9.600000	0.200	-0.448298
9.603333	0.200	-0.455334
9.606667	0.200	-0.461429
9.610000	0.200	-0.465031
9.613333	0.200	-0.465750
9.616667	0.200	-0.464710
9.620000	0.200	-0.463676
9.623333	0.200	-0.463644
9.626667	0.200	-0.464408
9.630000	0.200	-0.465147
9.633333	0.200	-0.464606
9.636667	0.200	-0.461220
9.640000	0.200	-0.454452
9.643333	0.200	-0.445945
9.646667	0.200	-0.438597
9.650000	0.200	-0.434536
9.653333	0.200	-0.434137
9.656667	0.200	-0.436475
9.660000	0.200	-0.440079
9.663333	0.200	-0.443727
9.666667	0.200	-0.447398
9.670000	0.200	-0.452213
9.673333	0.200	-0.458895
9.676667	0.200	-0.466773
9.680000	0.200	-0.474676
9.683333	0.200	-0.481743
9.686667	0.200	-0.487016
9.690000	0.200	-0.489628
9.693333	0.200	-0.489832
9.696667	0.200	-0.488935
9.700000	0.200	-0.488100
9.703333	0.200	-0.487650
9.706667	0.200	-0.487275
9.710000	0.200	-0.486414
9.713333	0.200	-0.484409
9.716667	0.200	-0.480672
9.720000	0.200	-0.475153
9.723333	0.200	-0.468767
9.726667	0.200	-0.463088
9.730000	0.200	-0.459388
9.733333	0.200	-0.458088
9.736667	0.200	-0.459256
9.740000	0.200	-0.463105
9.743333	0.200	-0.469546
9.746667	0.200	-0.477566
9.750000	0.200	-0.485601
9.753333	0.200	-0.492450
9.756667	0.200	-0.497397
9.760000	0.200	-0.499708
9.763333	0.200	-0.498867
9.766667	0.200	-0.495389
9.770000	0.200	-0.490753
9.773333	0.200	-0.486489
9.776667	0.200	-0.483809
9.780000	0.200	-0.483677
9.783333	0.200	-0.486476
9.786667	0.200	-0.491517
9.790000	0.200	-0.497045
9.793333	0.200	-0.500917
9.796667	0.200	-0.501559
9.800000	0.200	-0.498637
9.803333	0.200	-0.493210
9.806667	0.200	-0.487323
9.810000	0.200	-0.482921
9.813333	0.200	-0.480784
9.816667	0.200	-0.480611
9.820000	0.200	-0.481900
9.823333	0.200	-0.484387
9.826667	0.200	-0.488000
9.830000	0.200	-0.492665
9.833333	0.200	-0.497696
9.836667	0.200	-0.501468
9.840000	0.200	-0.502359
9.843333	0.200	-0.500167
9.846667	0.200	-0.496337
9.850000	0.200	-0.492967
9.853333	0.200	-0.491667
9.856667	0.200	-0.492518
9.860000	0.200	-0.494032
9.863333	0.200	-0.495037
9.866667	0.200	-0.496011
9.870000	0.200	-0.497926
9.873333	0.200	-0.500725
9.876667	0.200	-0.503172
9.880000	0.200	-0.503783
9.883333	0.200	-0.502206
9.886667	0.200	-0.499469
9.890000	0.200	-0.496605
9.893333	0.200	-0.493907
9.896667	0.200	-0.491621
9.900000	0.200	-0.490302
9.903333	0.200	-0.490389
9.906667	0.200	-0.491824
9.910000	0.200	-0.494041
9.913333	0.200	-0.496216
9.916667	0.200	-0.497586
9.920000	0.200	-0.497587
9.923333	0.200	-0.495982
9.926667	0.200	-0.493214
9.930000	0.200	-0.490287
9.933333	0.200	-0.488056
9.936667	0.200	-0.486960
9.940000	0.200	-0.487169
9.943333	0.200	-0.488861
9.946667	0.200	-0.492501
9.950000	0.200	-0.498406
9.953333	0.200	-0.505825
9.956667	0.200	-0.512877
9.960000	0.200	-0.517477
9.963333	0.200	-0.518215
9.966667	0.200	-0.514985
9.970000	0.200	-0.509285
9.973333	0.200	-0.503307
9.976667	0.200	-0.498492
9.980000	0.200	-0.495223
9.983333	0.200	-0.493532
9.986667	0.200	-0.493489
9.990000	0.200	-0.494786
9.993333	0.200	-0.496382
9.996667	0.200	-0.497035
10.000000	0.200	-0.496068
10.003333	0.200	-0.493671
10.006667	0.200	-0.490817
10.010000	0.200	-0.488590
10.013333	0.200	-0.487567
10.016667	0.200	-0.487965
10.020000	0.200	-0.489831
10.023333	0.200	-0.492963
10.026667	0.200	-0.497135
10.030000	0.200	-0.502011
10.033333	0.200	-0.506525
10.036667	0.200	-0.509306
10.040000	0.200	-0.509862
10.043333	0.200	-0.508712
10.046667	0.200	-0.506630
10.050000	0.200	-0.504008
10.053333	0.200	-0.500950
10.056667	0.200	-0.497912
10.060000	0.200	-0.495571
10.063333	0.200	-0.494082
10.066667	0.200	-0.493118
10.070000	0.200	-0.492419
10.073333	0.200	-0.491719
10.076667	0.200	-0.490615
10.080000	0.200	-0.489079
10.083333	0.200	-0.487743
10.086667	0.200	-0.487316
10.090000	0.200	-0.487859
10.093333	0.200	-0.488736
10.096667	0.200	-0.489107
10.100000	0.200	-0.488741
10.103333	0.200	-0.488678
10.106667	0.200	-0.490346
10.110000	0.200	-0.493583
10.113333	0.200	-0.496478
10.116667	0.200	-0.497351
10.120000	0.200	-0.496080
10.123333	0.200	-0.493649
10.126667	0.200	-0.491208
10.130000	0.200	-0.489523
10.133333	0.200	-0.488899
10.136667	0.200	-0.489387
10.140000	0.200	-0.490772
10.143333	0.200	-0.492162
10.146667	0.200	-0.492102
10.150000	0.200	-0.489419
10.153333	0.200	-0.483732
10.156667	0.200	-0.475724
10.160000	0.200	-0.467452
10.163333	0.200	-0.461686
10.166667	0.200	-0.460291
10.170000	0.200	-0.463169
10.173333	0.200	-0.468554
10.176667	0.200	-0.474132
10.180000	0.200	-0.478380
10.183333	0.200	-0.481273
10.186667	0.200	-0.483677
10.190000	0.200	-0.486147
10.193333	0.200	-0.488270
10.196667	0.200	-0.488957
10.200000	0.200	-0.487220
10.203333	0.200	-0.482817
10.206667	0.200	-0.476610
10.210000	0.200	-0.470227
10.213333	0.200	-0.465127
10.216667	0.200	-0.462110
10.220000	0.200	-0.461130
10.223333	0.200	-0.461056
10.226667	0.200	-0.460131
10.230000	0.200	-0.457047
10.233333	0.200	-0.451609
10.236667	0.200	-0.444716
10.240000	0.200	-0.438058
10.243333	0.200	-0.433614
10.246667	0.200	-0.432586
10.250000	0.200	-0.434528
10.253333	0.200	-0.438014
10.256667	0.200	-0.442146
10.260000	0.200	-0.446944
10.263333	0.200	-0.452347
10.266667	0.200	-0.457400
10.270000	0.200	-0.460929
10.273333	0.200	-0.462794
10.276667	0.200	-0.463826
10.280000	0.200	-0.464659
10.283333	0.200	-0.465385
10.286667	0.200	-0.466068
10.290000	0.200	-0.466709
10.293333	0.200	-0.467286
10.296667	0.200	-0.468259
10.300000	0.200	-0.470193
10.303333	0.200	-0.472818
10.306667	0.200	-0.474991
10.310000	0.200	-0.475521
10.313333	0.200	-0.474120
10.316667	0.200	-0.471681
10.320000	0.200	-0.469614
10.323333	0.200	-0.469093
10.326667	0.200	-0.470819
10.330000	0.200	-0.474691
10.333333	0.200	-0.479687
10.336667	0.200	-0.484536
10.340000	0.200	-0.488310
10.343333	0.200	-0.490656
10.346667	0.200	-0.491997
10.350000	0.200	-0.493017
10.353333	0.200	-0.493746
10.356667	0.200	-0.493713
10.360000	0.200	-0.492998
10.363333	0.200	-0.492684
10.366667	0.200	-0.493891
10.370000	0.200	-0.496602
10.373333	0.200	-0.499933
10.376667	0.200	-0.503255
10.380000	0.200	-0.506388
10.383333	0.200	-0.509018
10.386667	0.200	-0.510573
10.390000	0.200	-0.510766
10.393333	0.200	-0.510337
10.396667	0.200	-0.510869
10.400000	0.200	-0.513355
10.403333	0.200	-0.517454
10.406667	0.200	-0.522086
10.410000	0.200	-0.526201
10.413333	0.200	-0.529254
10.416667	0.200	-0.531225
10.420000	0.200	-0.532142
10.423333	0.200	-0.531941
10.426667	0.200	-0.530699
10.430000	0.200	-0.528629
10.433333	0.200	-0.526164
10.436667	0.200	-0.524014
10.440000	0.200	-0.522687
10.443333	0.200	-0.522430
10.446667	0.200	-0.523656
10.450000	0.200	-0.526557
10.453333	0.200	-0.530441
10.456667	0.200	-0.534013
10.460000	0.200	-0.536155
10.463333	0.200	-0.536328
10.466667	0.200	-0.534462
10.470000	0.200	-0.530893
10.473333	0.200	-0.526505
10.476667	0.200	-0.522607
10.480000	0.200	-0.520293
10.483333	0.200	-0.519970
10.486667	0.200	-0.521614
10.490000	0.200	-0.524891
10.493333	0.200	-0.528658
10.496667	0.200	-0.531187
10.500000	0.200	-0.531350
10.503333	0.200	-0.529344
10.506667	0.200	-0.526358
10.510000	0.200	-0.523912
10.513333	0.200	-0.523166
10.516667	0.200	-0.524172
10.520000	0.200	-0.525929
10.523333	0.200	-0.527386
10.526667	0.200	-0.528196
10.530000	0.200	-0.528742
10.533333	0.200	-0.529603
10.536667	0.200	-0.531005
10.540000	0.200	-0.532769
10.543333	0.200	-0.534107
10.546667	0.200	-0.533666
10.550000	0.200	-0.530776
10.553333	0.200	-0.526326
10.556667	0.200	-0.522060
10.560000	0.200	-0.519435
10.563333	0.200	-0.519027
10.566667	0.200	-0.520491
10.570000	0.200	-0.522733
10.573333	0.200	-0.524314
10.576667	0.200	-0.524194
10.580000	0.200	-0.522033
10.583333	0.200	-0.518127
10.586667	0.200	-0.513577
10.590000	0.200	-0.509807
10.593333	0.200	-0.507509
10.596667	0.200	-0.506349
10.600000	0.200	-0.505273
10.603333	0.200	-0.503195
10.606667	0.200	-0.500108
10.610000	0.200	-0.497247
10.613333	0.200	-0.495678
10.616667	0.200	-0.495102
10.620000	0.200	-0.494203
10.623333	0.200	-0.491799
10.626667	0.200	-0.487446
10.630000	0.200	-0.481330
10.633333	0.200	-0.474127
10.636667	0.200	-0.466732
10.640000	0.200	-0.459696
10.643333	0.200	-0.453020
10.646667	0.200	-0.446512
10.650000	0.200	-0.440349
10.653333	0.200	-0.435040
10.656667	0.200	-0.430487
10.660000	0.200	-0.425605
10.663333	0.200	-0.419228
10.666667	0.200	-0.411049
10.670000	0.200	-0.401501
10.673333	0.200	-0.390874
10.676667	0.200	-0.378836
10.680000	0.200	-0.364801
10.683333	0.200	-0.348241
10.686667	0.200	-0.328879
10.690000	0.200	-0.307214
10.693333	0.200	-0.284507
10.696667	0.200	-0.261923
10.700000	0.200	-0.240020
10.703333	0.200	-0.219195
10.706667	0.200	-0.200151
10.710000	0.200	-0.183805
10.713333	0.200	-0.170950
10.716667	0.200	-0.161697
10.720000	0.200	-0.155121
10.723333	0.200	-0.149944
10.726667	0.200	-0.145567
10.730000	0.200	-0.141912
10.733333	0.200	-0.138545
10.736667	0.200	-0.134807
10.740000	0.200	-0.130531
10.743333	0.200	-0.125904
10.746667	0.200	-0.120980
10.750000	0.200	-0.115798
10.753333	0.200	-0.110647
10.756667	0.200	-0.106023
10.760000	0.200	-0.102499
10.763333	0.200	-0.100478
10.766667	0.200	-0.099999
10.770000	0.200	-0.100558
10.773333	0.200	-0.101008
10.776667	0.200	-0.100249
10.780000	0.200	-0.098105
10.783333	0.200	-0.095286
10.786667	0.200	-0.092624
10.790000	0.200	-0.090489
10.793333	0.200	-0.088773
10.796667	0.200	-0.087153
10.800000	0.200	-0.085591
10.803333	0.200	-0.084545
10.806667	0.200	-0.084274
10.810000	0.200	-0.084203
10.813333	0.200	-0.083334
10.816667	0.200	-0.081248
10.820000	0.200	-0.078364
10.823333	0.200	-0.075178
10.826667	0.200	-0.071828
10.830000	0.200	-0.068282
10.833333	0.200	-0.064569
10.836667	0.200	-0.060966
10.840000	0.200	-0.057935
10.843333	0.200	-0.056003
10.846667	0.200	-0.055554
10.850000	0.200	-0.056079
10.853333	0.200	-0.056059
10.856667	0.200	-0.054415
10.860000	0.200	-0.051588
10.863333	0.200	-0.048649
10.866667	0.200	-0.046159
10.870000	0.200	-0.044301
10.873333	0.200	-0.043078
10.876667	0.200	-0.041979
10.880000	0.200	-0.040430
10.883333	0.200	-0.038733
10.886667	0.200	-0.037740
10.890000	0.200	-0.037610
10.893333	0.200	-0.037581
10.896667	0.200	-0.036763
10.900000	0.200	-0.034547
10.903333	0.200	-0.030589
10.906667	0.200	-0.025124
10.910000	0.200	-0.019006
10.913333	0.200	-0.013186
10.916667	0.200	-0.008304
10.920000	0.200	-0.004688
10.923333	0.200	-0.002360
10.926667	0.200	-0.000738
10.930000	0.200	0.001253
10.933333	0.200	0.004282
10.936667	0.200	0.008235
10.940000	0.200	0.012793
10.943333	0.200	0.017582
10.946667	0.200	0.022098
10.950000	0.200	0.026134
10.953333	0.200	0.029698
10.956667	0.200	0.032596
10.960000	0.200	0.034571
10.963333	0.200	0.035544
10.966667	0.200	0.035854
10.970000	0.200	0.036292
10.973333	0.200	0.037414
10.976667	0.200	0.039048
10.980000	0.200	0.040722
10.983333	0.200	0.042407
10.986667	0.200	0.044624
10.990000	0.200	0.047770
10.993333	0.200	0.051680
10.996667	0.200	0.055934
11.000000	0.200	0.060096
