File Path	chrom://nnfcb-l0286/ChromeleonLocal/metk/20171013_HMP_C61_metk.seq/708.smp/UV_VIS_2.channel/UV_VIS_2.chm
Channel	UV_VIS_2

Injection Information:
Data Vault	ChromeleonLocal
Injection	20171013_HMP_C61_ISO_P1_GA8
Injection Number	29
Position	GA8
Comment	
Processing Method	HMP New ProcMethod
Instrument Method	HM_metode_ZorBax_0,02%_Acetic_acid_ver6
Type	Unknown
Status	Finished
Injection Date	10/13/2017
Injection Time	7:50:01 PM
Injection Volume (µl)	1.000
Dilution Factor	1.0000
Weight	1.0000

Raw Data Information:
Time Min. (min)	0.000000
Time Max. (min)	11.000000
Data Points	3301
Detector	UV
Exporting Data System	Chromeleon 7.1.3.2425
Operator	
Signal Quantity	Absorbance
Signal Unit	mAU
Signal Min.	-0.882885
Signal Max.	252.483442
Channel	UV_VIS_2
Driver Name	DAD3000.dll
Channel Type	Evaluation
Min. Step (s)	0.200
Max. Step (s)	0.200
Average Step (s)	0.200

Signal Parameter Information:
Signal Info	WVL:280 nm

Raw Data:
Time (min)	Step (s)	Value (mAU)
0.000000	0.000	0.000000
0.003333	0.200	-0.003097
0.006667	0.200	-0.020492
0.010000	0.200	-0.063141
0.013333	0.200	-0.123093
0.016667	0.200	-0.174771
0.020000	0.200	-0.196865
0.023333	0.200	-0.185969
0.026667	0.200	-0.153437
0.030000	0.200	-0.115807
0.033333	0.200	-0.086050
0.036667	0.200	-0.069151
0.040000	0.200	-0.063674
0.043333	0.200	-0.065954
0.046667	0.200	-0.072625
0.050000	0.200	-0.081426
0.053333	0.200	-0.091496
0.056667	0.200	-0.103017
0.060000	0.200	-0.116012
0.063333	0.200	-0.129659
0.066667	0.200	-0.142905
0.070000	0.200	-0.155184
0.073333	0.200	-0.166470
0.076667	0.200	-0.177136
0.080000	0.200	-0.187882
0.083333	0.200	-0.199286
0.086667	0.200	-0.211136
0.090000	0.200	-0.222576
0.093333	0.200	-0.232887
0.096667	0.200	-0.242016
0.100000	0.200	-0.250434
0.103333	0.200	-0.258617
0.106667	0.200	-0.266802
0.110000	0.200	-0.275072
0.113333	0.200	-0.283415
0.116667	0.200	-0.291767
0.120000	0.200	-0.300266
0.123333	0.200	-0.309226
0.126667	0.200	-0.318545
0.130000	0.200	-0.327705
0.133333	0.200	-0.336472
0.136667	0.200	-0.344713
0.140000	0.200	-0.351820
0.143333	0.200	-0.357166
0.146667	0.200	-0.361016
0.150000	0.200	-0.364615
0.153333	0.200	-0.369203
0.156667	0.200	-0.375089
0.160000	0.200	-0.381757
0.163333	0.200	-0.388723
0.166667	0.200	-0.396168
0.170000	0.200	-0.404551
0.173333	0.200	-0.413823
0.176667	0.200	-0.423292
0.180000	0.200	-0.431941
0.183333	0.200	-0.439016
0.186667	0.200	-0.444699
0.190000	0.200	-0.449755
0.193333	0.200	-0.454394
0.196667	0.200	-0.458200
0.200000	0.200	-0.461268
0.203333	0.200	-0.464546
0.206667	0.200	-0.468829
0.210000	0.200	-0.474160
0.213333	0.200	-0.480272
0.216667	0.200	-0.486954
0.220000	0.200	-0.494063
0.223333	0.200	-0.501218
0.226667	0.200	-0.507529
0.230000	0.200	-0.512445
0.233333	0.200	-0.516745
0.236667	0.200	-0.521514
0.240000	0.200	-0.526560
0.243333	0.200	-0.531101
0.246667	0.200	-0.535298
0.250000	0.200	-0.540035
0.253333	0.200	-0.545820
0.256667	0.200	-0.552275
0.260000	0.200	-0.558236
0.263333	0.200	-0.562629
0.266667	0.200	-0.565552
0.270000	0.200	-0.567987
0.273333	0.200	-0.570644
0.276667	0.200	-0.573830
0.280000	0.200	-0.578044
0.283333	0.200	-0.583767
0.286667	0.200	-0.590544
0.290000	0.200	-0.596613
0.293333	0.200	-0.600092
0.296667	0.200	-0.600808
0.300000	0.200	-0.600472
0.303333	0.200	-0.601010
0.306667	0.200	-0.603219
0.310000	0.200	-0.607075
0.313333	0.200	-0.612500
0.316667	0.200	-0.619204
0.320000	0.200	-0.626357
0.323333	0.200	-0.633027
0.326667	0.200	-0.638674
0.330000	0.200	-0.643058
0.333333	0.200	-0.645970
0.336667	0.200	-0.647263
0.340000	0.200	-0.647289
0.343333	0.200	-0.647110
0.346667	0.200	-0.647871
0.350000	0.200	-0.650106
0.353333	0.200	-0.653602
0.356667	0.200	-0.657655
0.360000	0.200	-0.661661
0.363333	0.200	-0.665430
0.366667	0.200	-0.668898
0.370000	0.200	-0.672009
0.373333	0.200	-0.674857
0.376667	0.200	-0.677544
0.380000	0.200	-0.680084
0.383333	0.200	-0.682475
0.386667	0.200	-0.684653
0.390000	0.200	-0.686608
0.393333	0.200	-0.688662
0.396667	0.200	-0.691190
0.400000	0.200	-0.693986
0.403333	0.200	-0.696650
0.406667	0.200	-0.699534
0.410000	0.200	-0.703439
0.413333	0.200	-0.708580
0.416667	0.200	-0.714184
0.420000	0.200	-0.718933
0.423333	0.200	-0.721976
0.426667	0.200	-0.723543
0.430000	0.200	-0.724508
0.433333	0.200	-0.725628
0.436667	0.200	-0.727235
0.440000	0.200	-0.729398
0.443333	0.200	-0.732087
0.446667	0.200	-0.735064
0.450000	0.200	-0.737928
0.453333	0.200	-0.740591
0.456667	0.200	-0.743400
0.460000	0.200	-0.746570
0.463333	0.200	-0.749753
0.466667	0.200	-0.752495
0.470000	0.200	-0.754910
0.473333	0.200	-0.757292
0.476667	0.200	-0.759336
0.480000	0.200	-0.760486
0.483333	0.200	-0.760806
0.486667	0.200	-0.761107
0.490000	0.200	-0.762133
0.493333	0.200	-0.763586
0.496667	0.200	-0.764329
0.500000	0.200	-0.763615
0.503333	0.200	-0.761900
0.506667	0.200	-0.760554
0.510000	0.200	-0.760703
0.513333	0.200	-0.762376
0.516667	0.200	-0.764827
0.520000	0.200	-0.767344
0.523333	0.200	-0.769770
0.526667	0.200	-0.772433
0.530000	0.200	-0.775375
0.533333	0.200	-0.777778
0.536667	0.200	-0.778923
0.540000	0.200	-0.779275
0.543333	0.200	-0.779736
0.546667	0.200	-0.780699
0.550000	0.200	-0.782223
0.553333	0.200	-0.784280
0.556667	0.200	-0.786749
0.560000	0.200	-0.789520
0.563333	0.200	-0.792445
0.566667	0.200	-0.795138
0.570000	0.200	-0.797157
0.573333	0.200	-0.798557
0.576667	0.200	-0.800017
0.580000	0.200	-0.802201
0.583333	0.200	-0.804890
0.586667	0.200	-0.807007
0.590000	0.200	-0.807732
0.593333	0.200	-0.807261
0.596667	0.200	-0.806594
0.600000	0.200	-0.806724
0.603333	0.200	-0.807809
0.606667	0.200	-0.809226
0.610000	0.200	-0.810378
0.613333	0.200	-0.811084
0.616667	0.200	-0.811307
0.620000	0.200	-0.811087
0.623333	0.200	-0.810921
0.626667	0.200	-0.811605
0.630000	0.200	-0.813296
0.633333	0.200	-0.815259
0.636667	0.200	-0.816843
0.640000	0.200	-0.818092
0.643333	0.200	-0.819391
0.646667	0.200	-0.820994
0.650000	0.200	-0.822848
0.653333	0.200	-0.824766
0.656667	0.200	-0.826764
0.660000	0.200	-0.828949
0.663333	0.200	-0.831331
0.666667	0.200	-0.834134
0.670000	0.200	-0.837728
0.673333	0.200	-0.841775
0.676667	0.200	-0.845164
0.680000	0.200	-0.847353
0.683333	0.200	-0.848873
0.686667	0.200	-0.849971
0.690000	0.200	-0.849896
0.693333	0.200	-0.848053
0.696667	0.200	-0.845038
0.700000	0.200	-0.842167
0.703333	0.200	-0.840512
0.706667	0.200	-0.840385
0.710000	0.200	-0.841343
0.713333	0.200	-0.842787
0.716667	0.200	-0.844348
0.720000	0.200	-0.845669
0.723333	0.200	-0.846547
0.726667	0.200	-0.847187
0.730000	0.200	-0.847973
0.733333	0.200	-0.849293
0.736667	0.200	-0.851312
0.740000	0.200	-0.853789
0.743333	0.200	-0.856399
0.746667	0.200	-0.858876
0.750000	0.200	-0.861040
0.753333	0.200	-0.863043
0.756667	0.200	-0.865113
0.760000	0.200	-0.867066
0.763333	0.200	-0.868510
0.766667	0.200	-0.869319
0.770000	0.200	-0.869740
0.773333	0.200	-0.870230
0.776667	0.200	-0.871168
0.780000	0.200	-0.872651
0.783333	0.200	-0.874399
0.786667	0.200	-0.875709
0.790000	0.200	-0.875942
0.793333	0.200	-0.875278
0.796667	0.200	-0.874523
0.800000	0.200	-0.874199
0.803333	0.200	-0.874035
0.806667	0.200	-0.873393
0.810000	0.200	-0.872250
0.813333	0.200	-0.871357
0.816667	0.200	-0.871143
0.820000	0.200	-0.871237
0.823333	0.200	-0.871514
0.826667	0.200	-0.872681
0.830000	0.200	-0.875132
0.833333	0.200	-0.877760
0.836667	0.200	-0.878874
0.840000	0.200	-0.878290
0.843333	0.200	-0.877676
0.846667	0.200	-0.878754
0.850000	0.200	-0.881370
0.853333	0.200	-0.882885
0.856667	0.200	-0.879174
0.860000	0.200	-0.866003
0.863333	0.200	-0.839536
0.866667	0.200	-0.796655
0.870000	0.200	-0.735631
0.873333	0.200	-0.656214
0.876667	0.200	-0.558384
0.880000	0.200	-0.439676
0.883333	0.200	-0.289759
0.886667	0.200	-0.073854
0.890000	0.200	0.305579
0.893333	0.200	1.047779
0.896667	0.200	2.423551
0.900000	0.200	4.624981
0.903333	0.200	7.562482
0.906667	0.200	10.785961
0.910000	0.200	13.649955
0.913333	0.200	15.628330
0.916667	0.200	16.541029
0.920000	0.200	16.546414
0.923333	0.200	15.956615
0.926667	0.200	15.040689
0.930000	0.200	13.936447
0.933333	0.200	12.679159
0.936667	0.200	11.277284
0.940000	0.200	9.766490
0.943333	0.200	8.220359
0.946667	0.200	6.732024
0.950000	0.200	5.387890
0.953333	0.200	4.247973
0.956667	0.200	3.338709
0.960000	0.200	2.656638
0.963333	0.200	2.177959
0.966667	0.200	1.869495
0.970000	0.200	1.698150
0.973333	0.200	1.636882
0.976667	0.200	1.665932
0.980000	0.200	1.769645
0.983333	0.200	1.931437
0.986667	0.200	2.130328
0.990000	0.200	2.340663
0.993333	0.200	2.535216
0.996667	0.200	2.691556
1.000000	0.200	2.798752
1.003333	0.200	2.859204
1.006667	0.200	2.884915
1.010000	0.200	2.892173
1.013333	0.200	2.897798
1.016667	0.200	2.917560
1.020000	0.200	2.964815
1.023333	0.200	3.047108
1.026667	0.200	3.161378
1.030000	0.200	3.290805
1.033333	0.200	3.406353
1.036667	0.200	3.474645
1.040000	0.200	3.470132
1.043333	0.200	3.385594
1.046667	0.200	3.236327
1.050000	0.200	3.057527
1.053333	0.200	2.896798
1.056667	0.200	2.805102
1.060000	0.200	2.828859
1.063333	0.200	3.003797
1.066667	0.200	3.350434
1.070000	0.200	3.871135
1.073333	0.200	4.549395
1.076667	0.200	5.352761
1.080000	0.200	6.238054
1.083333	0.200	7.154839
1.086667	0.200	8.046388
1.090000	0.200	8.851639
1.093333	0.200	9.510198
1.096667	0.200	9.971089
1.100000	0.200	10.206339
1.103333	0.200	10.225842
1.106667	0.200	10.084236
1.110000	0.200	9.871645
1.113333	0.200	9.688265
1.116667	0.200	9.612492
1.120000	0.200	9.677157
1.123333	0.200	9.865570
1.126667	0.200	10.128189
1.130000	0.200	10.408276
1.133333	0.200	10.661499
1.136667	0.200	10.860391
1.140000	0.200	10.984660
1.143333	0.200	11.007222
1.146667	0.200	10.887679
1.150000	0.200	10.579768
1.153333	0.200	10.050493
1.156667	0.200	9.300377
1.160000	0.200	8.372914
1.163333	0.200	7.347655
1.166667	0.200	6.320265
1.170000	0.200	5.378604
1.173333	0.200	4.583741
1.176667	0.200	3.960904
1.180000	0.200	3.500985
1.183333	0.200	3.170507
1.186667	0.200	2.925933
1.190000	0.200	2.726704
1.193333	0.200	2.544280
1.196667	0.200	2.367633
1.200000	0.200	2.205094
1.203333	0.200	2.082011
1.206667	0.200	2.034262
1.210000	0.200	2.098083
1.213333	0.200	2.296549
1.216667	0.200	2.625261
1.220000	0.200	3.043895
1.223333	0.200	3.479804
1.226667	0.200	3.844226
1.230000	0.200	4.056567
1.233333	0.200	4.068211
1.236667	0.200	3.876249
1.240000	0.200	3.522800
1.243333	0.200	3.082339
1.246667	0.200	2.642103
1.250000	0.200	2.281796
1.253333	0.200	2.058229
1.256667	0.200	1.996515
1.260000	0.200	2.088098
1.263333	0.200	2.297968
1.266667	0.200	2.582491
1.270000	0.200	2.915850
1.273333	0.200	3.320650
1.276667	0.200	3.892066
1.280000	0.200	4.789317
1.283333	0.200	6.166023
1.286667	0.200	8.051987
1.290000	0.200	10.256821
1.293333	0.200	12.377424
1.296667	0.200	13.931123
1.300000	0.200	14.547224
1.303333	0.200	14.107689
1.306667	0.200	12.767181
1.310000	0.200	10.862659
1.313333	0.200	8.777359
1.316667	0.200	6.826449
1.320000	0.200	5.199994
1.323333	0.200	3.962720
1.326667	0.200	3.088346
1.330000	0.200	2.503020
1.333333	0.200	2.121535
1.336667	0.200	1.870391
1.340000	0.200	1.697188
1.343333	0.200	1.569708
1.346667	0.200	1.470942
1.350000	0.200	1.393892
1.353333	0.200	1.336615
1.356667	0.200	1.298518
1.360000	0.200	1.278875
1.363333	0.200	1.276591
1.366667	0.200	1.289932
1.370000	0.200	1.316431
1.373333	0.200	1.353381
1.376667	0.200	1.398151
1.380000	0.200	1.448153
1.383333	0.200	1.500974
1.386667	0.200	1.554283
1.390000	0.200	1.605295
1.393333	0.200	1.650549
1.396667	0.200	1.686218
1.400000	0.200	1.708491
1.403333	0.200	1.713985
1.406667	0.200	1.700375
1.410000	0.200	1.667059
1.413333	0.200	1.615287
1.416667	0.200	1.547362
1.420000	0.200	1.465851
1.423333	0.200	1.373741
1.426667	0.200	1.275038
1.430000	0.200	1.174560
1.433333	0.200	1.076740
1.436667	0.200	0.984781
1.440000	0.200	0.900737
1.443333	0.200	0.825741
1.446667	0.200	0.760076
1.450000	0.200	0.703518
1.453333	0.200	0.656521
1.456667	0.200	0.621309
1.460000	0.200	0.601053
1.463333	0.200	0.597723
1.466667	0.200	0.611150
1.470000	0.200	0.639819
1.473333	0.200	0.681981
1.476667	0.200	0.736212
1.480000	0.200	0.801493
1.483333	0.200	0.877506
1.486667	0.200	0.965159
1.490000	0.200	1.066156
1.493333	0.200	1.181611
1.496667	0.200	1.310782
1.500000	0.200	1.450248
1.503333	0.200	1.593441
1.506667	0.200	1.731023
1.510000	0.200	1.852592
1.513333	0.200	1.948715
1.516667	0.200	2.012125
1.520000	0.200	2.038329
1.523333	0.200	2.026263
1.526667	0.200	1.978834
1.530000	0.200	1.902682
1.533333	0.200	1.806942
1.536667	0.200	1.701692
1.540000	0.200	1.596635
1.543333	0.200	1.499941
1.546667	0.200	1.417459
1.550000	0.200	1.352802
1.553333	0.200	1.307590
1.556667	0.200	1.281002
1.560000	0.200	1.269345
1.563333	0.200	1.266560
1.566667	0.200	1.265504
1.570000	0.200	1.259399
1.573333	0.200	1.242875
1.576667	0.200	1.212411
1.580000	0.200	1.166384
1.583333	0.200	1.104719
1.586667	0.200	1.028290
1.590000	0.200	0.938585
1.593333	0.200	0.837593
1.596667	0.200	0.727980
1.600000	0.200	0.613529
1.603333	0.200	0.498834
1.606667	0.200	0.388146
1.610000	0.200	0.284622
1.613333	0.200	0.190140
1.616667	0.200	0.105343
1.620000	0.200	0.030204
1.623333	0.200	-0.035371
1.626667	0.200	-0.091606
1.630000	0.200	-0.139129
1.633333	0.200	-0.178767
1.636667	0.200	-0.211169
1.640000	0.200	-0.236930
1.643333	0.200	-0.256993
1.646667	0.200	-0.272471
1.650000	0.200	-0.283979
1.653333	0.200	-0.291713
1.656667	0.200	-0.296150
1.660000	0.200	-0.298088
1.663333	0.200	-0.297974
1.666667	0.200	-0.295549
1.670000	0.200	-0.290104
1.673333	0.200	-0.280865
1.676667	0.200	-0.267478
1.680000	0.200	-0.250437
1.683333	0.200	-0.230682
1.686667	0.200	-0.208941
1.690000	0.200	-0.185578
1.693333	0.200	-0.160408
1.696667	0.200	-0.132768
1.700000	0.200	-0.102181
1.703333	0.200	-0.068382
1.706667	0.200	-0.030914
1.710000	0.200	0.010387
1.713333	0.200	0.055054
1.716667	0.200	0.102489
1.720000	0.200	0.151854
1.723333	0.200	0.201631
1.726667	0.200	0.250244
1.730000	0.200	0.296765
1.733333	0.200	0.340280
1.736667	0.200	0.379117
1.740000	0.200	0.411427
1.743333	0.200	0.436167
1.746667	0.200	0.452845
1.750000	0.200	0.460547
1.753333	0.200	0.457769
1.756667	0.200	0.443112
1.760000	0.200	0.415998
1.763333	0.200	0.376913
1.766667	0.200	0.327177
1.770000	0.200	0.268624
1.773333	0.200	0.203611
1.776667	0.200	0.134833
1.780000	0.200	0.064930
1.783333	0.200	-0.003271
1.786667	0.200	-0.066568
1.790000	0.200	-0.121935
1.793333	0.200	-0.166574
1.796667	0.200	-0.197164
1.800000	0.200	-0.209337
1.803333	0.200	-0.197816
1.806667	0.200	-0.157170
1.810000	0.200	-0.083233
1.813333	0.200	0.025173
1.816667	0.200	0.164984
1.820000	0.200	0.328422
1.823333	0.200	0.503267
1.826667	0.200	0.674252
1.830000	0.200	0.825772
1.833333	0.200	0.944716
1.836667	0.200	1.022001
1.840000	0.200	1.053483
1.843333	0.200	1.041267
1.846667	0.200	0.993923
1.850000	0.200	0.924380
1.853333	0.200	0.847179
1.856667	0.200	0.776821
1.860000	0.200	0.726585
1.863333	0.200	0.707171
1.866667	0.200	0.725847
1.870000	0.200	0.785931
1.873333	0.200	0.885829
1.876667	0.200	1.018356
1.880000	0.200	1.171460
1.883333	0.200	1.329914
1.886667	0.200	1.476841
1.890000	0.200	1.595037
1.893333	0.200	1.669143
1.896667	0.200	1.688448
1.900000	0.200	1.648471
1.903333	0.200	1.551002
1.906667	0.200	1.403205
1.910000	0.200	1.216122
1.913333	0.200	1.003301
1.916667	0.200	0.779442
1.920000	0.200	0.558404
1.923333	0.200	0.351021
1.926667	0.200	0.163892
1.930000	0.200	-0.000190
1.933333	0.200	-0.140842
1.936667	0.200	-0.258936
1.940000	0.200	-0.356078
1.943333	0.200	-0.434553
1.946667	0.200	-0.497159
1.950000	0.200	-0.546321
1.953333	0.200	-0.583231
1.956667	0.200	-0.608085
1.960000	0.200	-0.620942
1.963333	0.200	-0.621401
1.966667	0.200	-0.606314
1.970000	0.200	-0.567323
1.973333	0.200	-0.490214
1.976667	0.200	-0.355370
1.980000	0.200	-0.137299
1.983333	0.200	0.197263
1.986667	0.200	0.690781
1.990000	0.200	1.392848
1.993333	0.200	2.354401
1.996667	0.200	3.620673
2.000000	0.200	5.223358
2.003333	0.200	7.171201
2.006667	0.200	9.440203
2.010000	0.200	11.966840
2.013333	0.200	14.647322
2.016667	0.200	17.343264
2.020000	0.200	19.893024
2.023333	0.200	22.127955
2.026667	0.200	23.891511
2.030000	0.200	25.058723
2.033333	0.200	25.552807
2.036667	0.200	25.354336
2.040000	0.200	24.501168
2.043333	0.200	23.081103
2.046667	0.200	21.218869
2.050000	0.200	19.059088
2.053333	0.200	16.748697
2.056667	0.200	14.421717
2.060000	0.200	12.188034
2.063333	0.200	10.127520
2.066667	0.200	8.289411
2.070000	0.200	6.695581
2.073333	0.200	5.346038
2.076667	0.200	4.225080
2.080000	0.200	3.307312
2.083333	0.200	2.563054
2.086667	0.200	1.962304
2.090000	0.200	1.477298
2.093333	0.200	1.084550
2.096667	0.200	0.765691
2.100000	0.200	0.506297
2.103333	0.200	0.294233
2.106667	0.200	0.119527
2.110000	0.200	-0.024909
2.113333	0.200	-0.143802
2.116667	0.200	-0.240885
2.120000	0.200	-0.319598
2.123333	0.200	-0.383323
2.126667	0.200	-0.435361
2.130000	0.200	-0.478309
2.133333	0.200	-0.513781
2.136667	0.200	-0.542990
2.140000	0.200	-0.567138
2.143333	0.200	-0.587345
2.146667	0.200	-0.604579
2.150000	0.200	-0.619336
2.153333	0.200	-0.631548
2.156667	0.200	-0.641176
2.160000	0.200	-0.648514
2.163333	0.200	-0.653677
2.166667	0.200	-0.656317
2.170000	0.200	-0.656391
2.173333	0.200	-0.654789
2.176667	0.200	-0.652712
2.180000	0.200	-0.650675
2.183333	0.200	-0.648299
2.186667	0.200	-0.644975
2.190000	0.200	-0.640547
2.193333	0.200	-0.635266
2.196667	0.200	-0.629395
2.200000	0.200	-0.623089
2.203333	0.200	-0.616312
2.206667	0.200	-0.608609
2.210000	0.200	-0.599116
2.213333	0.200	-0.586888
2.216667	0.200	-0.570769
2.220000	0.200	-0.548622
2.223333	0.200	-0.516597
2.226667	0.200	-0.468404
2.230000	0.200	-0.393585
2.233333	0.200	-0.274173
2.236667	0.200	-0.081696
2.240000	0.200	0.221176
2.243333	0.200	0.671992
2.246667	0.200	1.294689
2.250000	0.200	2.083715
2.253333	0.200	2.990020
2.256667	0.200	3.915419
2.260000	0.200	4.723879
2.263333	0.200	5.274360
2.266667	0.200	5.465644
2.270000	0.200	5.271296
2.273333	0.200	4.747548
2.276667	0.200	4.012949
2.280000	0.200	3.211891
2.283333	0.200	2.478179
2.286667	0.200	1.910466
2.290000	0.200	1.564128
2.293333	0.200	1.457000
2.296667	0.200	1.581744
2.300000	0.200	1.918518
2.303333	0.200	2.444350
2.306667	0.200	3.137360
2.310000	0.200	3.977017
2.313333	0.200	4.942950
2.316667	0.200	6.012833
2.320000	0.200	7.160179
2.323333	0.200	8.354317
2.326667	0.200	9.562131
2.330000	0.200	10.749438
2.333333	0.200	11.882248
2.336667	0.200	12.928773
2.340000	0.200	13.861612
2.343333	0.200	14.659180
2.346667	0.200	15.306018
2.350000	0.200	15.792494
2.353333	0.200	16.114768
2.356667	0.200	16.275098
2.360000	0.200	16.281400
2.363333	0.200	16.145634
2.366667	0.200	15.882358
2.370000	0.200	15.508104
2.373333	0.200	15.040974
2.376667	0.200	14.499950
2.380000	0.200	13.903747
2.383333	0.200	13.269995
2.386667	0.200	12.615102
2.390000	0.200	11.953703
2.393333	0.200	11.298131
2.396667	0.200	10.658556
2.400000	0.200	10.042968
2.403333	0.200	9.457378
2.406667	0.200	8.906652
2.410000	0.200	8.395041
2.413333	0.200	7.926099
2.416667	0.200	7.502321
2.420000	0.200	7.124957
2.423333	0.200	6.794340
2.426667	0.200	6.510029
2.430000	0.200	6.270878
2.433333	0.200	6.075539
2.436667	0.200	5.922516
2.440000	0.200	5.809793
2.443333	0.200	5.734850
2.446667	0.200	5.694848
2.450000	0.200	5.687054
2.453333	0.200	5.709771
2.456667	0.200	5.762853
2.460000	0.200	5.847400
2.463333	0.200	5.965331
2.466667	0.200	6.118731
2.470000	0.200	6.308968
2.473333	0.200	6.536402
2.476667	0.200	6.800630
2.480000	0.200	7.100412
2.483333	0.200	7.433063
2.486667	0.200	7.793538
2.490000	0.200	8.173609
2.493333	0.200	8.561527
2.496667	0.200	8.942348
2.500000	0.200	9.298611
2.503333	0.200	9.611369
2.506667	0.200	9.861983
2.510000	0.200	10.034258
2.513333	0.200	10.115882
2.516667	0.200	10.098811
2.520000	0.200	9.979821
2.523333	0.200	9.761892
2.526667	0.200	9.454619
2.530000	0.200	9.072614
2.533333	0.200	8.633471
2.536667	0.200	8.155747
2.540000	0.200	7.656411
2.543333	0.200	7.149000
2.546667	0.200	6.643225
2.550000	0.200	6.145430
2.553333	0.200	5.659449
2.556667	0.200	5.187247
2.560000	0.200	4.729450
2.563333	0.200	4.286246
2.566667	0.200	3.858192
2.570000	0.200	3.446697
2.573333	0.200	3.054377
2.576667	0.200	2.684914
2.580000	0.200	2.342360
2.583333	0.200	2.030338
2.586667	0.200	1.751243
2.590000	0.200	1.505594
2.593333	0.200	1.291962
2.596667	0.200	1.107607
2.600000	0.200	0.949400
2.603333	0.200	0.814329
2.606667	0.200	0.699393
2.610000	0.200	0.601358
2.613333	0.200	0.516795
2.616667	0.200	0.442517
2.620000	0.200	0.376097
2.623333	0.200	0.316148
2.626667	0.200	0.262158
2.630000	0.200	0.213872
2.633333	0.200	0.170830
2.636667	0.200	0.132442
2.640000	0.200	0.098346
2.643333	0.200	0.069124
2.646667	0.200	0.046562
2.650000	0.200	0.032640
2.653333	0.200	0.028306
2.656667	0.200	0.033181
2.660000	0.200	0.045922
2.663333	0.200	0.064541
2.666667	0.200	0.086344
2.670000	0.200	0.107834
2.673333	0.200	0.125018
2.676667	0.200	0.134016
2.680000	0.200	0.132100
2.683333	0.200	0.118661
2.686667	0.200	0.094855
2.690000	0.200	0.062533
2.693333	0.200	0.023986
2.696667	0.200	-0.017909
2.700000	0.200	-0.060029
2.703333	0.200	-0.099291
2.706667	0.200	-0.132902
2.710000	0.200	-0.159245
2.713333	0.200	-0.178633
2.716667	0.200	-0.192769
2.720000	0.200	-0.203443
2.723333	0.200	-0.211740
2.726667	0.200	-0.217962
2.730000	0.200	-0.221780
2.733333	0.200	-0.222478
2.736667	0.200	-0.219501
2.740000	0.200	-0.213035
2.743333	0.200	-0.204206
2.746667	0.200	-0.194400
2.750000	0.200	-0.184199
2.753333	0.200	-0.173653
2.756667	0.200	-0.163444
2.760000	0.200	-0.154946
2.763333	0.200	-0.149356
2.766667	0.200	-0.147310
2.770000	0.200	-0.149215
2.773333	0.200	-0.155549
2.776667	0.200	-0.166417
2.780000	0.200	-0.181236
2.783333	0.200	-0.199307
2.786667	0.200	-0.219968
2.790000	0.200	-0.242076
2.793333	0.200	-0.264205
2.796667	0.200	-0.285466
2.800000	0.200	-0.305752
2.803333	0.200	-0.325256
2.806667	0.200	-0.343861
2.810000	0.200	-0.361124
2.813333	0.200	-0.376889
2.816667	0.200	-0.391658
2.820000	0.200	-0.406344
2.823333	0.200	-0.421647
2.826667	0.200	-0.437421
2.830000	0.200	-0.452753
2.833333	0.200	-0.466675
2.836667	0.200	-0.478762
2.840000	0.200	-0.489520
2.843333	0.200	-0.500111
2.846667	0.200	-0.511060
2.850000	0.200	-0.521497
2.853333	0.200	-0.530078
2.856667	0.200	-0.536284
2.860000	0.200	-0.540522
2.863333	0.200	-0.543331
2.866667	0.200	-0.544640
2.870000	0.200	-0.543343
2.873333	0.200	-0.537708
2.876667	0.200	-0.526384
2.880000	0.200	-0.508901
2.883333	0.200	-0.485664
2.886667	0.200	-0.457840
2.890000	0.200	-0.427072
2.893333	0.200	-0.395112
2.896667	0.200	-0.363756
2.900000	0.200	-0.335070
2.903333	0.200	-0.311123
2.906667	0.200	-0.293328
2.910000	0.200	-0.282250
2.913333	0.200	-0.277615
2.916667	0.200	-0.278042
2.920000	0.200	-0.280960
2.923333	0.200	-0.283249
2.926667	0.200	-0.282400
2.930000	0.200	-0.277652
2.933333	0.200	-0.270279
2.936667	0.200	-0.262615
2.940000	0.200	-0.256629
2.943333	0.200	-0.253355
2.946667	0.200	-0.253387
2.950000	0.200	-0.257332
2.953333	0.200	-0.265659
2.956667	0.200	-0.278358
2.960000	0.200	-0.294665
2.963333	0.200	-0.313344
2.966667	0.200	-0.333294
2.970000	0.200	-0.353523
2.973333	0.200	-0.372924
2.976667	0.200	-0.390544
2.980000	0.200	-0.405667
2.983333	0.200	-0.417651
2.986667	0.200	-0.425979
2.990000	0.200	-0.430252
2.993333	0.200	-0.430189
2.996667	0.200	-0.425809
3.000000	0.200	-0.417615
3.003333	0.200	-0.406688
3.006667	0.200	-0.394268
3.010000	0.200	-0.380928
3.013333	0.200	-0.366473
3.016667	0.200	-0.350826
3.020000	0.200	-0.334924
3.023333	0.200	-0.320425
3.026667	0.200	-0.308634
3.030000	0.200	-0.300443
3.033333	0.200	-0.296750
3.036667	0.200	-0.297973
3.040000	0.200	-0.303828
3.043333	0.200	-0.313958
3.046667	0.200	-0.328030
3.050000	0.200	-0.345412
3.053333	0.200	-0.365244
3.056667	0.200	-0.386456
3.060000	0.200	-0.407490
3.063333	0.200	-0.426481
3.066667	0.200	-0.442272
3.070000	0.200	-0.455044
3.073333	0.200	-0.465482
3.076667	0.200	-0.474083
3.080000	0.200	-0.481589
3.083333	0.200	-0.488964
3.086667	0.200	-0.496590
3.090000	0.200	-0.504050
3.093333	0.200	-0.510611
3.096667	0.200	-0.515848
3.100000	0.200	-0.519927
3.103333	0.200	-0.523167
3.106667	0.200	-0.525639
3.110000	0.200	-0.527540
3.113333	0.200	-0.529497
3.116667	0.200	-0.532166
3.120000	0.200	-0.535788
3.123333	0.200	-0.540030
3.126667	0.200	-0.543898
3.130000	0.200	-0.546035
3.133333	0.200	-0.545381
3.136667	0.200	-0.541379
3.140000	0.200	-0.533483
3.143333	0.200	-0.520615
3.146667	0.200	-0.501371
3.150000	0.200	-0.475039
3.153333	0.200	-0.442586
3.156667	0.200	-0.406665
3.160000	0.200	-0.370626
3.163333	0.200	-0.337626
3.166667	0.200	-0.310597
3.170000	0.200	-0.292198
3.173333	0.200	-0.284078
3.176667	0.200	-0.286202
3.180000	0.200	-0.296810
3.183333	0.200	-0.312773
3.186667	0.200	-0.330548
3.190000	0.200	-0.347588
3.193333	0.200	-0.362842
3.196667	0.200	-0.376063
3.200000	0.200	-0.387156
3.203333	0.200	-0.395955
3.206667	0.200	-0.402456
3.210000	0.200	-0.407121
3.213333	0.200	-0.410644
3.216667	0.200	-0.413540
3.220000	0.200	-0.416039
3.223333	0.200	-0.418167
3.226667	0.200	-0.419893
3.230000	0.200	-0.421164
3.233333	0.200	-0.421695
3.236667	0.200	-0.421036
3.240000	0.200	-0.418918
3.243333	0.200	-0.415330
3.246667	0.200	-0.410154
3.250000	0.200	-0.402775
3.253333	0.200	-0.392241
3.256667	0.200	-0.377430
3.260000	0.200	-0.356521
3.263333	0.200	-0.326947
3.266667	0.200	-0.286377
3.270000	0.200	-0.233710
3.273333	0.200	-0.169462
3.276667	0.200	-0.095491
3.280000	0.200	-0.014534
3.283333	0.200	0.069859
3.286667	0.200	0.153309
3.290000	0.200	0.231270
3.293333	0.200	0.299864
3.296667	0.200	0.356046
3.300000	0.200	0.397459
3.303333	0.200	0.422471
3.306667	0.200	0.430389
3.310000	0.200	0.421683
3.313333	0.200	0.397976
3.316667	0.200	0.361845
3.320000	0.200	0.316628
3.323333	0.200	0.266014
3.326667	0.200	0.213612
3.330000	0.200	0.162712
3.333333	0.200	0.115781
3.336667	0.200	0.074062
3.340000	0.200	0.037960
3.343333	0.200	0.007612
3.346667	0.200	-0.016936
3.350000	0.200	-0.035504
3.353333	0.200	-0.046244
3.356667	0.200	-0.041316
3.360000	0.200	0.002053
3.363333	0.200	0.138394
3.366667	0.200	0.483788
3.370000	0.200	1.262151
3.373333	0.200	2.863153
3.376667	0.200	5.891655
3.380000	0.200	11.173737
3.383333	0.200	19.682851
3.386667	0.200	32.369247
3.390000	0.200	49.913336
3.393333	0.200	72.463207
3.396667	0.200	99.437274
3.400000	0.200	129.464890
3.403333	0.200	160.502606
3.406667	0.200	190.112874
3.410000	0.200	215.842624
3.413333	0.200	235.610503
3.416667	0.200	248.012725
3.420000	0.200	252.483442
3.423333	0.200	249.288068
3.426667	0.200	239.374461
3.430000	0.200	224.140017
3.433333	0.200	205.179763
3.436667	0.200	184.065451
3.440000	0.200	162.185496
3.443333	0.200	140.655943
3.446667	0.200	120.294211
3.450000	0.200	101.637277
3.453333	0.200	84.984542
3.456667	0.200	70.448607
3.460000	0.200	58.003467
3.463333	0.200	47.526185
3.466667	0.200	38.831628
3.470000	0.200	31.700944
3.473333	0.200	25.904205
3.476667	0.200	21.217458
3.480000	0.200	17.434798
3.483333	0.200	14.376331
3.486667	0.200	11.892144
3.490000	0.200	9.862120
3.493333	0.200	8.192795
3.496667	0.200	6.812946
3.500000	0.200	5.668511
3.503333	0.200	4.717821
3.506667	0.200	3.928158
3.510000	0.200	3.273366
3.513333	0.200	2.732021
3.516667	0.200	2.286260
3.520000	0.200	1.921052
3.523333	0.200	1.623244
3.526667	0.200	1.380349
3.530000	0.200	1.180366
3.533333	0.200	1.013142
3.536667	0.200	0.871377
3.540000	0.200	0.750016
3.543333	0.200	0.645215
3.546667	0.200	0.553918
3.550000	0.200	0.473836
3.553333	0.200	0.403439
3.556667	0.200	0.342193
3.560000	0.200	0.290941
3.563333	0.200	0.251346
3.566667	0.200	0.224689
3.570000	0.200	0.211641
3.573333	0.200	0.213097
3.576667	0.200	0.230487
3.580000	0.200	0.264953
3.583333	0.200	0.316386
3.586667	0.200	0.382649
3.590000	0.200	0.458910
3.593333	0.200	0.537954
3.596667	0.200	0.611859
3.600000	0.200	0.673657
3.603333	0.200	0.717653
3.606667	0.200	0.739278
3.610000	0.200	0.735675
3.613333	0.200	0.706316
3.616667	0.200	0.653103
3.620000	0.200	0.580126
3.623333	0.200	0.493000
3.626667	0.200	0.398014
3.630000	0.200	0.301236
3.633333	0.200	0.207525
3.636667	0.200	0.120012
3.640000	0.200	0.040345
3.643333	0.200	-0.030754
3.646667	0.200	-0.092910
3.650000	0.200	-0.145814
3.653333	0.200	-0.189708
3.656667	0.200	-0.225890
3.660000	0.200	-0.256300
3.663333	0.200	-0.282621
3.666667	0.200	-0.305611
3.670000	0.200	-0.325049
3.673333	0.200	-0.340432
3.676667	0.200	-0.351823
3.680000	0.200	-0.360127
3.683333	0.200	-0.366586
3.686667	0.200	-0.372039
3.690000	0.200	-0.376623
3.693333	0.200	-0.380054
3.696667	0.200	-0.382235
3.700000	0.200	-0.383705
3.703333	0.200	-0.385191
3.706667	0.200	-0.386701
3.710000	0.200	-0.387408
3.713333	0.200	-0.386495
3.716667	0.200	-0.383804
3.720000	0.200	-0.379583
3.723333	0.200	-0.374048
3.726667	0.200	-0.367514
3.730000	0.200	-0.360481
3.733333	0.200	-0.353082
3.736667	0.200	-0.344881
3.740000	0.200	-0.335945
3.743333	0.200	-0.327478
3.746667	0.200	-0.320782
3.750000	0.200	-0.316198
3.753333	0.200	-0.313270
3.756667	0.200	-0.311561
3.760000	0.200	-0.311193
3.763333	0.200	-0.312584
3.766667	0.200	-0.315789
3.770000	0.200	-0.320191
3.773333	0.200	-0.324945
3.776667	0.200	-0.329779
3.780000	0.200	-0.335356
3.783333	0.200	-0.342898
3.786667	0.200	-0.353092
3.790000	0.200	-0.365145
3.793333	0.200	-0.377352
3.796667	0.200	-0.388649
3.800000	0.200	-0.398999
3.803333	0.200	-0.408489
3.806667	0.200	-0.416922
3.810000	0.200	-0.423881
3.813333	0.200	-0.428592
3.816667	0.200	-0.429652
3.820000	0.200	-0.424468
3.823333	0.200	-0.408953
3.826667	0.200	-0.377976
3.830000	0.200	-0.326155
3.833333	0.200	-0.248568
3.836667	0.200	-0.140701
3.840000	0.200	0.002138
3.843333	0.200	0.184325
3.846667	0.200	0.408097
3.850000	0.200	0.671961
3.853333	0.200	0.970139
3.856667	0.200	1.292728
3.860000	0.200	1.626465
3.863333	0.200	1.955673
3.866667	0.200	2.262883
3.870000	0.200	2.529996
3.873333	0.200	2.740575
3.876667	0.200	2.881822
3.880000	0.200	2.945472
3.883333	0.200	2.928470
3.886667	0.200	2.833621
3.890000	0.200	2.669289
3.893333	0.200	2.448059
3.896667	0.200	2.185275
3.900000	0.200	1.897676
3.903333	0.200	1.601855
3.906667	0.200	1.312678
3.910000	0.200	1.041593
3.913333	0.200	0.795573
3.916667	0.200	0.577858
3.920000	0.200	0.389440
3.923333	0.200	0.229931
3.926667	0.200	0.097950
3.930000	0.200	-0.009072
3.933333	0.200	-0.094966
3.936667	0.200	-0.163891
3.940000	0.200	-0.219400
3.943333	0.200	-0.264251
3.946667	0.200	-0.300401
3.950000	0.200	-0.329076
3.953333	0.200	-0.351373
3.956667	0.200	-0.368948
3.960000	0.200	-0.383664
3.963333	0.200	-0.396617
3.966667	0.200	-0.407968
3.970000	0.200	-0.417509
3.973333	0.200	-0.425109
3.976667	0.200	-0.431109
3.980000	0.200	-0.436620
3.983333	0.200	-0.442952
3.986667	0.200	-0.450515
3.990000	0.200	-0.458903
3.993333	0.200	-0.467793
3.996667	0.200	-0.476812
4.000000	0.200	-0.485002
4.003333	0.200	-0.491489
4.006667	0.200	-0.496450
4.010000	0.200	-0.500734
4.013333	0.200	-0.504945
4.016667	0.200	-0.509197
4.020000	0.200	-0.513205
4.023333	0.200	-0.516676
4.026667	0.200	-0.519983
4.030000	0.200	-0.523909
4.033333	0.200	-0.528563
4.036667	0.200	-0.533098
4.040000	0.200	-0.536494
4.043333	0.200	-0.538292
4.046667	0.200	-0.538715
4.050000	0.200	-0.538389
4.053333	0.200	-0.538233
4.056667	0.200	-0.539193
4.060000	0.200	-0.541468
4.063333	0.200	-0.544272
4.066667	0.200	-0.546585
4.070000	0.200	-0.547686
4.073333	0.200	-0.547057
4.076667	0.200	-0.544378
4.080000	0.200	-0.539795
4.083333	0.200	-0.534008
4.086667	0.200	-0.527981
4.090000	0.200	-0.522515
4.093333	0.200	-0.517812
4.096667	0.200	-0.513465
4.100000	0.200	-0.509364
4.103333	0.200	-0.506449
4.106667	0.200	-0.505966
4.110000	0.200	-0.508078
4.113333	0.200	-0.511453
4.116667	0.200	-0.514256
4.120000	0.200	-0.515713
4.123333	0.200	-0.516674
4.126667	0.200	-0.518604
4.130000	0.200	-0.522233
4.133333	0.200	-0.527150
4.136667	0.200	-0.532187
4.140000	0.200	-0.536130
4.143333	0.200	-0.538371
4.146667	0.200	-0.539049
4.150000	0.200	-0.538946
4.153333	0.200	-0.539164
4.156667	0.200	-0.540317
4.160000	0.200	-0.542008
4.163333	0.200	-0.543144
4.166667	0.200	-0.542825
4.170000	0.200	-0.541332
4.173333	0.200	-0.540297
4.176667	0.200	-0.541425
4.180000	0.200	-0.544924
4.183333	0.200	-0.549635
4.186667	0.200	-0.554376
4.190000	0.200	-0.558222
4.193333	0.200	-0.560334
4.196667	0.200	-0.560754
4.200000	0.200	-0.560567
4.203333	0.200	-0.560754
4.206667	0.200	-0.561541
4.210000	0.200	-0.562814
4.213333	0.200	-0.564531
4.216667	0.200	-0.566650
4.220000	0.200	-0.568911
4.223333	0.200	-0.570817
4.226667	0.200	-0.572000
4.230000	0.200	-0.572538
4.233333	0.200	-0.572401
4.236667	0.200	-0.570758
4.240000	0.200	-0.566607
4.243333	0.200	-0.560229
4.246667	0.200	-0.553293
4.250000	0.200	-0.547368
4.253333	0.200	-0.542832
4.256667	0.200	-0.538945
4.260000	0.200	-0.534570
4.263333	0.200	-0.528956
4.266667	0.200	-0.521993
4.270000	0.200	-0.514267
4.273333	0.200	-0.507017
4.276667	0.200	-0.501476
4.280000	0.200	-0.497847
4.283333	0.200	-0.495088
4.286667	0.200	-0.492153
4.290000	0.200	-0.489102
4.293333	0.200	-0.486711
4.296667	0.200	-0.485644
4.300000	0.200	-0.486364
4.303333	0.200	-0.489399
4.306667	0.200	-0.495189
4.310000	0.200	-0.503472
4.313333	0.200	-0.513235
4.316667	0.200	-0.523439
4.320000	0.200	-0.533411
4.323333	0.200	-0.542628
4.326667	0.200	-0.550711
4.330000	0.200	-0.557742
4.333333	0.200	-0.564070
4.336667	0.200	-0.569792
4.340000	0.200	-0.574758
4.343333	0.200	-0.578817
4.346667	0.200	-0.582026
4.350000	0.200	-0.584798
4.353333	0.200	-0.587646
4.356667	0.200	-0.590824
4.360000	0.200	-0.594169
4.363333	0.200	-0.597218
4.366667	0.200	-0.599635
4.370000	0.200	-0.601287
4.373333	0.200	-0.602070
4.376667	0.200	-0.602189
4.380000	0.200	-0.602375
4.383333	0.200	-0.603434
4.386667	0.200	-0.605484
4.390000	0.200	-0.607729
4.393333	0.200	-0.609329
4.396667	0.200	-0.610183
4.400000	0.200	-0.610491
4.403333	0.200	-0.610310
4.406667	0.200	-0.609792
4.410000	0.200	-0.609180
4.413333	0.200	-0.608556
4.416667	0.200	-0.607651
4.420000	0.200	-0.605762
4.423333	0.200	-0.602252
4.426667	0.200	-0.597384
4.430000	0.200	-0.592346
4.433333	0.200	-0.588103
4.436667	0.200	-0.584345
4.440000	0.200	-0.580001
4.443333	0.200	-0.574353
4.446667	0.200	-0.567188
4.450000	0.200	-0.558430
4.453333	0.200	-0.548026
4.456667	0.200	-0.536183
4.460000	0.200	-0.523461
4.463333	0.200	-0.510203
4.466667	0.200	-0.496046
4.470000	0.200	-0.480272
4.473333	0.200	-0.462464
4.476667	0.200	-0.442673
4.480000	0.200	-0.421150
4.483333	0.200	-0.398360
4.486667	0.200	-0.375084
4.490000	0.200	-0.352086
4.493333	0.200	-0.329920
4.496667	0.200	-0.309291
4.500000	0.200	-0.291225
4.503333	0.200	-0.276676
4.506667	0.200	-0.266182
4.510000	0.200	-0.259782
4.513333	0.200	-0.257017
4.516667	0.200	-0.257174
4.520000	0.200	-0.259688
4.523333	0.200	-0.264420
4.526667	0.200	-0.271482
4.530000	0.200	-0.280753
4.533333	0.200	-0.291748
4.536667	0.200	-0.303920
4.540000	0.200	-0.316848
4.543333	0.200	-0.329898
4.546667	0.200	-0.341860
4.550000	0.200	-0.351460
4.553333	0.200	-0.358273
4.556667	0.200	-0.362778
4.560000	0.200	-0.365832
4.563333	0.200	-0.368227
4.566667	0.200	-0.370351
4.570000	0.200	-0.372265
4.573333	0.200	-0.374098
4.576667	0.200	-0.376372
4.580000	0.200	-0.379875
4.583333	0.200	-0.385027
4.586667	0.200	-0.391439
4.590000	0.200	-0.398371
4.593333	0.200	-0.405584
4.596667	0.200	-0.413623
4.600000	0.200	-0.423259
4.603333	0.200	-0.434605
4.606667	0.200	-0.447150
4.610000	0.200	-0.460308
4.613333	0.200	-0.473233
4.616667	0.200	-0.484809
4.620000	0.200	-0.494307
4.623333	0.200	-0.501682
4.626667	0.200	-0.507283
4.630000	0.200	-0.511234
4.633333	0.200	-0.513131
4.636667	0.200	-0.512680
4.640000	0.200	-0.510018
4.643333	0.200	-0.505208
4.646667	0.200	-0.498147
4.650000	0.200	-0.488721
4.653333	0.200	-0.476785
4.656667	0.200	-0.462147
4.660000	0.200	-0.444299
4.663333	0.200	-0.422402
4.666667	0.200	-0.395934
4.670000	0.200	-0.365444
4.673333	0.200	-0.332737
4.676667	0.200	-0.300069
4.680000	0.200	-0.269140
4.683333	0.200	-0.240961
4.686667	0.200	-0.215947
4.690000	0.200	-0.193864
4.693333	0.200	-0.174568
4.696667	0.200	-0.158653
4.700000	0.200	-0.146923
4.703333	0.200	-0.140175
4.706667	0.200	-0.139599
4.710000	0.200	-0.146213
4.713333	0.200	-0.159925
4.716667	0.200	-0.179396
4.720000	0.200	-0.202319
4.723333	0.200	-0.226174
4.726667	0.200	-0.249146
4.730000	0.200	-0.270172
4.733333	0.200	-0.288291
4.736667	0.200	-0.302347
4.740000	0.200	-0.311537
4.743333	0.200	-0.316007
4.746667	0.200	-0.316605
4.750000	0.200	-0.314262
4.753333	0.200	-0.309849
4.756667	0.200	-0.304277
4.760000	0.200	-0.298326
4.763333	0.200	-0.292526
4.766667	0.200	-0.287225
4.770000	0.200	-0.282660
4.773333	0.200	-0.279220
4.776667	0.200	-0.277471
4.780000	0.200	-0.277616
4.783333	0.200	-0.279149
4.786667	0.200	-0.281190
4.790000	0.200	-0.283123
4.793333	0.200	-0.285030
4.796667	0.200	-0.287479
4.800000	0.200	-0.290771
4.803333	0.200	-0.294439
4.806667	0.200	-0.297026
4.810000	0.200	-0.296121
4.813333	0.200	-0.289412
4.816667	0.200	-0.276107
4.820000	0.200	-0.256906
4.823333	0.200	-0.232817
4.826667	0.200	-0.204324
4.830000	0.200	-0.171757
4.833333	0.200	-0.136263
4.836667	0.200	-0.099782
4.840000	0.200	-0.064006
4.843333	0.200	-0.030159
4.846667	0.200	0.000246
4.850000	0.200	0.025205
4.853333	0.200	0.042793
4.856667	0.200	0.051801
4.860000	0.200	0.052209
4.863333	0.200	0.044848
4.866667	0.200	0.030240
4.870000	0.200	0.008269
4.873333	0.200	-0.020960
4.876667	0.200	-0.056306
4.880000	0.200	-0.095494
4.883333	0.200	-0.135743
4.886667	0.200	-0.174696
4.890000	0.200	-0.211067
4.893333	0.200	-0.244576
4.896667	0.200	-0.275172
4.900000	0.200	-0.302310
4.903333	0.200	-0.324935
4.906667	0.200	-0.342395
4.910000	0.200	-0.355479
4.913333	0.200	-0.365901
4.916667	0.200	-0.374795
4.920000	0.200	-0.382206
4.923333	0.200	-0.387645
4.926667	0.200	-0.391202
4.930000	0.200	-0.394143
4.933333	0.200	-0.397786
4.936667	0.200	-0.401992
4.940000	0.200	-0.405146
4.943333	0.200	-0.405197
4.946667	0.200	-0.400876
4.950000	0.200	-0.392512
4.953333	0.200	-0.381709
4.956667	0.200	-0.370333
4.960000	0.200	-0.359653
4.963333	0.200	-0.349887
4.966667	0.200	-0.340226
4.970000	0.200	-0.329398
4.973333	0.200	-0.316596
4.976667	0.200	-0.301947
4.980000	0.200	-0.286162
4.983333	0.200	-0.270081
4.986667	0.200	-0.254545
4.990000	0.200	-0.240365
4.993333	0.200	-0.228177
4.996667	0.200	-0.218214
5.000000	0.200	-0.210451
5.003333	0.200	-0.204954
5.006667	0.200	-0.201886
5.010000	0.200	-0.201581
5.013333	0.200	-0.204533
5.016667	0.200	-0.210601
5.020000	0.200	-0.218769
5.023333	0.200	-0.227966
5.026667	0.200	-0.237414
5.030000	0.200	-0.246567
5.033333	0.200	-0.255158
5.036667	0.200	-0.262970
5.040000	0.200	-0.269626
5.043333	0.200	-0.274716
5.046667	0.200	-0.278124
5.050000	0.200	-0.280146
5.053333	0.200	-0.281146
5.056667	0.200	-0.281214
5.060000	0.200	-0.280034
5.063333	0.200	-0.277128
5.066667	0.200	-0.272483
5.070000	0.200	-0.266751
5.073333	0.200	-0.260792
5.076667	0.200	-0.255255
5.080000	0.200	-0.250463
5.083333	0.200	-0.246213
5.086667	0.200	-0.241552
5.090000	0.200	-0.235170
5.093333	0.200	-0.226221
5.096667	0.200	-0.214643
5.100000	0.200	-0.200967
5.103333	0.200	-0.186166
5.106667	0.200	-0.171430
5.110000	0.200	-0.158189
5.113333	0.200	-0.148291
5.116667	0.200	-0.143267
5.120000	0.200	-0.143308
5.123333	0.200	-0.147141
5.126667	0.200	-0.152550
5.130000	0.200	-0.157099
5.133333	0.200	-0.158671
5.136667	0.200	-0.155480
5.140000	0.200	-0.146114
5.143333	0.200	-0.129731
5.146667	0.200	-0.106045
5.150000	0.200	-0.074993
5.153333	0.200	-0.036348
5.156667	0.200	0.009989
5.160000	0.200	0.063050
5.163333	0.200	0.120777
5.166667	0.200	0.181036
5.170000	0.200	0.241933
5.173333	0.200	0.301336
5.176667	0.200	0.356780
5.180000	0.200	0.405710
5.183333	0.200	0.445544
5.186667	0.200	0.473990
5.190000	0.200	0.489775
5.193333	0.200	0.492893
5.196667	0.200	0.484120
5.200000	0.200	0.464343
5.203333	0.200	0.434233
5.206667	0.200	0.394374
5.210000	0.200	0.345437
5.213333	0.200	0.288264
5.216667	0.200	0.224124
5.220000	0.200	0.155135
5.223333	0.200	0.084814
5.226667	0.200	0.017895
5.230000	0.200	-0.041552
5.233333	0.200	-0.091700
5.236667	0.200	-0.132207
5.240000	0.200	-0.162414
5.243333	0.200	-0.179928
5.246667	0.200	-0.179827
5.250000	0.200	-0.153717
5.253333	0.200	-0.088454
5.256667	0.200	0.033218
5.260000	0.200	0.228456
5.263333	0.200	0.508057
5.266667	0.200	0.870406
5.270000	0.200	1.297050
5.273333	0.200	1.751611
5.276667	0.200	2.183756
5.280000	0.200	2.538380
5.283333	0.200	2.767430
5.286667	0.200	2.840537
5.290000	0.200	2.751704
5.293333	0.200	2.520440
5.296667	0.200	2.186323
5.300000	0.200	1.798632
5.303333	0.200	1.405009
5.306667	0.200	1.042546
5.310000	0.200	0.733238
5.313333	0.200	0.484559
5.316667	0.200	0.293604
5.320000	0.200	0.151924
5.323333	0.200	0.049180
5.326667	0.200	-0.024579
5.330000	0.200	-0.077613
5.333333	0.200	-0.116136
5.336667	0.200	-0.144687
5.340000	0.200	-0.166531
5.343333	0.200	-0.183832
5.346667	0.200	-0.197724
5.350000	0.200	-0.208794
5.353333	0.200	-0.217850
5.356667	0.200	-0.225940
5.360000	0.200	-0.233695
5.363333	0.200	-0.240938
5.366667	0.200	-0.247102
5.370000	0.200	-0.252105
5.373333	0.200	-0.256579
5.376667	0.200	-0.261126
5.380000	0.200	-0.265612
5.383333	0.200	-0.269310
5.386667	0.200	-0.271489
5.390000	0.200	-0.271896
5.393333	0.200	-0.270872
5.396667	0.200	-0.269062
5.400000	0.200	-0.267062
5.403333	0.200	-0.265258
5.406667	0.200	-0.263467
5.410000	0.200	-0.260744
5.413333	0.200	-0.256076
5.416667	0.200	-0.249305
5.420000	0.200	-0.241431
5.423333	0.200	-0.234274
5.426667	0.200	-0.229416
5.430000	0.200	-0.227438
5.433333	0.200	-0.228273
5.436667	0.200	-0.231376
5.440000	0.200	-0.235390
5.443333	0.200	-0.238958
5.446667	0.200	-0.241888
5.450000	0.200	-0.244663
5.453333	0.200	-0.247492
5.456667	0.200	-0.250261
5.460000	0.200	-0.252835
5.463333	0.200	-0.255206
5.466667	0.200	-0.257370
5.470000	0.200	-0.259183
5.473333	0.200	-0.260515
5.476667	0.200	-0.261128
5.480000	0.200	-0.260232
5.483333	0.200	-0.256701
5.486667	0.200	-0.250093
5.490000	0.200	-0.241267
5.493333	0.200	-0.231873
5.496667	0.200	-0.223494
5.500000	0.200	-0.216977
5.503333	0.200	-0.212254
5.506667	0.200	-0.208892
5.510000	0.200	-0.206553
5.513333	0.200	-0.204831
5.516667	0.200	-0.203193
5.520000	0.200	-0.201359
5.523333	0.200	-0.199381
5.526667	0.200	-0.197239
5.530000	0.200	-0.194805
5.533333	0.200	-0.192028
5.536667	0.200	-0.188724
5.540000	0.200	-0.184556
5.543333	0.200	-0.179435
5.546667	0.200	-0.173608
5.550000	0.200	-0.167394
5.553333	0.200	-0.161030
5.556667	0.200	-0.154814
5.560000	0.200	-0.149256
5.563333	0.200	-0.144768
5.566667	0.200	-0.141484
5.570000	0.200	-0.139507
5.573333	0.200	-0.138860
5.576667	0.200	-0.139303
5.580000	0.200	-0.140516
5.583333	0.200	-0.142065
5.586667	0.200	-0.143321
5.590000	0.200	-0.143830
5.593333	0.200	-0.143685
5.596667	0.200	-0.143390
5.600000	0.200	-0.143320
5.603333	0.200	-0.143465
5.606667	0.200	-0.143855
5.610000	0.200	-0.144673
5.613333	0.200	-0.145804
5.616667	0.200	-0.146979
5.620000	0.200	-0.148232
5.623333	0.200	-0.149559
5.626667	0.200	-0.150458
5.630000	0.200	-0.150410
5.633333	0.200	-0.149184
5.636667	0.200	-0.146429
5.640000	0.200	-0.141710
5.643333	0.200	-0.134867
5.646667	0.200	-0.126037
5.650000	0.200	-0.115834
5.653333	0.200	-0.105690
5.656667	0.200	-0.097501
5.660000	0.200	-0.092799
5.663333	0.200	-0.092282
5.666667	0.200	-0.095644
5.670000	0.200	-0.101698
5.673333	0.200	-0.109162
5.676667	0.200	-0.117273
5.680000	0.200	-0.125467
5.683333	0.200	-0.132918
5.686667	0.200	-0.138942
5.690000	0.200	-0.143806
5.693333	0.200	-0.148635
5.696667	0.200	-0.154371
5.700000	0.200	-0.161113
5.703333	0.200	-0.168201
5.706667	0.200	-0.174529
5.710000	0.200	-0.178900
5.713333	0.200	-0.180512
5.716667	0.200	-0.179261
5.720000	0.200	-0.175426
5.723333	0.200	-0.169381
5.726667	0.200	-0.161580
5.730000	0.200	-0.152057
5.733333	0.200	-0.140388
5.736667	0.200	-0.126668
5.740000	0.200	-0.111765
5.743333	0.200	-0.096764
5.746667	0.200	-0.082747
5.750000	0.200	-0.070583
5.753333	0.200	-0.060700
5.756667	0.200	-0.053270
5.760000	0.200	-0.048417
5.763333	0.200	-0.046143
5.766667	0.200	-0.046171
5.770000	0.200	-0.048081
5.773333	0.200	-0.051660
5.776667	0.200	-0.056796
5.780000	0.200	-0.063054
5.783333	0.200	-0.069829
5.786667	0.200	-0.076784
5.790000	0.200	-0.083809
5.793333	0.200	-0.090659
5.796667	0.200	-0.096518
5.800000	0.200	-0.100011
5.803333	0.200	-0.100000
5.806667	0.200	-0.096407
5.810000	0.200	-0.090422
5.813333	0.200	-0.084157
5.816667	0.200	-0.079695
5.820000	0.200	-0.078263
5.823333	0.200	-0.080433
5.826667	0.200	-0.086530
5.830000	0.200	-0.096292
5.833333	0.200	-0.108378
5.836667	0.200	-0.120678
5.840000	0.200	-0.131395
5.843333	0.200	-0.139779
5.846667	0.200	-0.145632
5.850000	0.200	-0.148677
5.853333	0.200	-0.148972
5.856667	0.200	-0.147515
5.860000	0.200	-0.145916
5.863333	0.200	-0.145346
5.866667	0.200	-0.145842
5.870000	0.200	-0.146798
5.873333	0.200	-0.147665
5.876667	0.200	-0.147634
5.880000	0.200	-0.145378
5.883333	0.200	-0.139666
5.886667	0.200	-0.129817
5.890000	0.200	-0.115637
5.893333	0.200	-0.097349
5.896667	0.200	-0.075616
5.900000	0.200	-0.051693
5.903333	0.200	-0.027551
5.906667	0.200	-0.005619
5.910000	0.200	0.011813
5.913333	0.200	0.023130
5.916667	0.200	0.027807
5.920000	0.200	0.026631
5.923333	0.200	0.021373
5.926667	0.200	0.013807
5.930000	0.200	0.004891
5.933333	0.200	-0.004986
5.936667	0.200	-0.015447
5.940000	0.200	-0.026150
5.943333	0.200	-0.036896
5.946667	0.200	-0.047908
5.950000	0.200	-0.059794
5.953333	0.200	-0.072254
5.956667	0.200	-0.083437
5.960000	0.200	-0.091495
5.963333	0.200	-0.096178
5.966667	0.200	-0.098712
5.970000	0.200	-0.100735
5.973333	0.200	-0.103317
5.976667	0.200	-0.106443
5.980000	0.200	-0.109376
5.983333	0.200	-0.111528
5.986667	0.200	-0.112818
5.990000	0.200	-0.113346
5.993333	0.200	-0.113053
5.996667	0.200	-0.111758
6.000000	0.200	-0.109586
6.003333	0.200	-0.107290
6.006667	0.200	-0.105603
6.010000	0.200	-0.104343
6.013333	0.200	-0.102824
6.016667	0.200	-0.100937
6.020000	0.200	-0.099307
6.023333	0.200	-0.098401
6.026667	0.200	-0.097756
6.030000	0.200	-0.096268
6.033333	0.200	-0.092998
6.036667	0.200	-0.087634
6.040000	0.200	-0.080473
6.043333	0.200	-0.071878
6.046667	0.200	-0.061645
6.050000	0.200	-0.049052
6.053333	0.200	-0.033523
6.056667	0.200	-0.015211
6.060000	0.200	0.005044
6.063333	0.200	0.026295
6.066667	0.200	0.047742
6.070000	0.200	0.068305
6.073333	0.200	0.086504
6.076667	0.200	0.100973
6.080000	0.200	0.110879
6.083333	0.200	0.115953
6.086667	0.200	0.116165
6.090000	0.200	0.111515
6.093333	0.200	0.102283
6.096667	0.200	0.089309
6.100000	0.200	0.074009
6.103333	0.200	0.057953
6.106667	0.200	0.042492
6.110000	0.200	0.029103
6.113333	0.200	0.019364
6.116667	0.200	0.014116
6.120000	0.200	0.013128
6.123333	0.200	0.015357
6.126667	0.200	0.019397
6.130000	0.200	0.024071
6.133333	0.200	0.028396
6.136667	0.200	0.031254
6.140000	0.200	0.031923
6.143333	0.200	0.030763
6.146667	0.200	0.028880
6.150000	0.200	0.027254
6.153333	0.200	0.026426
6.156667	0.200	0.026968
6.160000	0.200	0.029592
6.163333	0.200	0.034382
6.166667	0.200	0.040292
6.170000	0.200	0.045560
6.173333	0.200	0.048601
6.176667	0.200	0.048711
6.180000	0.200	0.046150
6.183333	0.200	0.041619
6.186667	0.200	0.035595
6.190000	0.200	0.028217
6.193333	0.200	0.019749
6.196667	0.200	0.011020
6.200000	0.200	0.003156
6.203333	0.200	-0.003172
6.206667	0.200	-0.007952
6.210000	0.200	-0.011494
6.213333	0.200	-0.014495
6.216667	0.200	-0.018009
6.220000	0.200	-0.022642
6.223333	0.200	-0.028133
6.226667	0.200	-0.034009
6.230000	0.200	-0.039904
6.233333	0.200	-0.045254
6.236667	0.200	-0.049409
6.240000	0.200	-0.052069
6.243333	0.200	-0.053368
6.246667	0.200	-0.053736
6.250000	0.200	-0.053616
6.253333	0.200	-0.052994
6.256667	0.200	-0.051231
6.260000	0.200	-0.047709
6.263333	0.200	-0.042822
6.266667	0.200	-0.038131
6.270000	0.200	-0.035361
6.273333	0.200	-0.035501
6.276667	0.200	-0.038623
6.280000	0.200	-0.043904
6.283333	0.200	-0.050139
6.286667	0.200	-0.056548
6.290000	0.200	-0.062765
6.293333	0.200	-0.068170
6.296667	0.200	-0.071967
6.300000	0.200	-0.073904
6.303333	0.200	-0.074296
6.306667	0.200	-0.073665
6.310000	0.200	-0.072643
6.313333	0.200	-0.071743
6.316667	0.200	-0.071095
6.320000	0.200	-0.070331
6.323333	0.200	-0.068680
6.326667	0.200	-0.065606
6.330000	0.200	-0.061554
6.333333	0.200	-0.057488
6.336667	0.200	-0.053784
6.340000	0.200	-0.050352
6.343333	0.200	-0.047246
6.346667	0.200	-0.044568
6.350000	0.200	-0.042643
6.353333	0.200	-0.042242
6.356667	0.200	-0.043872
6.360000	0.200	-0.047239
6.363333	0.200	-0.051651
6.366667	0.200	-0.056596
6.370000	0.200	-0.061824
6.373333	0.200	-0.066935
6.376667	0.200	-0.071221
6.380000	0.200	-0.074052
6.383333	0.200	-0.075104
6.386667	0.200	-0.074375
6.390000	0.200	-0.072245
6.393333	0.200	-0.069363
6.396667	0.200	-0.066287
6.400000	0.200	-0.063071
6.403333	0.200	-0.059343
6.406667	0.200	-0.055041
6.410000	0.200	-0.050707
6.413333	0.200	-0.046726
6.416667	0.200	-0.042562
6.420000	0.200	-0.037010
6.423333	0.200	-0.029008
6.426667	0.200	-0.017781
6.430000	0.200	-0.002546
6.433333	0.200	0.017251
6.436667	0.200	0.041536
6.440000	0.200	0.069458
6.443333	0.200	0.099380
6.446667	0.200	0.129154
6.450000	0.200	0.156576
6.453333	0.200	0.179601
6.456667	0.200	0.196473
6.460000	0.200	0.205928
6.463333	0.200	0.207372
6.466667	0.200	0.201075
6.470000	0.200	0.188236
6.473333	0.200	0.170439
6.476667	0.200	0.148928
6.480000	0.200	0.124571
6.483333	0.200	0.098165
6.486667	0.200	0.070741
6.490000	0.200	0.043709
6.493333	0.200	0.018508
6.496667	0.200	-0.003767
6.500000	0.200	-0.022327
6.503333	0.200	-0.036700
6.506667	0.200	-0.047061
6.510000	0.200	-0.054466
6.513333	0.200	-0.060458
6.516667	0.200	-0.066173
6.520000	0.200	-0.071942
6.523333	0.200	-0.077792
6.526667	0.200	-0.083903
6.530000	0.200	-0.090355
6.533333	0.200	-0.096839
6.536667	0.200	-0.102867
6.540000	0.200	-0.108110
6.543333	0.200	-0.112337
6.546667	0.200	-0.115212
6.550000	0.200	-0.116400
6.553333	0.200	-0.115840
6.556667	0.200	-0.114135
6.560000	0.200	-0.112680
6.563333	0.200	-0.112689
6.566667	0.200	-0.114077
6.570000	0.200	-0.115780
6.573333	0.200	-0.116776
6.576667	0.200	-0.116679
6.580000	0.200	-0.115899
6.583333	0.200	-0.115188
6.586667	0.200	-0.115012
6.590000	0.200	-0.115608
6.593333	0.200	-0.117143
6.596667	0.200	-0.119382
6.600000	0.200	-0.121541
6.603333	0.200	-0.122669
6.606667	0.200	-0.122205
6.610000	0.200	-0.120418
6.613333	0.200	-0.118344
6.616667	0.200	-0.117093
6.620000	0.200	-0.116878
6.623333	0.200	-0.116791
6.626667	0.200	-0.115864
6.630000	0.200	-0.114104
6.633333	0.200	-0.112229
6.636667	0.200	-0.110866
6.640000	0.200	-0.110101
6.643333	0.200	-0.109213
6.646667	0.200	-0.107144
6.650000	0.200	-0.103573
6.653333	0.200	-0.098960
6.656667	0.200	-0.093768
6.660000	0.200	-0.088294
6.663333	0.200	-0.082876
6.666667	0.200	-0.077790
6.670000	0.200	-0.073216
6.673333	0.200	-0.069396
6.676667	0.200	-0.066558
6.680000	0.200	-0.064748
6.683333	0.200	-0.063905
6.686667	0.200	-0.064092
6.690000	0.200	-0.065577
6.693333	0.200	-0.068411
6.696667	0.200	-0.072102
6.700000	0.200	-0.076111
6.703333	0.200	-0.080295
6.706667	0.200	-0.084496
6.710000	0.200	-0.088101
6.713333	0.200	-0.090566
6.716667	0.200	-0.092335
6.720000	0.200	-0.094474
6.723333	0.200	-0.097113
6.726667	0.200	-0.099068
6.730000	0.200	-0.098977
6.733333	0.200	-0.096192
6.736667	0.200	-0.091123
6.740000	0.200	-0.084902
6.743333	0.200	-0.078384
6.746667	0.200	-0.071628
6.750000	0.200	-0.064384
6.753333	0.200	-0.056957
6.756667	0.200	-0.050435
6.760000	0.200	-0.046050
6.763333	0.200	-0.044434
6.766667	0.200	-0.045308
6.770000	0.200	-0.047918
6.773333	0.200	-0.051787
6.776667	0.200	-0.056602
6.780000	0.200	-0.061806
6.783333	0.200	-0.066953
6.786667	0.200	-0.071951
6.790000	0.200	-0.076545
6.793333	0.200	-0.080002
6.796667	0.200	-0.081725
6.800000	0.200	-0.081979
6.803333	0.200	-0.081558
6.806667	0.200	-0.081199
6.810000	0.200	-0.081430
6.813333	0.200	-0.082359
6.816667	0.200	-0.083671
6.820000	0.200	-0.085059
6.823333	0.200	-0.086358
6.826667	0.200	-0.087422
6.830000	0.200	-0.088473
6.833333	0.200	-0.090367
6.836667	0.200	-0.093692
6.840000	0.200	-0.097686
6.843333	0.200	-0.100825
6.846667	0.200	-0.102294
6.850000	0.200	-0.102344
6.853333	0.200	-0.101744
6.856667	0.200	-0.101189
6.860000	0.200	-0.100905
6.863333	0.200	-0.100867
6.866667	0.200	-0.101096
6.870000	0.200	-0.101421
6.873333	0.200	-0.101328
6.876667	0.200	-0.099648
6.880000	0.200	-0.093688
6.883333	0.200	-0.078486
6.886667	0.200	-0.045879
6.890000	0.200	0.017308
6.893333	0.200	0.131949
6.896667	0.200	0.330623
6.900000	0.200	0.662477
6.903333	0.200	1.197479
6.906667	0.200	2.029591
6.910000	0.200	3.278490
6.913333	0.200	5.088387
6.916667	0.200	7.622106
6.920000	0.200	11.048890
6.923333	0.200	15.525614
6.926667	0.200	21.172169
6.930000	0.200	28.043357
6.933333	0.200	36.101995
6.936667	0.200	45.198513
6.940000	0.200	55.061712
6.943333	0.200	65.304509
6.946667	0.200	75.446262
6.950000	0.200	84.950296
6.953333	0.200	93.272473
6.956667	0.200	99.915098
6.960000	0.200	104.479690
6.963333	0.200	106.710283
6.966667	0.200	106.518823
6.970000	0.200	103.989038
6.973333	0.200	99.360388
6.976667	0.200	92.996131
6.980000	0.200	85.340709
6.983333	0.200	76.871898
6.986667	0.200	68.053877
6.990000	0.200	59.298246
6.993333	0.200	50.937950
6.996667	0.200	43.215054
7.000000	0.200	36.280376
7.003333	0.200	30.202137
7.006667	0.200	24.981214
7.010000	0.200	20.570127
7.013333	0.200	16.891611
7.016667	0.200	13.853670
7.020000	0.200	11.360749
7.023333	0.200	9.321618
7.026667	0.200	7.654388
7.030000	0.200	6.289327
7.033333	0.200	5.169565
7.036667	0.200	4.249677
7.040000	0.200	3.493267
7.043333	0.200	2.871097
7.046667	0.200	2.359707
7.050000	0.200	1.939752
7.053333	0.200	1.594693
7.056667	0.200	1.310594
7.060000	0.200	1.076420
7.063333	0.200	0.883837
7.066667	0.200	0.726346
7.070000	0.200	0.598294
7.073333	0.200	0.494312
7.076667	0.200	0.409453
7.080000	0.200	0.339747
7.083333	0.200	0.282424
7.086667	0.200	0.235547
7.090000	0.200	0.197206
7.093333	0.200	0.165176
7.096667	0.200	0.137722
7.100000	0.200	0.114035
7.103333	0.200	0.093533
7.106667	0.200	0.075633
7.110000	0.200	0.060170
7.113333	0.200	0.047191
7.116667	0.200	0.036553
7.120000	0.200	0.028176
7.123333	0.200	0.022011
7.126667	0.200	0.017194
7.130000	0.200	0.012074
7.133333	0.200	0.005637
7.136667	0.200	-0.001787
7.140000	0.200	-0.009276
7.143333	0.200	-0.016127
7.146667	0.200	-0.022183
7.150000	0.200	-0.027747
7.153333	0.200	-0.033190
7.156667	0.200	-0.038628
7.160000	0.200	-0.043764
7.163333	0.200	-0.047995
7.166667	0.200	-0.051068
7.170000	0.200	-0.053560
7.173333	0.200	-0.056395
7.176667	0.200	-0.060096
7.180000	0.200	-0.064463
7.183333	0.200	-0.068856
7.186667	0.200	-0.072779
7.190000	0.200	-0.076071
7.193333	0.200	-0.078669
7.196667	0.200	-0.080537
7.200000	0.200	-0.081800
7.203333	0.200	-0.082813
7.206667	0.200	-0.083995
7.210000	0.200	-0.085415
7.213333	0.200	-0.086736
7.216667	0.200	-0.087835
7.220000	0.200	-0.089113
7.223333	0.200	-0.090723
7.226667	0.200	-0.091513
7.230000	0.200	-0.088771
7.233333	0.200	-0.079101
7.236667	0.200	-0.059987
7.240000	0.200	-0.030581
7.243333	0.200	0.009300
7.246667	0.200	0.060982
7.250000	0.200	0.127670
7.253333	0.200	0.213461
7.256667	0.200	0.321921
7.260000	0.200	0.455019
7.263333	0.200	0.612560
7.266667	0.200	0.792862
7.270000	0.200	0.993577
7.273333	0.200	1.210863
7.276667	0.200	1.438178
7.280000	0.200	1.666483
7.283333	0.200	1.885163
7.286667	0.200	2.082995
7.290000	0.200	2.249442
7.293333	0.200	2.375973
7.296667	0.200	2.456845
7.300000	0.200	2.489156
7.303333	0.200	2.472722
7.306667	0.200	2.410153
7.310000	0.200	2.306208
7.313333	0.200	2.166691
7.316667	0.200	1.998565
7.320000	0.200	1.810640
7.323333	0.200	1.612720
7.326667	0.200	1.413493
7.330000	0.200	1.219514
7.333333	0.200	1.035855
7.336667	0.200	0.866620
7.340000	0.200	0.714410
7.343333	0.200	0.579749
7.346667	0.200	0.461703
7.350000	0.200	0.359410
7.353333	0.200	0.272758
7.356667	0.200	0.201584
7.360000	0.200	0.144405
7.363333	0.200	0.098276
7.366667	0.200	0.060083
7.370000	0.200	0.027689
7.373333	0.200	0.000060
7.376667	0.200	-0.023100
7.380000	0.200	-0.041777
7.383333	0.200	-0.055946
7.386667	0.200	-0.065708
7.390000	0.200	-0.071091
7.393333	0.200	-0.071659
7.396667	0.200	-0.066837
7.400000	0.200	-0.056733
7.403333	0.200	-0.042509
7.406667	0.200	-0.026094
7.410000	0.200	-0.009238
7.413333	0.200	0.007075
7.416667	0.200	0.022330
7.420000	0.200	0.036256
7.423333	0.200	0.048844
7.426667	0.200	0.060071
7.430000	0.200	0.069526
7.433333	0.200	0.076355
7.436667	0.200	0.079460
7.440000	0.200	0.077774
7.443333	0.200	0.070740
7.446667	0.200	0.058850
7.450000	0.200	0.043589
7.453333	0.200	0.026581
7.456667	0.200	0.008951
7.460000	0.200	-0.008572
7.463333	0.200	-0.025515
7.466667	0.200	-0.041662
7.470000	0.200	-0.056808
7.473333	0.200	-0.070665
7.476667	0.200	-0.083332
7.480000	0.200	-0.095215
7.483333	0.200	-0.106124
7.486667	0.200	-0.115200
7.490000	0.200	-0.121885
7.493333	0.200	-0.126361
7.496667	0.200	-0.129249
7.500000	0.200	-0.131362
7.503333	0.200	-0.133474
7.506667	0.200	-0.135820
7.510000	0.200	-0.137923
7.513333	0.200	-0.139074
7.516667	0.200	-0.138898
7.520000	0.200	-0.137622
7.523333	0.200	-0.135823
7.526667	0.200	-0.133762
7.530000	0.200	-0.131130
7.533333	0.200	-0.127525
7.536667	0.200	-0.122925
7.540000	0.200	-0.117627
7.543333	0.200	-0.112006
7.546667	0.200	-0.106485
7.550000	0.200	-0.101394
7.553333	0.200	-0.096917
7.556667	0.200	-0.093117
7.560000	0.200	-0.089837
7.563333	0.200	-0.086950
7.566667	0.200	-0.084642
7.570000	0.200	-0.083047
7.573333	0.200	-0.081857
7.576667	0.200	-0.080404
7.580000	0.200	-0.078019
7.583333	0.200	-0.074661
7.586667	0.200	-0.071266
7.590000	0.200	-0.069114
7.593333	0.200	-0.068955
7.596667	0.200	-0.070718
7.600000	0.200	-0.073713
7.603333	0.200	-0.077254
7.606667	0.200	-0.081332
7.610000	0.200	-0.086311
7.613333	0.200	-0.091956
7.616667	0.200	-0.097273
7.620000	0.200	-0.101443
7.623333	0.200	-0.104440
7.626667	0.200	-0.106604
7.630000	0.200	-0.108183
7.633333	0.200	-0.109511
7.636667	0.200	-0.111177
7.640000	0.200	-0.113701
7.643333	0.200	-0.117125
7.646667	0.200	-0.121090
7.650000	0.200	-0.125443
7.653333	0.200	-0.130562
7.656667	0.200	-0.136761
7.660000	0.200	-0.143544
7.663333	0.200	-0.149724
7.666667	0.200	-0.154195
7.670000	0.200	-0.156675
7.673333	0.200	-0.157995
7.676667	0.200	-0.159737
7.680000	0.200	-0.163232
7.683333	0.200	-0.168559
7.686667	0.200	-0.174467
7.690000	0.200	-0.179501
7.693333	0.200	-0.183195
7.696667	0.200	-0.185939
7.700000	0.200	-0.188179
7.703333	0.200	-0.189891
7.706667	0.200	-0.190213
7.710000	0.200	-0.187674
7.713333	0.200	-0.180686
7.716667	0.200	-0.166960
7.720000	0.200	-0.142005
7.723333	0.200	-0.097609
7.726667	0.200	-0.020640
7.730000	0.200	0.107913
7.733333	0.200	0.313675
7.736667	0.200	0.628581
7.740000	0.200	1.088713
7.743333	0.200	1.730358
7.746667	0.200	2.584034
7.750000	0.200	3.666128
7.753333	0.200	4.969978
7.756667	0.200	6.459917
7.760000	0.200	8.069807
7.763333	0.200	9.705714
7.766667	0.200	11.253604
7.770000	0.200	12.592739
7.773333	0.200	13.612301
7.776667	0.200	14.227130
7.780000	0.200	14.389795
7.783333	0.200	14.097280
7.786667	0.200	13.390654
7.790000	0.200	12.347413
7.793333	0.200	11.068474
7.796667	0.200	9.662736
7.800000	0.200	8.232420
7.803333	0.200	6.861798
7.806667	0.200	5.610825
7.810000	0.200	4.514168
7.813333	0.200	3.584249
7.816667	0.200	2.816231
7.820000	0.200	2.194145
7.823333	0.200	1.697073
7.826667	0.200	1.303394
7.830000	0.200	0.992823
7.833333	0.200	0.747483
7.836667	0.200	0.552725
7.840000	0.200	0.397536
7.843333	0.200	0.273997
7.846667	0.200	0.176182
7.850000	0.200	0.099540
7.853333	0.200	0.040572
7.856667	0.200	-0.003832
7.860000	0.200	-0.036963
7.863333	0.200	-0.061922
7.866667	0.200	-0.080964
7.870000	0.200	-0.095677
7.873333	0.200	-0.107251
7.876667	0.200	-0.116421
7.880000	0.200	-0.123747
7.883333	0.200	-0.129845
7.886667	0.200	-0.135162
7.890000	0.200	-0.139824
7.893333	0.200	-0.143822
7.896667	0.200	-0.147238
7.900000	0.200	-0.150177
7.903333	0.200	-0.152705
7.906667	0.200	-0.155120
7.910000	0.200	-0.157927
7.913333	0.200	-0.161342
7.916667	0.200	-0.165088
7.920000	0.200	-0.168673
7.923333	0.200	-0.171738
7.926667	0.200	-0.174394
7.930000	0.200	-0.177030
7.933333	0.200	-0.179552
7.936667	0.200	-0.181314
7.940000	0.200	-0.181842
7.943333	0.200	-0.181029
7.946667	0.200	-0.179143
7.950000	0.200	-0.177288
7.953333	0.200	-0.177060
7.956667	0.200	-0.178986
7.960000	0.200	-0.181918
7.963333	0.200	-0.184432
7.966667	0.200	-0.185938
7.970000	0.200	-0.186058
7.973333	0.200	-0.184260
7.976667	0.200	-0.180500
7.980000	0.200	-0.175379
7.983333	0.200	-0.169685
7.986667	0.200	-0.163908
7.990000	0.200	-0.157830
7.993333	0.200	-0.150422
7.996667	0.200	-0.139888
8.000000	0.200	-0.123840
8.003333	0.200	-0.100032
8.006667	0.200	-0.067104
8.010000	0.200	-0.024956
8.013333	0.200	0.024888
8.016667	0.200	0.079343
8.020000	0.200	0.134442
8.023333	0.200	0.185737
8.026667	0.200	0.228613
8.030000	0.200	0.259295
8.033333	0.200	0.275428
8.036667	0.200	0.275421
8.040000	0.200	0.258603
8.043333	0.200	0.226787
8.046667	0.200	0.184725
8.050000	0.200	0.138267
8.053333	0.200	0.091891
8.056667	0.200	0.047874
8.060000	0.200	0.007125
8.063333	0.200	-0.030016
8.066667	0.200	-0.063446
8.070000	0.200	-0.092863
8.073333	0.200	-0.117540
8.076667	0.200	-0.137000
8.080000	0.200	-0.151731
8.083333	0.200	-0.162747
8.086667	0.200	-0.170826
8.090000	0.200	-0.176605
8.093333	0.200	-0.180802
8.096667	0.200	-0.184098
8.100000	0.200	-0.186982
8.103333	0.200	-0.189557
8.106667	0.200	-0.191619
8.110000	0.200	-0.193209
8.113333	0.200	-0.194890
8.116667	0.200	-0.197263
8.120000	0.200	-0.200453
8.123333	0.200	-0.204286
8.126667	0.200	-0.208427
8.130000	0.200	-0.212164
8.133333	0.200	-0.214680
8.136667	0.200	-0.215741
8.140000	0.200	-0.216051
8.143333	0.200	-0.216771
8.146667	0.200	-0.218429
8.150000	0.200	-0.220701
8.153333	0.200	-0.223050
8.156667	0.200	-0.224860
8.160000	0.200	-0.225411
8.163333	0.200	-0.224540
8.166667	0.200	-0.223007
8.170000	0.200	-0.221621
8.173333	0.200	-0.220374
8.176667	0.200	-0.218786
8.180000	0.200	-0.216447
8.183333	0.200	-0.213233
8.186667	0.200	-0.209777
8.190000	0.200	-0.207344
8.193333	0.200	-0.206796
8.196667	0.200	-0.207946
8.200000	0.200	-0.209763
8.203333	0.200	-0.210960
8.206667	0.200	-0.210754
8.210000	0.200	-0.209260
8.213333	0.200	-0.207256
8.216667	0.200	-0.205848
8.220000	0.200	-0.206045
8.223333	0.200	-0.208092
8.226667	0.200	-0.211358
8.230000	0.200	-0.214827
8.233333	0.200	-0.217487
8.236667	0.200	-0.218765
8.240000	0.200	-0.218972
8.243333	0.200	-0.218976
8.246667	0.200	-0.219382
8.250000	0.200	-0.220247
8.253333	0.200	-0.221330
8.256667	0.200	-0.222295
8.260000	0.200	-0.222931
8.263333	0.200	-0.223429
8.266667	0.200	-0.224338
8.270000	0.200	-0.226163
8.273333	0.200	-0.228927
8.276667	0.200	-0.231926
8.280000	0.200	-0.234064
8.283333	0.200	-0.234458
8.286667	0.200	-0.232853
8.290000	0.200	-0.230091
8.293333	0.200	-0.227918
8.296667	0.200	-0.227510
8.300000	0.200	-0.228597
8.303333	0.200	-0.230399
8.306667	0.200	-0.232318
8.310000	0.200	-0.233598
8.313333	0.200	-0.233532
8.316667	0.200	-0.231898
8.320000	0.200	-0.228822
8.323333	0.200	-0.224671
8.326667	0.200	-0.219827
8.330000	0.200	-0.214407
8.333333	0.200	-0.208457
8.336667	0.200	-0.202216
8.340000	0.200	-0.196086
8.343333	0.200	-0.190645
8.346667	0.200	-0.186673
8.350000	0.200	-0.184748
8.353333	0.200	-0.184746
8.356667	0.200	-0.185940
8.360000	0.200	-0.187510
8.363333	0.200	-0.189166
8.366667	0.200	-0.191394
8.370000	0.200	-0.194634
8.373333	0.200	-0.198251
8.376667	0.200	-0.200767
8.380000	0.200	-0.200916
8.383333	0.200	-0.198393
8.386667	0.200	-0.194035
8.390000	0.200	-0.189278
8.393333	0.200	-0.185430
8.396667	0.200	-0.183626
8.400000	0.200	-0.184723
8.403333	0.200	-0.188634
8.406667	0.200	-0.194422
8.410000	0.200	-0.201063
8.413333	0.200	-0.207786
8.416667	0.200	-0.214160
8.420000	0.200	-0.220253
8.423333	0.200	-0.226714
8.426667	0.200	-0.234303
8.430000	0.200	-0.242908
8.433333	0.200	-0.251198
8.436667	0.200	-0.257305
8.440000	0.200	-0.260000
8.443333	0.200	-0.259491
8.446667	0.200	-0.257264
8.450000	0.200	-0.255270
8.453333	0.200	-0.254823
8.456667	0.200	-0.255957
8.460000	0.200	-0.258116
8.463333	0.200	-0.261049
8.466667	0.200	-0.264586
8.470000	0.200	-0.268099
8.473333	0.200	-0.270765
8.476667	0.200	-0.272298
8.480000	0.200	-0.273189
8.483333	0.200	-0.274104
8.486667	0.200	-0.275119
8.490000	0.200	-0.275682
8.493333	0.200	-0.275309
8.496667	0.200	-0.274097
8.500000	0.200	-0.272735
8.503333	0.200	-0.272319
8.506667	0.200	-0.273484
8.510000	0.200	-0.275341
8.513333	0.200	-0.276280
8.516667	0.200	-0.275669
8.520000	0.200	-0.273775
8.523333	0.200	-0.270862
8.526667	0.200	-0.267142
8.530000	0.200	-0.262937
8.533333	0.200	-0.258775
8.536667	0.200	-0.255264
8.540000	0.200	-0.252345
8.543333	0.200	-0.248867
8.546667	0.200	-0.243480
8.550000	0.200	-0.235889
8.553333	0.200	-0.226973
8.556667	0.200	-0.217954
8.560000	0.200	-0.209481
8.563333	0.200	-0.201621
8.566667	0.200	-0.194792
8.570000	0.200	-0.189907
8.573333	0.200	-0.187465
8.576667	0.200	-0.187387
8.580000	0.200	-0.189559
8.583333	0.200	-0.193658
8.586667	0.200	-0.198733
8.590000	0.200	-0.203563
8.593333	0.200	-0.207348
8.596667	0.200	-0.210075
8.600000	0.200	-0.212410
8.603333	0.200	-0.215034
8.606667	0.200	-0.218173
8.610000	0.200	-0.221968
8.613333	0.200	-0.226772
8.616667	0.200	-0.232706
8.620000	0.200	-0.239286
8.623333	0.200	-0.245598
8.626667	0.200	-0.250752
8.630000	0.200	-0.254221
8.633333	0.200	-0.255914
8.636667	0.200	-0.256204
8.640000	0.200	-0.256059
8.643333	0.200	-0.256720
8.646667	0.200	-0.258946
8.650000	0.200	-0.262686
8.653333	0.200	-0.267493
8.656667	0.200	-0.272872
8.660000	0.200	-0.277983
8.663333	0.200	-0.281617
8.666667	0.200	-0.283055
8.670000	0.200	-0.282514
8.673333	0.200	-0.280654
8.676667	0.200	-0.278227
8.680000	0.200	-0.275982
8.683333	0.200	-0.274471
8.686667	0.200	-0.274091
8.690000	0.200	-0.275236
8.693333	0.200	-0.278049
8.696667	0.200	-0.282047
8.700000	0.200	-0.286251
8.703333	0.200	-0.289789
8.706667	0.200	-0.292300
8.710000	0.200	-0.293869
8.713333	0.200	-0.294815
8.716667	0.200	-0.295673
8.720000	0.200	-0.296969
8.723333	0.200	-0.298766
8.726667	0.200	-0.300786
8.730000	0.200	-0.302777
8.733333	0.200	-0.304656
8.736667	0.200	-0.306812
8.740000	0.200	-0.309874
8.743333	0.200	-0.313669
8.746667	0.200	-0.316903
8.750000	0.200	-0.318250
8.753333	0.200	-0.317471
8.756667	0.200	-0.315359
8.760000	0.200	-0.312937
8.763333	0.200	-0.310954
8.766667	0.200	-0.309913
8.770000	0.200	-0.310067
8.773333	0.200	-0.311267
8.776667	0.200	-0.312992
8.780000	0.200	-0.314644
8.783333	0.200	-0.315853
8.786667	0.200	-0.316376
8.790000	0.200	-0.315978
8.793333	0.200	-0.314789
8.796667	0.200	-0.313530
8.800000	0.200	-0.313078
8.803333	0.200	-0.313882
8.806667	0.200	-0.315818
8.810000	0.200	-0.318522
8.813333	0.200	-0.321739
8.816667	0.200	-0.325193
8.820000	0.200	-0.328144
8.823333	0.200	-0.329481
8.826667	0.200	-0.328809
8.830000	0.200	-0.327159
8.833333	0.200	-0.326019
8.836667	0.200	-0.325945
8.840000	0.200	-0.326564
8.843333	0.200	-0.327501
8.846667	0.200	-0.328832
8.850000	0.200	-0.330898
8.853333	0.200	-0.334219
8.856667	0.200	-0.339280
8.860000	0.200	-0.345727
8.863333	0.200	-0.352083
8.866667	0.200	-0.356777
8.870000	0.200	-0.359434
8.873333	0.200	-0.361012
8.876667	0.200	-0.362757
8.880000	0.200	-0.365195
8.883333	0.200	-0.368196
8.886667	0.200	-0.371625
8.890000	0.200	-0.375571
8.893333	0.200	-0.380106
8.896667	0.200	-0.385077
8.900000	0.200	-0.390211
8.903333	0.200	-0.395270
8.906667	0.200	-0.399953
8.910000	0.200	-0.403737
8.913333	0.200	-0.405887
8.916667	0.200	-0.405480
8.920000	0.200	-0.401387
8.923333	0.200	-0.392098
8.926667	0.200	-0.375592
8.930000	0.200	-0.349953
8.933333	0.200	-0.314400
8.936667	0.200	-0.269568
8.940000	0.200	-0.217437
8.943333	0.200	-0.161851
8.946667	0.200	-0.108808
8.950000	0.200	-0.065073
8.953333	0.200	-0.036110
8.956667	0.200	-0.024891
8.960000	0.200	-0.031485
8.963333	0.200	-0.053308
8.966667	0.200	-0.085878
8.970000	0.200	-0.123734
8.973333	0.200	-0.161794
8.976667	0.200	-0.196403
8.980000	0.200	-0.225293
8.983333	0.200	-0.247473
8.986667	0.200	-0.263357
8.990000	0.200	-0.274368
8.993333	0.200	-0.282543
8.996667	0.200	-0.290351
9.000000	0.200	-0.299826
9.003333	0.200	-0.311611
9.006667	0.200	-0.324881
9.010000	0.200	-0.337778
9.013333	0.200	-0.348441
9.016667	0.200	-0.356523
9.020000	0.200	-0.363356
9.023333	0.200	-0.370523
9.026667	0.200	-0.378784
9.030000	0.200	-0.388134
9.033333	0.200	-0.398045
9.036667	0.200	-0.407588
9.040000	0.200	-0.416006
9.043333	0.200	-0.423375
9.046667	0.200	-0.430395
9.050000	0.200	-0.437456
9.053333	0.200	-0.444156
9.056667	0.200	-0.449751
9.060000	0.200	-0.453544
9.063333	0.200	-0.454994
9.066667	0.200	-0.454252
9.070000	0.200	-0.452446
9.073333	0.200	-0.451090
9.076667	0.200	-0.451239
9.080000	0.200	-0.452796
9.083333	0.200	-0.454451
9.086667	0.200	-0.454747
9.090000	0.200	-0.453637
9.093333	0.200	-0.452663
9.096667	0.200	-0.453176
9.100000	0.200	-0.455006
9.103333	0.200	-0.457067
9.106667	0.200	-0.458327
9.110000	0.200	-0.458350
9.113333	0.200	-0.457550
9.116667	0.200	-0.456929
9.120000	0.200	-0.457658
9.123333	0.200	-0.460343
9.126667	0.200	-0.464141
9.130000	0.200	-0.467231
9.133333	0.200	-0.468375
9.136667	0.200	-0.467568
9.140000	0.200	-0.465366
9.143333	0.200	-0.462347
9.146667	0.200	-0.459287
9.150000	0.200	-0.457179
9.153333	0.200	-0.456856
9.156667	0.200	-0.458599
9.160000	0.200	-0.461797
9.163333	0.200	-0.464983
9.166667	0.200	-0.466484
9.170000	0.200	-0.465449
9.173333	0.200	-0.462545
9.176667	0.200	-0.459258
9.180000	0.200	-0.456541
9.183333	0.200	-0.454743
9.186667	0.200	-0.454174
9.190000	0.200	-0.454862
9.193333	0.200	-0.456274
9.196667	0.200	-0.457941
9.200000	0.200	-0.459758
9.203333	0.200	-0.461253
9.206667	0.200	-0.461505
9.210000	0.200	-0.460032
9.213333	0.200	-0.456854
9.216667	0.200	-0.451762
9.220000	0.200	-0.444275
9.223333	0.200	-0.434277
9.226667	0.200	-0.422272
9.230000	0.200	-0.409342
9.233333	0.200	-0.397219
9.236667	0.200	-0.387727
9.240000	0.200	-0.381625
9.243333	0.200	-0.378398
9.246667	0.200	-0.377356
9.250000	0.200	-0.378519
9.253333	0.200	-0.382288
9.256667	0.200	-0.388498
9.260000	0.200	-0.396192
9.263333	0.200	-0.404202
9.266667	0.200	-0.411552
9.270000	0.200	-0.417686
9.273333	0.200	-0.422840
9.276667	0.200	-0.427670
9.280000	0.200	-0.432334
9.283333	0.200	-0.436525
9.286667	0.200	-0.439952
9.290000	0.200	-0.442179
9.293333	0.200	-0.442784
9.296667	0.200	-0.442009
9.300000	0.200	-0.440535
9.303333	0.200	-0.438817
9.306667	0.200	-0.437365
9.310000	0.200	-0.437083
9.313333	0.200	-0.438549
9.316667	0.200	-0.441248
9.320000	0.200	-0.443572
9.323333	0.200	-0.443591
9.326667	0.200	-0.440247
9.330000	0.200	-0.433829
9.333333	0.200	-0.425668
9.336667	0.200	-0.417882
9.340000	0.200	-0.412607
9.343333	0.200	-0.410733
9.346667	0.200	-0.411770
9.350000	0.200	-0.414778
9.353333	0.200	-0.418937
9.356667	0.200	-0.423691
9.360000	0.200	-0.428686
9.363333	0.200	-0.433448
9.366667	0.200	-0.437467
9.370000	0.200	-0.440425
9.373333	0.200	-0.441746
9.376667	0.200	-0.440676
9.380000	0.200	-0.437601
9.383333	0.200	-0.434428
9.386667	0.200	-0.433245
9.390000	0.200	-0.435098
9.393333	0.200	-0.439541
9.396667	0.200	-0.444607
9.400000	0.200	-0.447507
9.403333	0.200	-0.446018
9.406667	0.200	-0.439683
9.410000	0.200	-0.430204
9.413333	0.200	-0.420705
9.416667	0.200	-0.414122
9.420000	0.200	-0.411803
9.423333	0.200	-0.413311
9.426667	0.200	-0.417543
9.430000	0.200	-0.423817
9.433333	0.200	-0.431494
9.436667	0.200	-0.439397
9.440000	0.200	-0.446467
9.443333	0.200	-0.452307
9.446667	0.200	-0.456739
9.450000	0.200	-0.459659
9.453333	0.200	-0.461237
9.456667	0.200	-0.461627
9.460000	0.200	-0.460937
9.463333	0.200	-0.459688
9.466667	0.200	-0.458570
9.470000	0.200	-0.457830
9.473333	0.200	-0.457302
9.476667	0.200	-0.456316
9.480000	0.200	-0.453628
9.483333	0.200	-0.448593
9.486667	0.200	-0.442203
9.490000	0.200	-0.436406
9.493333	0.200	-0.432900
9.496667	0.200	-0.432547
9.500000	0.200	-0.435068
9.503333	0.200	-0.439129
9.506667	0.200	-0.443227
9.510000	0.200	-0.446542
9.513333	0.200	-0.448976
9.516667	0.200	-0.451055
9.520000	0.200	-0.453536
9.523333	0.200	-0.456340
9.526667	0.200	-0.458311
9.530000	0.200	-0.458430
9.533333	0.200	-0.456826
9.536667	0.200	-0.454553
9.540000	0.200	-0.452952
9.543333	0.200	-0.453100
9.546667	0.200	-0.455142
9.550000	0.200	-0.458093
9.553333	0.200	-0.460255
9.556667	0.200	-0.459592
9.560000	0.200	-0.454556
9.563333	0.200	-0.445410
9.566667	0.200	-0.434310
9.570000	0.200	-0.424067
9.573333	0.200	-0.417022
9.576667	0.200	-0.414323
9.580000	0.200	-0.415618
9.583333	0.200	-0.419768
9.586667	0.200	-0.426023
9.590000	0.200	-0.434129
9.593333	0.200	-0.443432
9.596667	0.200	-0.452653
9.600000	0.200	-0.460531
9.603333	0.200	-0.466242
9.606667	0.200	-0.469392
9.610000	0.200	-0.470188
9.613333	0.200	-0.469597
9.616667	0.200	-0.468945
9.620000	0.200	-0.469348
9.623333	0.200	-0.471323
9.626667	0.200	-0.474412
9.630000	0.200	-0.477238
9.633333	0.200	-0.477907
9.636667	0.200	-0.474655
9.640000	0.200	-0.467176
9.643333	0.200	-0.457419
9.646667	0.200	-0.448492
9.650000	0.200	-0.443065
9.653333	0.200	-0.442307
9.656667	0.200	-0.445239
9.660000	0.200	-0.449533
9.663333	0.200	-0.453506
9.666667	0.200	-0.456955
9.670000	0.200	-0.460587
9.673333	0.200	-0.465441
9.676667	0.200	-0.472234
9.680000	0.200	-0.480416
9.683333	0.200	-0.487996
9.686667	0.200	-0.492695
9.690000	0.200	-0.493526
9.693333	0.200	-0.491492
9.696667	0.200	-0.489012
9.700000	0.200	-0.488387
9.703333	0.200	-0.489979
9.706667	0.200	-0.491764
9.710000	0.200	-0.490949
9.713333	0.200	-0.485811
9.716667	0.200	-0.476498
9.720000	0.200	-0.464928
9.723333	0.200	-0.453866
9.726667	0.200	-0.445683
9.730000	0.200	-0.441477
9.733333	0.200	-0.441053
9.736667	0.200	-0.443615
9.740000	0.200	-0.448272
9.743333	0.200	-0.454225
9.746667	0.200	-0.461167
9.750000	0.200	-0.469132
9.753333	0.200	-0.477539
9.756667	0.200	-0.485002
9.760000	0.200	-0.490175
9.763333	0.200	-0.492567
9.766667	0.200	-0.492981
9.770000	0.200	-0.493185
9.773333	0.200	-0.494665
9.776667	0.200	-0.497555
9.780000	0.200	-0.500884
9.783333	0.200	-0.503609
9.786667	0.200	-0.504964
9.790000	0.200	-0.504309
9.793333	0.200	-0.501456
9.796667	0.200	-0.497046
9.800000	0.200	-0.492189
9.803333	0.200	-0.487932
9.806667	0.200	-0.485017
9.810000	0.200	-0.483534
9.813333	0.200	-0.482742
9.816667	0.200	-0.481756
9.820000	0.200	-0.480522
9.823333	0.200	-0.480063
9.826667	0.200	-0.481838
9.830000	0.200	-0.486755
9.833333	0.200	-0.494361
9.836667	0.200	-0.502703
9.840000	0.200	-0.509268
9.843333	0.200	-0.512382
9.846667	0.200	-0.511982
9.850000	0.200	-0.509427
9.853333	0.200	-0.506604
9.856667	0.200	-0.504838
9.860000	0.200	-0.504424
9.863333	0.200	-0.505007
9.866667	0.200	-0.505986
9.870000	0.200	-0.506653
9.873333	0.200	-0.506637
9.876667	0.200	-0.506253
9.880000	0.200	-0.505974
9.883333	0.200	-0.505822
9.886667	0.200	-0.505558
9.890000	0.200	-0.505075
9.893333	0.200	-0.504432
9.896667	0.200	-0.503931
9.900000	0.200	-0.504152
9.903333	0.200	-0.505285
9.906667	0.200	-0.506683
9.910000	0.200	-0.507454
9.913333	0.200	-0.506806
9.916667	0.200	-0.504017
9.920000	0.200	-0.499082
9.923333	0.200	-0.493271
9.926667	0.200	-0.488605
9.930000	0.200	-0.486782
9.933333	0.200	-0.488421
9.936667	0.200	-0.492811
9.940000	0.200	-0.498175
9.943333	0.200	-0.502455
9.946667	0.200	-0.504648
9.950000	0.200	-0.505363
9.953333	0.200	-0.505655
9.956667	0.200	-0.505941
9.960000	0.200	-0.506263
9.963333	0.200	-0.506729
9.966667	0.200	-0.507361
9.970000	0.200	-0.507778
9.973333	0.200	-0.507396
9.976667	0.200	-0.506072
9.980000	0.200	-0.504294
9.983333	0.200	-0.502851
9.986667	0.200	-0.502535
9.990000	0.200	-0.503489
9.993333	0.200	-0.504655
9.996667	0.200	-0.504389
10.000000	0.200	-0.501748
10.003333	0.200	-0.497538
10.006667	0.200	-0.494173
10.010000	0.200	-0.493847
10.013333	0.200	-0.496941
10.016667	0.200	-0.502299
10.020000	0.200	-0.508276
10.023333	0.200	-0.513544
10.026667	0.200	-0.517616
10.030000	0.200	-0.520569
10.033333	0.200	-0.522230
10.036667	0.200	-0.522132
10.040000	0.200	-0.520137
10.043333	0.200	-0.516697
10.046667	0.200	-0.512641
10.050000	0.200	-0.508707
10.053333	0.200	-0.505389
10.056667	0.200	-0.503234
10.060000	0.200	-0.502787
10.063333	0.200	-0.504145
10.066667	0.200	-0.506626
10.070000	0.200	-0.508846
10.073333	0.200	-0.509422
10.076667	0.200	-0.507614
10.080000	0.200	-0.503291
10.083333	0.200	-0.497141
10.086667	0.200	-0.490904
10.090000	0.200	-0.486515
10.093333	0.200	-0.485043
10.096667	0.200	-0.486464
10.100000	0.200	-0.490011
10.103333	0.200	-0.494821
10.106667	0.200	-0.500143
10.110000	0.200	-0.504800
10.113333	0.200	-0.507293
10.116667	0.200	-0.506756
10.120000	0.200	-0.503282
10.123333	0.200	-0.497801
10.126667	0.200	-0.492114
10.130000	0.200	-0.488092
10.133333	0.200	-0.486428
10.136667	0.200	-0.486429
10.140000	0.200	-0.486879
10.143333	0.200	-0.487155
10.146667	0.200	-0.487442
10.150000	0.200	-0.487791
10.153333	0.200	-0.487663
10.156667	0.200	-0.486601
10.160000	0.200	-0.484772
10.163333	0.200	-0.482820
10.166667	0.200	-0.481601
10.170000	0.200	-0.482042
10.173333	0.200	-0.484485
10.176667	0.200	-0.487981
10.180000	0.200	-0.490852
10.183333	0.200	-0.491887
10.186667	0.200	-0.490870
10.190000	0.200	-0.488440
10.193333	0.200	-0.485519
10.196667	0.200	-0.482783
10.200000	0.200	-0.480763
10.203333	0.200	-0.479923
10.206667	0.200	-0.480135
10.210000	0.200	-0.480169
10.213333	0.200	-0.478347
10.216667	0.200	-0.474080
10.220000	0.200	-0.468463
10.223333	0.200	-0.463197
10.226667	0.200	-0.458979
10.230000	0.200	-0.454900
10.233333	0.200	-0.449583
10.236667	0.200	-0.442990
10.240000	0.200	-0.436768
10.243333	0.200	-0.432893
10.246667	0.200	-0.432192
10.250000	0.200	-0.434185
10.253333	0.200	-0.438146
10.256667	0.200	-0.443612
10.260000	0.200	-0.449972
10.263333	0.200	-0.456407
10.266667	0.200	-0.462075
10.270000	0.200	-0.466198
10.273333	0.200	-0.468166
10.276667	0.200	-0.467613
10.280000	0.200	-0.464843
10.283333	0.200	-0.461127
10.286667	0.200	-0.458064
10.290000	0.200	-0.457062
10.293333	0.200	-0.459190
10.296667	0.200	-0.464588
10.300000	0.200	-0.472078
10.303333	0.200	-0.479476
10.306667	0.200	-0.484367
10.310000	0.200	-0.485451
10.313333	0.200	-0.483365
10.316667	0.200	-0.479819
10.320000	0.200	-0.476347
10.323333	0.200	-0.474091
10.326667	0.200	-0.473822
10.330000	0.200	-0.475535
10.333333	0.200	-0.478646
10.336667	0.200	-0.482780
10.340000	0.200	-0.487541
10.343333	0.200	-0.491693
10.346667	0.200	-0.493530
10.350000	0.200	-0.492275
10.353333	0.200	-0.488991
10.356667	0.200	-0.485795
10.360000	0.200	-0.484153
10.363333	0.200	-0.484232
10.366667	0.200	-0.485565
10.370000	0.200	-0.487974
10.373333	0.200	-0.491912
10.376667	0.200	-0.497774
10.380000	0.200	-0.504848
10.383333	0.200	-0.511352
10.386667	0.200	-0.515467
10.390000	0.200	-0.516390
10.393333	0.200	-0.514999
10.396667	0.200	-0.513613
10.400000	0.200	-0.514646
10.403333	0.200	-0.518996
10.406667	0.200	-0.525431
10.410000	0.200	-0.531493
10.413333	0.200	-0.535191
10.416667	0.200	-0.536107
10.420000	0.200	-0.535019
10.423333	0.200	-0.533018
10.426667	0.200	-0.531109
10.430000	0.200	-0.529886
10.433333	0.200	-0.529302
10.436667	0.200	-0.528777
10.440000	0.200	-0.527734
10.443333	0.200	-0.526368
10.446667	0.200	-0.525471
10.450000	0.200	-0.525662
10.453333	0.200	-0.527331
10.456667	0.200	-0.530483
10.460000	0.200	-0.534195
10.463333	0.200	-0.536962
10.466667	0.200	-0.537699
10.470000	0.200	-0.536521
10.473333	0.200	-0.534714
10.476667	0.200	-0.533837
10.480000	0.200	-0.534792
10.483333	0.200	-0.537472
10.486667	0.200	-0.541070
10.490000	0.200	-0.544996
10.493333	0.200	-0.549342
10.496667	0.200	-0.553977
10.500000	0.200	-0.557525
10.503333	0.200	-0.558165
10.506667	0.200	-0.555619
10.510000	0.200	-0.551520
10.513333	0.200	-0.547813
10.516667	0.200	-0.545494
10.520000	0.200	-0.544673
10.523333	0.200	-0.545095
10.526667	0.200	-0.546356
10.530000	0.200	-0.547952
10.533333	0.200	-0.549327
10.536667	0.200	-0.549799
10.540000	0.200	-0.548708
10.543333	0.200	-0.545832
10.546667	0.200	-0.541656
10.550000	0.200	-0.537338
10.553333	0.200	-0.534087
10.556667	0.200	-0.532289
10.560000	0.200	-0.531361
10.563333	0.200	-0.530402
10.566667	0.200	-0.528848
10.570000	0.200	-0.526832
10.573333	0.200	-0.524906
10.576667	0.200	-0.523124
10.580000	0.200	-0.520847
10.583333	0.200	-0.517555
10.586667	0.200	-0.513406
10.590000	0.200	-0.509131
10.593333	0.200	-0.505400
10.596667	0.200	-0.502165
10.600000	0.200	-0.499004
10.603333	0.200	-0.496088
10.606667	0.200	-0.494155
10.610000	0.200	-0.493416
10.613333	0.200	-0.493125
10.616667	0.200	-0.492118
10.620000	0.200	-0.489275
10.623333	0.200	-0.483965
10.626667	0.200	-0.476504
10.630000	0.200	-0.468031
10.633333	0.200	-0.460030
10.636667	0.200	-0.453872
10.640000	0.200	-0.450280
10.643333	0.200	-0.448830
10.646667	0.200	-0.448095
10.650000	0.200	-0.446533
10.653333	0.200	-0.443249
10.656667	0.200	-0.437990
10.660000	0.200	-0.430850
10.663333	0.200	-0.422164
10.666667	0.200	-0.412326
10.670000	0.200	-0.401337
10.673333	0.200	-0.388791
10.676667	0.200	-0.374444
10.680000	0.200	-0.358506
10.683333	0.200	-0.341269
10.686667	0.200	-0.322774
10.690000	0.200	-0.302912
10.693333	0.200	-0.281905
10.696667	0.200	-0.260725
10.700000	0.200	-0.240544
10.703333	0.200	-0.221952
10.706667	0.200	-0.205290
10.710000	0.200	-0.191027
10.713333	0.200	-0.179431
10.716667	0.200	-0.170383
10.720000	0.200	-0.163528
10.723333	0.200	-0.158502
10.726667	0.200	-0.155189
10.730000	0.200	-0.153393
10.733333	0.200	-0.152186
10.736667	0.200	-0.150191
10.740000	0.200	-0.146751
10.743333	0.200	-0.142308
10.746667	0.200	-0.137501
10.750000	0.200	-0.132758
10.753333	0.200	-0.128528
10.756667	0.200	-0.124910
10.760000	0.200	-0.121424
10.763333	0.200	-0.117720
10.766667	0.200	-0.114291
10.770000	0.200	-0.112033
10.773333	0.200	-0.110646
10.776667	0.200	-0.108206
10.780000	0.200	-0.103309
10.783333	0.200	-0.097087
10.786667	0.200	-0.092160
10.790000	0.200	-0.089808
10.793333	0.200	-0.088959
10.796667	0.200	-0.087876
10.800000	0.200	-0.085999
10.803333	0.200	-0.083993
10.806667	0.200	-0.082608
10.810000	0.200	-0.081878
10.813333	0.200	-0.081265
10.816667	0.200	-0.080160
10.820000	0.200	-0.078264
10.823333	0.200	-0.075835
10.826667	0.200	-0.073473
10.830000	0.200	-0.071643
10.833333	0.200	-0.070370
10.836667	0.200	-0.068943
10.840000	0.200	-0.066236
10.843333	0.200	-0.061910
10.846667	0.200	-0.056765
10.850000	0.200	-0.051700
10.853333	0.200	-0.047077
10.856667	0.200	-0.043122
10.860000	0.200	-0.040162
10.863333	0.200	-0.038198
10.866667	0.200	-0.036744
10.870000	0.200	-0.035393
10.873333	0.200	-0.034200
10.876667	0.200	-0.033390
10.880000	0.200	-0.032836
10.883333	0.200	-0.031803
10.886667	0.200	-0.029640
10.890000	0.200	-0.026696
10.893333	0.200	-0.023911
10.896667	0.200	-0.021834
10.900000	0.200	-0.020393
10.903333	0.200	-0.019172
10.906667	0.200	-0.017682
10.910000	0.200	-0.015480
10.913333	0.200	-0.012263
10.916667	0.200	-0.008082
10.920000	0.200	-0.003345
10.923333	0.200	0.001505
10.926667	0.200	0.006098
10.930000	0.200	0.010130
10.933333	0.200	0.013484
10.936667	0.200	0.016186
10.940000	0.200	0.018246
10.943333	0.200	0.019630
10.946667	0.200	0.020262
10.950000	0.200	0.020130
10.953333	0.200	0.019678
10.956667	0.200	0.019832
10.960000	0.200	0.021263
10.963333	0.200	0.023696
10.966667	0.200	0.026211
10.970000	0.200	0.028240
10.973333	0.200	0.029976
10.976667	0.200	0.031925
10.980000	0.200	0.034587
10.983333	0.200	0.038388
10.986667	0.200	0.043126
10.990000	0.200	0.047734
10.993333	0.200	0.051433
10.996667	0.200	0.054787
11.000000	0.200	0.058827
